,X,Y,Z,azimuth,dis,laser_id,reflectivity
0,-26.825459118068398,28.4465847037817,0.6824938061364091,31668,19553,1,180
1,-27.42309797264524,29.0803402799366,2.09479898458007,31668,20013,3,180
2,-27.451920205207653,29.110904307800208,3.500697563202438,31668,20083,5,180
3,-25.375725814333254,26.909240606851863,-5.858157846826566,31668,18724,6,180
4,-30.034354387346223,31.849401061231948,5.375169260227435,31668,22053,7,180
5,-25.59859089759033,27.145573951249972,-4.581312357286304,31668,18796,8,180
6,-28.042860422462276,29.737556432224885,6.473883901224914,31668,20692,9,180
7,-25.8854261278702,27.449743309107827,-3.3009366008248056,31668,18937,10,180
8,-28.739542292606146,30.476340426318316,8.142583068698674,31668,21337,11,180
9,-26.051463481533567,27.62581469055887,-1.9900224001816962,31668,19012,12,180
10,-28.873349324082206,30.618233731409283,9.716085939220218,31668,21596,13,180
11,-26.490706802576724,28.09160251855576,-0.6739770317950147,31668,19309,14,180
12,-26.978620594743248,28.619007562619398,-10.53859387848444,31669,20359,0,180
13,-26.784830117598826,28.413434000713846,0.6815862810016703,31669,19527,1,180
14,-27.368701696645807,29.03280685106632,2.091030795730578,31669,19977,3,180
15,-27.396272175946983,29.062053704249728,3.4942480382391112,31669,20046,5,180
16,-25.2788888471374,26.81592665385587,-5.836882759581094,31669,18656,6,180
17,-30.11049505240074,31.941310067823785,5.389793581436052,31669,22113,7,180
18,-25.53393945745121,27.08648516220466,-4.570587855066651,31669,18752,8,180
19,-27.97669479131893,29.677767882834594,6.459804799371294,31669,20647,9,180
20,-25.815034676816452,27.38467187566463,-3.29256964952103,31669,18889,10,180
21,-28.70055559933722,30.445641757861242,8.133042618929846,31669,21312,11,180
22,-25.99184104664185,27.57222864185965,-1.9858355236822607,31669,18972,12,180
23,-28.80517871945295,30.55662630042901,9.694940540111894,31669,21549,13,180
24,-26.437794627264804,28.045297635569145,-0.6727553633444049,31669,19274,14,180
25,-26.93488964943399,28.985393341165995,-10.60226336357966,31710,20482,0,222
26,-26.515484561005074,28.534059713457815,0.679910849983691,31710,19479,1,222
27,-29.369774366691825,31.60564136106442,-9.960832686346343,31710,22140,2,222
28,-26.8162756301512,28.85774945439178,2.064548801871648,31710,19724,3,222
29,-27.12928960461441,29.19459260798118,3.4867526443628125,31710,20003,5,222
30,-25.024497236812515,26.929566261994125,-5.822490788797393,31710,18610,6,222
31,-25.290813968256398,27.21615719719763,-4.561813262341481,31710,18716,8,222
32,-27.7017553775161,29.81063914902423,6.445412828587592,31710,20601,9,222
33,-25.56687688529652,27.51323627721108,-3.285945813072208,31710,18851,10,222
34,-28.35900679912441,30.517925914528305,8.097933763780562,31710,21220,11,222
35,-25.759885133059964,27.72093788847906,-1.9832187258701133,31710,18947,12,222
36,-28.520783599090976,30.692018485225162,9.672895336786196,31710,21500,13,222
37,-26.1819821369871,28.175168362269503,-0.6713591708294222,31710,19234,14,222
38,-26.4478990042393,28.471292493991623,0.6783052285914609,31711,19433,1,222
39,-29.06584044136164,31.289519241473666,-9.859604711891603,31711,21915,2,222
40,-26.773177618820736,28.82145651179523,2.0616179883220433,31711,19696,3,222
41,-27.06995352227984,29.14093722182057,3.479780184943,31711,19963,5,222
42,-24.967364085153815,26.87748942017867,-5.810288900524255,31711,18571,6,222
43,-30.18628532034054,32.49568362782776,5.4458534794024205,31711,22343,7,222
44,-25.259042668803957,27.191482840525797,-4.556938488605275,31711,18696,8,222
45,-27.65353033587468,29.769160512824026,6.435401022825017,31711,20569,9,222
46,-25.521394341673542,27.4739056981358,-3.280716468507349,31711,18821,10,222
47,-28.321611731764015,30.488353399529718,8.088774932002488,31711,21196,11,222
48,-25.70203302277937,27.668364120888718,-1.979136521283164,31711,18908,12,222
49,-28.471658533183223,30.649879514337908,9.658048567199499,31711,21467,13,222
50,-26.13487390410164,28.134319444353473,-0.6702771216303105,31711,19203,14,222
51,-26.21753860049644,28.591379545518578,0.6771184649537257,31748,19399,1,4
52,-26.50955879185288,28.909840414528944,2.0556516893103476,31748,19639,3,4
53,-26.838116787149577,29.268147366580678,3.47420221740715,31748,19931,5,4
54,-24.7398753061584,26.979922698532178,-5.797774143321036,31748,18531,6,4
55,-27.16109122444759,29.620365202930614,4.934489714474422,31748,20245,7,4
56,-25.018524532156015,27.28380194142998,-4.54523903163838,31748,18648,8,4
57,-27.404641973423644,29.88596801212941,6.4222605277616385,31748,20527,9,4
58,-25.31382055499598,27.605835248825958,-3.2768816158264515,31748,18799,10,4
59,-28.069736086138285,30.611282409483024,8.073128594381611,31748,21155,11,4
60,-25.463430778018882,27.768991780623967,-1.9745309571337848,31748,18864,12,4
61,-28.199383094017072,30.75266817668594,9.632854049112987,31748,21411,13,4
62,-25.891829708145305,28.236179665603636,-0.668706405050955,31748,19158,14,4
63,-28.70573854830499,31.304871081737264,11.380791051248043,31748,21986,15,4
64,-26.167957410656598,28.547309822493972,0.6759666061288649,31749,19366,1,4
65,-26.462675513810165,28.868825517012656,2.052406860023285,31749,19608,3,4
66,-26.773771137562044,29.208207877519335,3.466532512045356,31749,19887,5,4
67,-24.700461262438854,26.946379855012903,-5.7896395511389445,31749,18505,6,4
68,-27.100925143824966,29.5651087479195,4.9244964283152,31749,20204,7,4
69,-25.068758167340366,27.348164590668556,-4.555232317797603,31749,18689,8,4
70,-27.371394685088955,29.860171051439856,6.415690280229948,31749,20506,9,4
71,-25.25515023731716,27.551504579593963,-3.269909156406639,31749,18759,10,4
72,-28.02724795699382,30.575658556152007,8.062443290640523,31749,21127,11,4
73,-25.401901189358163,27.71159903514954,-1.9701347368093773,31749,18822,12,4
74,-28.11895768342532,30.675707097698094,9.607209628917786,31749,21354,13,4
75,-25.836905589650154,28.1861567239444,-0.667414926974596,31749,19121,14,4
76,-25.934143489632934,28.681752283676765,0.6749543665555026,31788,19337,1,44
77,-26.207960220559517,28.984578696691017,2.047905967786392,31788,19565,3,44
78,-26.515542724853667,29.324748218714532,3.458862806683562,31788,19843,5,44
79,-24.48467571725621,27.078719756032243,-5.782130696817014,31788,18481,6,44
80,-26.848463398914884,29.692940378496314,4.915234358216408,31788,20166,7,44
81,-27.11981559072748,29.993041145283264,6.404426998747051,31788,20470,9,44
82,-25.131170288077556,27.793707592065932,-3.2782761077104148,31788,18807,10,44
83,-27.72894098276799,30.666700701890072,8.036493267269314,31788,21059,11,44
84,-25.169822261401137,27.83645457249293,-1.966785235609829,31788,18790,12,44
85,-27.866374242785614,30.81869441322815,9.592362859331093,31788,21321,13,44
86,-25.594828275128247,28.306488109928498,-0.666123448898237,31788,19084,14,44
87,-10.629377383347563,11.75963838033897,0.2766904516566928,31789,7927,1,44
88,-26.16674065286706,28.94914693234105,2.045079826149273,31789,19538,3,44
89,-26.45965584953369,29.273208884859724,3.45223897023474,31789,19805,5,44
90,-24.411069969434614,27.00678929392724,-5.76586151245283,31789,18429,6,44
91,-26.78338038467622,29.631356246725296,4.904266117309945,31789,20121,7,44
92,-27.117229606287122,30.000704890405256,6.405052736607213,31789,20472,9,44
93,-27.453711409002988,30.372966047272467,7.9582615791649305,31789,20854,11,44
94,-25.1221067236401,27.793433215111754,-1.9634357344102806,31789,18758,12,44
95,-27.798271440854826,30.754164421247182,9.57076755811408,31789,21273,13,44
96,-25.533569336912365,28.248648169347128,-0.6646574467575053,31789,19042,14,44
97,-29.209015735904636,32.314918373111034,11.671703657943276,31789,22548,15,44
98,-25.036354184598075,28.080447148663694,-10.080484168652978,31828,19474,0,84
99,-27.85544711746572,31.24230488261682,-9.663447392503752,31828,21479,2,84
100,-25.913260773269982,29.06397410054971,2.0406836058248654,31828,19496,3,84
101,-26.214706828660432,29.40207205060076,3.446312379727899,31828,19771,5,84
102,-24.181980257365666,27.122192534914667,-5.7552239688300935,31828,18395,6,84
103,-26.536151160515494,29.762599805773934,4.895979001958395,31828,20087,7,84
104,-26.86375463763345,30.130035577655946,6.393476586194235,31828,20435,9,84
105,-27.188847557423205,30.49465554129973,7.941470387571794,31828,20810,11,84
106,-24.90310083340103,27.930991934135182,-1.9611329523355912,31828,18736,12,84
107,-27.54679231910654,30.896121700808415,9.556370690636072,31828,21241,13,84
108,-25.336704523174344,28.41731615707797,-0.6645527323188816,31828,19039,14,84
109,-28.984523215146535,32.50866185512083,11.67015074367266,31828,22545,15,84
110,-24.843787640205036,27.87425958550972,-10.004909007483041,31829,19328,0,84
111,-27.792942821760356,31.183155889050397,-9.643651699721492,31829,21435,2,84
112,-25.849716263461133,29.00289246448982,2.036078041675487,31829,19452,3,84
113,-26.15919981406583,29.350127151564664,3.439688543279077,31829,19733,5,84
114,-24.133873021873793,27.07774881825097,-5.744899294137439,31829,18362,6,84
115,-26.47019929604538,29.69906268495443,4.884767022365121,31829,20041,7,84
116,-24.403143665173115,27.37986538432304,-4.503315977507009,31829,18476,8,84
117,-26.81775106950838,30.0890091976687,6.3837776493617415,31829,20404,9,84
118,-27.128661388819786,30.43784469223214,7.925442431960165,31829,20768,11,84
119,-24.81849171994654,27.8458780416827,-1.9548526375864381,31829,18676,12,84
120,-27.484348448465326,30.8369188420901,9.536574997853812,31829,21197,13,84
121,-27.850286982632582,31.247494952361293,11.215664500472634,31829,21667,15,84
122,-24.541232703677622,27.915040899268863,-9.959356855545,31868,19240,0,124
123,-10.360602940284448,11.784927770795518,0.27389806662672744,31868,7847,1,124
124,-27.554309944601517,31.342341207636927,-9.634653657547737,31868,21415,2,124
125,-25.605547394939833,29.1256723494089,2.032414524738481,31868,19417,3,124
126,-25.903564258055425,29.464659107857138,3.4323674608882735,31868,19691,5,124
127,-23.90726633343744,27.193919944681944,-5.734887488374865,31868,18330,6,124
128,-26.226801313148194,29.832333206465954,4.8772111230740025,31868,20010,7,124
129,-24.166404928127257,27.488683641220355,-4.494053907408218,31868,18438,8,124
130,-26.569281095387566,30.221895427884117,6.373452974669085,31868,20371,9,124
131,-24.440725222203636,27.800716142647797,-3.238533089017482,31868,18579,10,124
132,-26.87418511436735,30.568716154574698,7.911704184293053,31868,20732,11,124
133,-24.61255274136875,27.99616566562124,-1.9535965746366073,31868,18664,12,124
134,-27.200472203076167,30.939859590448037,9.510930577658613,31868,21140,13,124
135,-25.249926166687878,28.721162060493626,-0.6675196414132197,31868,19124,14,124
136,-27.5808250910406,31.372501526241713,11.192888424503613,31868,21623,15,124
137,-24.416484047908746,27.78291954683648,-9.910698875065725,31869,19146,0,124
138,-27.48451789267005,31.27396016139521,-9.612158552113353,31869,21365,2,124
139,-25.55959147464661,29.083633507459716,2.029169695451418,31869,19386,3,124
140,-25.856333580885895,29.421289086683498,3.4267894933524237,31869,19659,5,124
141,-23.866007429832262,27.156545677346315,-5.726127158332611,31869,18302,6,124
142,-26.173108482940474,29.781739493915374,4.868192791662021,31869,19973,7,124
143,-24.119673295799448,27.445185857157487,-4.4862542694302885,31869,18406,8,124
144,-26.489677353819943,30.1419554633162,6.3556194456545,31869,20314,9,124
145,-24.388524013956317,27.75110450859007,-3.2322578755396507,31869,18543,10,124
146,-26.82478516660074,30.52326644092203,7.898729172607449,31869,20698,11,124
147,-24.549654041984933,27.93445042344475,-1.9489910104872283,31869,18620,12,124
148,-27.151333238600234,30.894837499012745,9.49563390596323,31869,21106,13,124
149,-27.503933535007203,31.296052745566826,11.16390069145213,31869,21567,15,124
150,-27.23526758825765,31.41908493856231,-9.599561293070096,31908,21337,2,164
151,-25.31655560158623,29.20562495743629,2.025610850426898,31908,19352,3,164
152,-25.600660756975365,29.53337367441615,3.4194684109616205,31908,19617,5,164
153,-23.6404969266854,27.2720941155573,-5.7164282215001165,31908,18271,6,164
154,-25.913875331271164,29.894703530343037,4.857712028129178,31908,19930,7,164
155,-23.90369714451024,27.575726527939107,-4.480892018320462,31908,18384,8,164
156,-26.233434140908905,30.26335220803045,6.343417557381362,31908,20275,9,164
157,-24.14686373993553,27.856247800261105,-3.225285416119838,31908,18503,10,164
158,-26.55467490974864,30.633941223511844,7.880411509051301,31908,20650,11,164
159,-24.33016231285142,28.06770426614304,-1.9466882284125384,31908,18598,12,164
160,-26.891906901130064,31.022977995296,9.478537625833097,31908,21068,13,164
161,-24.72789755591436,28.526538655941437,-0.6589679622589509,31908,18879,14,164
162,-27.252311395871278,31.43874697556466,11.148371548745978,31908,21537,15,164
163,-25.266987556219696,29.158723249163145,2.022052005402378,31909,19318,3,164
164,-25.551143930891836,29.48664667375481,3.41354182045478,31909,19583,5,164
165,-23.58011101494183,27.212026354126333,-5.702974857506657,31909,18228,6,164
166,-25.852758065887205,29.83471678186712,4.847231264596336,31909,19887,7,164
167,-23.852084527223735,27.525890456765616,-4.472117425595291,31909,18348,8,164
168,-26.181581458822016,30.21418704088012,6.332154275898465,31909,20239,9,164
169,-24.113296787356997,27.82733581053274,-3.221450563438941,31909,18481,10,164
170,-26.49661492272607,30.57774338362832,7.864765171430425,31909,20609,11,164
171,-24.283408788113405,28.02364923097437,-1.94333872721299,31909,18566,12,164
172,-26.823959299277117,30.955506821465303,9.456492422507399,31909,21019,13,164
173,-24.667917428353793,28.467381630918567,-0.657501960118219,31909,18837,14,164
174,-27.17471221784854,31.360284290829387,11.118866177604291,31909,21480,15,164
175,-25.018616068553264,29.272338912988356,2.018074472727914,31948,19280,3,204
176,-25.308420894650396,29.611417024459026,3.40796385291893,31948,19551,5,204
177,-23.36225407953043,27.33435843587431,-5.695153134254645,31948,18203,6,204
178,-25.601361829524944,29.954164453159276,4.838212933184355,31948,19850,7,204
179,-23.726078197276614,27.76004076978932,-4.483816882562186,31948,18396,8,204
180,-25.934245354341122,30.343645603126532,6.322142470135891,31948,20207,9,204
181,-23.892257401287008,27.954474145590517,-3.2172670877870537,31948,18457,10,204
182,-26.24067115897197,30.702170630260778,7.850645305772559,31948,20572,11,204
183,-24.058357982934517,28.14881553147324,-1.9406172574883571,31948,18540,12,204
184,-26.484753681587755,30.987752626689712,9.411052309529936,31948,20918,13,204
185,-24.446292337499663,28.60270738031518,-0.656768959047853,31948,18816,14,204
186,-26.914181101714775,31.490192287862193,11.099713568266704,31948,21443,15,204
187,-24.686803978966594,28.89432046087387,0.6633659686811463,31949,19005,1,204
188,-24.959016696362706,29.21292798482351,2.0136782524035066,31949,19238,3,204
189,-25.251483629700243,29.555241769275472,3.4009913934991167,31949,19511,5,204
190,-23.32283747797605,27.297885166491657,-5.686705673142473,31949,18176,6,204
191,-25.55487016349247,29.91033624559469,4.830413295206426,31949,19818,7,204
192,-23.709627495011404,27.750598069822864,-4.481623234380893,31949,18387,8,204
193,-25.88788766055055,30.300111863664675,6.312130664373316,31949,20175,9,204
194,-23.959854258451166,28.043472445010348,-3.2270285309747915,31949,18513,10,204
195,-26.24168868094364,30.714213262587435,7.852553395726326,31949,20577,11,204
196,-23.99635995508497,28.08620002117141,-1.936011693338978,31949,18496,12,204
197,-26.40086132195154,30.900514628361815,9.383158378791297,31949,20856,13,204
198,-24.386743378117277,28.54311877571408,-0.6553029569071214,31949,18774,14,204
199,-26.86978291317624,31.44935727074734,11.083666787470348,31949,21412,15,204
200,-24.44316714427226,29.006637776648102,0.6621093954176619,31988,18969,1,244
201,-24.72613154728543,29.342430838710925,2.0109567826788735,31988,19212,3,244
202,-24.99066571464559,29.656352791904354,3.3929730651663323,31988,19465,5,244
203,-23.095754551015542,27.407667037807077,-5.676693867379899,31988,18144,6,244
204,-25.311032109851087,30.036530693020325,4.822857395915306,31988,19787,7,244
205,-23.48437047075131,27.868836457935018,-4.474798551150205,31988,18359,8,244
206,-25.60976002049612,30.391030265302057,6.29461000428881,31988,20119,9,244
207,-23.74787278313894,28.181533911731563,-3.2242395472068663,31988,18497,10,244
208,-23.75829629205127,28.193903460472814,-1.9322435044894861,31988,18460,12,244
209,-26.143455467672982,31.024365153041146,9.36651200076985,31988,20819,13,244
210,-24.1429268604083,28.65034347531651,-0.6539765740178878,31988,18736,14,244
211,-26.58413569316963,31.547319138540047,11.054161416328661,31988,21355,15,244
212,-24.399454618639524,28.965021923230303,0.6610622510314249,31989,18939,1,244
213,-24.673400260221918,29.290227614842184,2.007083921916896,31989,19175,3,244
214,-24.944413770051117,29.611952521254544,3.387395097630482,31989,19433,5,244
215,-23.057881745989043,27.37241715909566,-5.668559275197806,31989,18118,6,244
216,-25.262306425630985,29.98932848649725,4.814570280563756,31989,19753,7,244
217,-25.566275880073622,30.350175974670094,6.285223936386396,31989,20089,9,244
218,-23.70957992829796,28.146059538933397,-3.219707448583988,31989,18471,10,244
219,-23.740507681934517,28.18277441949613,-1.9311967853646272,31989,18450,12,244
220,-26.102886584398227,30.98719598425377,9.353914741726594,31989,20791,13,244
221,-24.149520926469076,28.66832123929204,-0.6542907173337589,31989,18745,14,244
222,-26.602276817007663,31.580030916913667,11.063996540042556,31989,21374,15,244
223,-24.153172885936872,29.071982941078,0.6597358681421913,32028,18901,1,28
224,-24.427510397842283,29.402189473523084,2.003315733067404,32028,19139,3,28
225,-24.698986181124823,29.7289514843685,3.3814685071236417,32028,19399,5,28
226,-22.834423103317853,27.484668869965915,-5.6594860762254715,32028,18089,6,28
227,-24.997970221352606,30.08882382736066,4.803114562283672,32028,19706,7,28
228,-23.228348357007388,27.958817268994267,-4.463099094183311,32028,18311,8,28
229,-25.326277335500368,30.48399090818322,6.277089344204303,32028,20063,9,28
230,-23.497076652026323,28.282272263726004,-3.216918464816063,32028,18455,10,28
231,-23.50983549444876,28.2976294530694,-1.9280566279900508,32028,18420,12,28
232,-25.82162267596281,31.08021366350707,9.328720223640081,32028,20735,13,28
233,-24.00877266710661,28.898175519653645,-0.6557916242873653,32028,18788,14,28
234,-26.499045387031785,31.895593969568758,11.111101606251216,32028,21465,15,28
235,-24.113603041449988,29.03466279406678,0.6587934381945779,32029,18874,1,28
236,-24.38409678566636,29.360358404039577,2.0001755756928272,32029,19109,3,28
237,-24.653062987907283,29.68421473408043,3.3758905395877914,32029,19367,5,28
238,-22.78166702862155,27.43090772978742,-5.647597056882415,32029,18051,6,28
239,-24.95086512247459,30.0427917804742,4.795071185618933,32029,19673,7,28
240,-23.137225254374215,27.859027624215464,-4.446524863480211,32029,18243,8,28
241,-25.262901164030662,30.41850756341226,6.262697373420602,32029,20017,9,28
242,-23.466681271341496,28.255718419103253,-3.2134322351061564,32029,18435,10,28
243,-25.563190878815,30.780079850817945,7.777374651547966,32029,20380,11,28
244,-23.474270996343,28.264857041222044,-1.9255445020903894,32029,18396,12,28
245,-25.781336245949525,31.042743923206938,9.316122964596826,32029,20707,13,28
246,-23.965400331223844,28.856215147351094,-0.6547444799011282,32029,18758,14,28
247,-26.465090078648302,31.866036980342955,11.0991959301765,32029,21442,15,28
248,-23.873598676207727,29.147073914896794,0.6576415793697173,32068,18841,1,68
249,-24.21026069254522,29.55810171207202,2.002373685855031,32068,19130,3,68
250,-24.417614927800074,29.811258737265852,3.3713584409649133,32068,19341,5,68
251,-22.560628561086812,27.54407984967366,-5.639149595770243,32068,18024,6,68
252,-24.69296395468953,30.147430026227838,4.7848341607729,32068,19631,7,68
253,-22.98479600346604,28.06194227850142,-4.453837024084519,32068,18273,8,68
254,-25.011455831537763,30.53627405438188,6.251746960867786,32068,19982,9,68
255,-23.215734497043357,28.343893124429023,-3.205413906773372,32068,18389,10,68
256,-25.312034346376308,30.90324781095927,7.764781257853115,32068,20347,11,68
257,-23.250962333687443,28.386902491070945,-1.923032376190728,32068,18372,12,68
258,-25.51634206536567,31.152685370312298,9.296777173923253,32068,20664,13,68
259,-26.19983276213774,31.987153358534517,11.079008044658503,32068,21403,15,68
260,-23.835573377872837,29.111012385866076,0.6567340542349785,32069,18815,1,68
261,-24.169673189999806,29.51905726965195,1.999442872305426,32069,19102,3,68
262,-24.36444751421275,29.75694027228512,3.3647346045160913,32069,19303,5,68
263,-22.532043649595828,27.518977259895756,-5.633205086098713,32069,18005,6,68
264,-24.663807695377145,30.122556731497383,4.780203125723505,32069,19612,7,68
265,-22.964806869533042,28.047522357427777,-4.450912159842796,32069,18261,8,68
266,-24.95106283174905,30.473388981271956,6.237980727944246,32069,19938,9,68
267,-23.23098256742919,28.372609734829183,-3.208202890541297,32069,18405,10,68
268,-25.259377716309388,30.849942055154163,7.750279774204497,32069,20309,11,68
269,-23.223232212818363,28.36314402299193,-1.921148281765982,32069,18354,12,68
270,-25.518311854869626,31.166185125763416,9.29947658657538,32069,20670,13,68
271,-25.90419501989255,31.637474379786894,10.956327817279908,32069,21166,15,68
272,-23.584177747414632,29.19689727890335,0.6551284328427486,32107,18769,1,107
273,-23.941989787776265,29.639863809239085,1.996826074493279,32107,19077,3,107
274,-24.126494928506204,29.868278710916638,3.359156636980241,32107,19271,5,107
275,-22.30310973590205,27.610952178760012,-5.621628935685736,32107,17968,6,107
276,-24.495918067178305,30.325619625990168,4.786540331580572,32107,19638,7,107
277,-22.77828494881062,28.199212750290577,-4.450912159842796,32107,18261,8,107
278,-24.702481458937374,30.581342348035566,6.226404577531269,32107,19901,9,107
279,-23.012251739965365,28.48886051504119,-3.2040194148894097,32107,18381,10,107
280,-25.009807677687657,30.96180810503867,7.736541526537385,32107,20273,11,107
281,-22.989430672143715,28.460608337665334,-1.9173800929164901,32107,18318,12,107
282,-25.296355802283415,31.316550858798735,9.294077761271128,32107,20658,13,107
283,-25.628247563936196,31.727428430044686,10.928375360408836,32107,21112,15,107
284,-23.882862152493736,29.57722366573863,1.9923251822563854,32108,19034,3,107
285,-24.101254553255036,29.84768709859565,3.356367653212316,32108,19255,5,107
286,-22.252373371086772,27.557979445166183,-5.610052785272759,32108,17931,6,107
287,-24.44323492973726,30.271205436553824,4.777278261481781,32108,19600,7,107
288,-22.711007719665577,28.12596541862662,-4.4387252255022815,32108,18211,8,107
289,-24.669841628678487,30.551841692624983,6.219521461069499,32108,19879,9,107
290,-22.97473525447916,28.45257318591136,-3.199487316266531,32108,18355,10,107
291,-24.962468369739145,30.914239068436302,7.723566514851781,32108,20239,11,107
292,-22.93427311249766,28.402463705073583,-1.9131932164170544,32108,18278,12,107
293,-25.26273152688029,31.286093601642538,9.28373001277131,32108,20635,13,107
294,-25.596009256332565,31.698834331119564,10.916987322424324,32108,21090,15,107
295,-23.646148704774482,29.695354947827273,1.9893943687067808,32147,19006,3,147
296,-23.87767330434473,29.986108645151514,3.353578669444391,32147,19239,5,147
297,-22.037206879777802,27.674810326367016,-5.603169668810989,32147,17909,6,147
298,-24.19952383951904,30.390295644120165,4.769966100877472,32147,19570,7,147
299,-22.373121350455694,28.096659125654888,-4.409964060458667,32147,18093,8,147
300,-24.41086102412374,30.65569754059238,6.206693834936201,32147,19838,9,147
301,-22.748265190255967,28.5677730317055,-3.194955217643653,32147,18329,10,147
302,-24.79671464133726,31.140261021272217,7.737686380509645,32147,20276,11,147
303,-22.720507610575165,28.532914451079744,-1.9115184658172804,32147,18262,12,147
304,-25.005489214717525,31.402444734062467,9.26753353685855,32147,20599,13,147
305,-25.32309116562369,31.801296267224686,10.892658332184688,32147,21043,15,147
306,-23.592454654310092,29.63853867847266,1.985312164119831,32148,18967,3,147
307,-22.57331809777991,28.358226023771977,-7.04543134528354,32148,18462,4,147
308,-23.838936811648622,29.94818729540862,3.348872259336017,32148,19212,5,147
309,-22.005311088459955,27.644654758634566,-5.596286552349219,32148,17887,6,147
310,-24.144767714584713,30.332394075862794,4.760216553405061,32148,19530,7,147
311,-22.390470459746222,28.128519667585817,-4.4143513568212525,32148,18111,8,147
312,-24.362451807724742,30.605864492941258,6.1957434223833845,32148,19803,9,147
313,-22.601823549041203,28.394036622208407,-3.175083708297187,32148,18215,10,147
314,-24.76438006458858,31.110795682237985,7.729290784713077,32148,20254,11,147
315,-22.698113171922316,28.515002573141203,-1.910053059042478,32148,18248,12,147
316,-24.94296645097012,31.335148747562236,9.246388137750227,32148,20552,13,147
317,-25.295884001843575,31.77850916237028,10.883340846560998,32148,21025,15,147
318,-9.370195801230082,11.937376032607881,0.26489262490508914,32187,7589,1,187
319,-23.350704029688455,29.748165411007804,1.9819626629202827,32187,18935,3,187
320,-22.37976833187493,28.511219591075093,-7.04543134528354,32187,18462,4,187
321,-23.612391749713005,30.081548488940793,3.3457346525971015,32187,19194,5,187
322,-21.784919575952966,27.75339836379217,-5.588151960167127,32187,17861,6,187
323,-23.905875948222207,30.45543942052335,4.7538793475479935,32187,19504,7,187
324,-22.259773025823602,28.358348816454296,-4.426538291161767,32187,18161,8,187
325,-24.12306922194713,30.732137777228683,6.187921699131372,32187,19778,9,187
326,-22.45969762292958,28.613047346180686,-3.1824047906879906,32187,18257,10,187
327,-24.458703587490007,31.15972688165541,7.699906199425089,32187,20177,11,187
328,-22.459098061192826,28.612283520743286,-1.906284870192986,32187,18212,12,187
329,-24.689391578958585,31.453617143799768,9.231541368163533,32187,20519,13,187
330,-25.237634957662014,32.15206438095474,10.952186712558268,32187,21158,15,187
331,-9.380456523572272,11.954743253799165,0.26524167303383483,32188,7599,1,187
332,-23.317154271490008,29.716100919439633,1.9795552089331072,32188,18912,3,187
333,-22.374791844480576,28.51512516323682,-7.04543134528354,32188,18462,4,187
334,-23.581312787426576,30.052752683497243,3.3420741114017005,32188,19173,5,187
335,-21.73617621265937,27.701253695776742,-5.57688867868423,32188,17825,6,187
336,-23.8625721373939,30.411198278137594,4.746323448256874,32188,19473,7,187
337,-22.18129811836733,28.268530787889315,-4.411913969953149,32188,18101,8,187
338,-24.062831147512334,30.66641454018303,6.173842597277751,32188,19733,9,187
339,-22.435024594765977,28.591887638850107,-3.179615806920065,32188,18241,10,187
340,-24.418118626508214,31.119203866801836,7.6888392776932495,32188,20148,11,187
341,-22.404786771442282,28.553351623733985,-1.9020979936935505,32188,18172,12,187
342,-24.65503004389876,31.421131087687144,9.220743717555028,32188,20495,13,187
343,-25.205786827379303,32.12303252769198,10.940798674573756,32188,21136,15,187
344,-23.09478930090837,29.84885190487552,1.9778804583333331,32227,18896,3,227
345,-21.520523756263948,27.81419298295189,-5.570005562222461,32227,17803,6,227
346,-23.6003542805385,30.502269176133222,4.735355207350411,32227,19428,7,227
347,-21.922770933749142,28.334077198974484,-4.3987520808653935,32227,18047,8,227
348,-23.824524108981972,30.79199738813676,6.16633374295582,32227,19709,9,227
349,-22.19843390261541,28.69035770130511,-3.1736892164132247,32227,18207,10,227
350,-24.158878432764144,31.224133510458355,7.6739561760538795,32227,20109,11,227
351,-22.20013510064033,28.6925564140643,-1.9012606183936636,32227,18164,12,227
352,-24.406000761386593,31.54352667284366,9.207696556403082,32227,20466,13,227
353,-24.986550050432736,32.293857387120305,10.940798674573756,32227,21136,15,227
354,-23.029704797515542,29.77546950632245,1.9727515346215247,32228,18847,3,227
355,-16.970224578178282,21.941071710893265,2.426764501065794,32228,13922,5,227
356,-21.47578705800081,27.766384688472513,-5.559680887529805,32228,17770,6,227
357,-23.56102466823308,30.462421369047153,4.728530524119723,32228,19400,7,227
358,-21.93482817180194,28.359886203420647,-4.4021644224807375,32228,18061,8,227
359,-23.78772744302926,30.755528971480274,6.158199150773728,32228,19683,9,227
360,-22.14954394555937,28.637495622657774,-3.1674140029353928,32228,18171,10,227
361,-24.11138904037682,31.173996168820533,7.660599546377521,32228,20074,11,227
362,-22.14869364672185,28.636396257844787,-1.8972830857191998,32228,18126,12,227
363,-24.35042069757605,31.4830439782718,9.188800667838198,32228,20424,13,227
364,-25.590780440416967,33.08672470386295,11.20789992911956,32228,21652,15,227
365,-22.79743012211117,29.893421558927937,1.9702394087218633,32267,18823,3,11
366,-23.095846929013426,30.284724410223713,3.332138356728467,32267,19116,5,11
367,-21.252750639963146,27.867940849657483,-5.550920557487553,32267,17742,6,11
368,-23.317016241680925,30.57473549761621,4.721218363515414,32267,19370,7,11
369,-23.571842356735136,30.90887949721339,6.156634806123327,32267,19678,9,11
370,-21.88402780002198,28.695711092403332,-3.1573039367766644,32267,18113,10,11
371,-23.861731117406357,31.288999838915196,7.648769388664174,32267,20043,11,11
372,-21.929037336819043,28.75473042267169,-1.895189647469482,32267,18106,12,11
373,-24.085927498713378,31.582980208741912,9.169904779273313,32267,20382,13,11
374,-25.339202499131137,33.22635306770362,11.196511891135046,32267,21630,15,11
375,-22.75709714877673,29.851338028394125,1.9672039232597727,32268,18794,3,11
376,-23.03137291268509,30.211115836956346,3.3235970939391963,32268,19067,5,11
377,-21.22273676346313,27.83865995175132,-5.544350309955862,32268,17721,6,11
378,-23.276778261335433,30.533023238794332,4.714149941597915,32268,19341,7,11
379,-23.54010009720847,30.87843236903245,6.149751689661556,32268,19656,9,11
380,-21.888682464507603,28.712205909764826,-3.1586984286606272,32268,18121,10,11
381,-23.825323177822696,31.25257018358991,7.638847320904595,32268,20017,11,11
382,-21.894957467499246,28.720437066586282,-1.8926775215698206,32268,18082,12,11
383,-24.043789758411272,31.539140992793822,9.155957813903992,32268,20351,13,11
384,-25.268986138236045,33.14627704561329,11.16804179617377,32268,21575,15,11
385,-22.514205074337156,29.942546601946244,1.9633310624977949,32306,18757,3,50
386,-22.810144628152578,30.336128513997757,3.320633798685776,32306,19050,5,50
387,-21.007959408220515,27.939329925951526,-5.536528586703851,32306,17696,6,50
388,-23.039168205855745,30.64071617879335,4.7070815196804165,32306,19312,7,50
389,-21.42742854936698,28.497198803195293,-4.377790553799708,32306,17961,8,50
390,-23.313421499696794,31.0054566617222,6.144120048920108,32306,19638,9,50
391,-23.58566922344685,31.367529856345076,7.628543635154262,32306,19990,11,50
392,-21.691993074767872,28.849053803399922,-1.8916308024449615,32306,18072,12,50
393,-23.795439013706247,31.64651113504374,9.141111044317299,32306,20318,13,50
394,-25.088071602805602,33.36563519074578,11.185641491240743,32306,21609,15,50
395,-22.47897799979945,29.906561882917774,1.9607142646856475,32307,18732,3,50
396,-22.78689305300249,30.31621932345536,3.3180191264033465,32307,19035,5,50
397,-20.972223795551244,27.901940593991846,-5.5283939945217595,32307,17670,6,50
398,-23.00042386462118,30.60030574551783,4.700256836449728,32307,19284,7,50
399,-23.303262139323888,31.00320892034159,6.142868573199786,32307,19634,9,50
400,-23.525932620059297,31.299454973506105,7.610989207579618,32307,19944,11,50
401,-21.634156276979738,28.78259116086064,-1.8870252382955826,32307,18028,12,50
402,-23.75713068697603,31.607046328216175,9.128513785274041,32307,20290,13,50
403,-25.171624147287524,33.488921749962024,11.22549962418653,32307,21686,15,50
404,-24.150570049212497,32.590014239133524,-9.3647123923351,32346,20815,2,90
405,-22.240406375449258,30.012341695580066,1.9576787792235568,32346,18703,3,90
406,-22.56696220375829,30.453012829751096,3.316101700062898,32346,19024,5,90
407,-20.746533712519184,27.996433530384152,-5.519007926619345,32346,17640,6,90
408,-22.739599727023492,30.68597873200338,4.689532334230075,32346,19240,7,90
409,-23.072874057381032,31.135716156410222,6.137862670318499,32346,19618,9,90
410,-21.419871557677848,28.905070051872137,-3.1475424935889267,32346,18057,10,90
411,-23.277273932324114,31.411543800283553,7.599540667857027,32346,19914,11,90
412,-21.40444392654048,28.88425121747533,-1.8840944247459779,32346,18000,12,90
413,-23.492709217220977,31.70226319067863,9.109617896709159,32346,20248,13,90
414,-22.19950222436735,29.968076277365718,1.9545386218489804,32347,18673,3,90
415,-22.552159150307773,30.44414324271971,3.3147072081789357,32347,19016,5,90
416,-20.71813049043091,27.968307964136972,-5.512750548017737,32347,17620,6,90
417,-22.70234010267838,30.646879060422403,4.682951389686197,32347,19213,7,90
418,-20.931101471859925,28.25580678063407,-4.317587098157564,32347,17714,8,90
419,-23.025109606334734,31.082599690904097,6.126599388835602,32347,19582,9,90
420,-21.263023843388094,28.703883266655538,-3.125230623445527,32347,17929,10,90
421,-23.246081707900586,31.38089956844038,7.591145072060458,32347,19892,11,90
422,-21.373247522608914,28.852679018608733,-1.8817916426712884,32347,17978,12,90
423,-23.44889659249267,31.654688226862152,9.094771127122462,32347,20215,13,90
424,-23.902285747247646,32.26673802129914,10.759625343001993,32347,20786,15,90
425,-23.285614369802467,31.885764663124103,-10.579487287610638,32386,20438,0,130
426,-21.657417159008816,29.656220178532443,0.6409919836285488,32386,18364,1,130
427,-21.95377665626481,30.062035075022397,1.9508751049119744,32386,18638,3,130
428,-22.256284183925068,30.47626867361309,3.3016338467667863,32386,18941,5,130
429,-20.509802788395167,28.084753728720383,-5.508057514066529,32386,17605,6,130
430,-22.500233472836054,30.810316532193095,4.684413821807059,32386,19219,7,130
431,-20.713701588786527,28.36395912399669,-4.312468585734549,32386,17693,8,130
432,-20.93554803363038,28.667740824548048,-3.105707737070051,32386,17817,10,130
433,-22.99952204401465,31.494008945318086,7.580459768319372,32386,19864,11,130
434,-21.157513483197153,28.971685482216564,-1.8801168920715141,32386,17962,12,130
435,-23.198409722962797,31.766352445670805,9.08127406386183,32386,20185,13,130
436,-23.280048899391655,31.88982828384653,-10.579487287610638,32387,20438,0,130
437,-21.613331892860387,29.60670081423723,0.6398401248036881,32387,18331,1,130
438,-21.92262181040134,30.03037700164265,1.9485723228372847,32387,18616,3,130
439,-22.28033351562301,30.520383053775088,3.3059916339041697,32387,18966,5,130
440,-20.62486695201589,28.25266683585683,-5.540283013864817,32387,17708,6,130
441,-15.13975538164949,20.738968438887603,3.1527599138911655,32387,12935,7,130
442,-20.7028985845084,28.359557305531034,-4.311249892300497,32387,17688,8,130
443,-20.90000071583091,28.62955472475549,-3.101175638447173,32387,17791,10,130
444,-22.947722042541965,31.434595288209483,7.565195048689249,32387,19824,11,130
445,-21.133614686799657,28.9495673437623,-1.87844214147174,32387,17946,12,130
446,-23.158394649226494,31.723182021008636,9.067777000601199,32387,20155,13,130
447,-21.50603751708982,29.459725211482578,-0.6366637868321026,32387,18240,14,130
448,-23.5260852318248,32.226857489703804,10.691297115094926,32387,20654,15,130
449,-23.10306685379645,32.10399991489083,-10.59812225885802,32426,20474,0,170
450,-21.378601266668426,29.7076841611106,0.6388627900432002,32426,18303,1,170
451,-21.708372315630772,30.165933699789527,1.9477349475373975,32426,18608,3,170
452,-22.05112544370033,30.64222312335432,3.302854027165254,32426,18948,5,170
453,-20.625924838726142,28.661765706581754,-5.592844994118335,32426,17876,6,170
454,-22.180234570035708,30.82163304356591,4.662477339994132,32426,19129,7,170
455,-20.869990173353163,29.000918665436917,-4.387052623898499,32426,17999,8,170
456,-20.748866135514735,28.832604816671115,-3.107799474895995,32426,17829,10,170
457,-22.68735347944662,31.526325001893174,7.549930329059125,32426,19784,11,170
458,-20.889408570705314,29.0279024520868,-1.8742552649723043,32426,17906,12,170
459,-22.90777873575454,31.832627730207633,9.054279937340567,32426,20125,13,170
460,-21.141489533229446,29.37819391990941,-0.6317771130296632,32426,18100,14,170
461,-23.25878743725957,32.32038909083373,10.669556315306316,32426,20612,15,170
462,-21.338383328279406,29.662715724248226,0.6378156456569632,32427,18273,1,170
463,-21.654121089705875,30.101626175734577,1.94333872721299,32427,18566,3,170
464,-22.0271612176231,30.620193261999308,3.3000650433973293,32427,18932,5,170
465,-20.78703380467031,28.896278832947186,-5.63789812004992,32427,18020,6,170
466,-22.140078030018504,30.777160135030133,4.655165179389823,32427,19099,7,170
467,-21.164008827375667,29.42031585869654,-4.449937205095555,32427,18257,8,170
468,-22.654335365119895,31.492034776915766,7.540771497281051,32427,19760,11,170
469,-20.83768864530245,28.966694670670798,-1.8700683884728688,32427,17866,12,170
470,-22.87263458071229,31.795494859871624,9.042582482514685,32427,20099,13,170
471,-21.103664614932704,29.33643072120691,-0.6307997782691752,32427,18072,14,170
472,-23.222686429974114,32.282105693206866,10.65558008687078,32427,20585,15,170
473,-23.06163691470404,32.52294991755799,-10.683014905651646,32466,20638,0,210
474,-21.117476006742894,29.781173690867888,0.6372571686509702,32466,18257,1,210
475,-21.380564885421805,30.152197935885166,1.937163084376323,32466,18507,3,210
476,-21.78826373976057,30.727160132634136,3.2955329447744504,32466,18906,5,210
477,-20.784107029861282,29.311036094855552,-5.691085838163599,32466,18190,6,210
478,-21.895626320760247,30.8785694995315,4.647853018785514,32466,19069,7,210
479,-20.93226009898051,29.519970736612272,-4.443356260551677,32466,18230,8,210
480,-21.171701743528057,29.857646186217167,-3.2022763000344563,32466,18371,10,210
481,-22.40992713185001,31.603868383712925,7.530849429521471,32466,19734,11,210
482,-20.697800858443674,29.18932178199161,-1.8753019840971632,32466,17916,12,210
483,-22.6151019561491,31.893218639278192,9.026386006601927,32466,20063,13,210
484,-20.92431072804836,29.508760040959633,-0.6314280649009174,32466,18090,14,210
485,-22.981181548008685,32.409486772191954,10.645744963156883,32466,20566,15,210
486,-21.109965102578755,29.781596089487973,0.637187359025221,32467,18255,1,210
487,-21.30022800241535,30.0500159000473,1.93035941006474,32467,18442,3,210
488,-21.542097258833188,30.39124112074749,3.2591018443059294,32467,18697,5,210
489,-20.943486557945327,29.546730861158775,-5.736138964095185,32467,18334,6,210
490,-21.890236660237424,30.882390536915427,4.647853018785514,32467,19069,7,210
491,-20.990244760209833,29.61269657388949,-4.456761888326243,32467,18285,8,210
492,-21.12386003869325,29.80119883980235,-3.1958267750711298,32467,18334,10,210
493,-22.374892547060185,31.566135194645103,7.520927361761891,32467,19708,11,210
494,-20.89598335428362,29.479714112550464,-1.8937242406946793,32467,18092,12,210
495,-22.580235094549423,31.855829127325453,9.014688551776045,32467,20037,13,210
496,-22.925252448973815,32.34257401029429,10.622451249097656,32467,20521,15,210
497,-21.090002684584245,30.186876796951033,0.6427721290851517,32506,18415,1,250
498,-21.150097777597654,30.27289305764232,1.935383661864063,32506,18490,3,250
499,-21.297077624148177,30.48327058038671,3.253349565284584,32506,18664,5,250
500,-20.913847542841786,29.934739628432986,-5.783695041467416,32506,18486,6,250
501,-21.549914956099972,30.845165716363983,4.620066808489141,32506,18955,7,250
502,-20.976918008704857,30.025014646933883,-4.497222510336752,32506,18451,8,250
503,-21.058592346423847,30.141918054063265,-3.216918464816063,32506,18455,10,250
504,-22.116785116097496,31.656547295382044,7.506425878113273,32506,19670,11,250
505,-21.092904435851853,30.191030177551344,-1.9301500662397686,32506,18440,12,250
506,-22.357297527364832,32.00080133060659,9.012439041232607,32506,20032,13,250
507,-21.359139292288692,30.572101670547756,-0.650974760110675,32506,18650,14,250
508,-22.669169125193566,32.44719432737021,10.605886830211094,32506,20489,15,250
509,-21.272509829889426,30.459427798349807,0.6484965183965807,32507,18579,1,250
510,-21.51075977879426,30.800570295152458,1.9688786738595467,32507,18810,3,250
511,-21.42751130955038,30.68136946936676,3.274092632058527,32507,18783,5,250
512,-21.085066699458576,30.19103396314598,-5.832502594559967,32507,18642,6,250
513,-21.50929607603274,30.798474465890212,4.612510909198021,32507,18924,7,250
514,-21.16262860070036,30.30209237372701,-4.538170609720882,32507,18619,8,250
515,-21.772746162674476,31.175700235519802,6.022726904048889,32507,19250,9,250
516,-21.24270287468123,30.416748170637188,-3.2458541714082854,32507,18621,10,250
517,-22.05055768562553,31.573489687377876,7.485818506612605,32507,19616,11,250
518,-21.277469242118347,30.466529022413965,-1.9475256037124258,32507,18606,12,250
519,-22.324932785747283,31.966358635078674,9.001641390624101,32507,20008,13,250
520,-21.35609308074157,30.57910798723401,-0.6510445697364241,32507,18652,14,250
521,-22.63585241631973,32.41155452941571,10.59294587795597,32507,20464,15,250
522,-21.257432214015118,30.883544171631417,0.6544303365852571,32546,18749,1,34
523,-21.588242091350192,31.36415638086871,1.9954653396309623,32546,19064,3,34
524,-21.403437316859723,31.09566551336205,3.3026797156797585,32546,18947,5,34
525,-21.06947630700929,30.61047522812532,-5.885690312673646,32546,18812,6,34
526,-21.644692569135437,31.446169617775134,4.687338686048783,32546,19231,7,34
527,-21.144965903819216,30.720149165885356,-4.579118709105011,32546,18787,8,34
528,-21.575717179365668,31.345959748809598,6.027107069070015,32546,19264,9,34
529,-21.231730847647572,30.846204323831735,-3.276184369884471,32546,18795,10,34
530,-21.77502563815137,31.635522078291224,7.4652111351119395,32546,19562,11,34
531,-21.259843528273635,30.887047413681763,-1.965110485010055,32546,18774,12,34
532,-22.037220515514786,32.0164480055201,8.973297557776775,32546,19945,13,34
533,-21.337931317284365,31.00049609633065,-0.6569085782993513,32546,18820,14,34
534,-22.390614153820184,32.529870695932466,10.581557839971458,32546,20442,15,34
535,-22.054232299468566,32.05314014924033,-10.425231136729536,32547,20140,0,34
536,-21.297381802056762,30.953150145682265,0.6558265291002399,32547,18789,1,34
537,-21.52955796570714,31.29058991741161,1.9905457597441254,32547,19017,3,34
538,-21.580966314482325,31.365305690137536,3.33091817633,32547,19109,5,34
539,-21.25896436786522,30.897315084837942,-5.940129506507647,32547,18986,6,34
540,-21.60994799499442,31.407427032408748,-4.681001480191715,32547,19205,8,34
541,-21.807626147084328,31.69472814665036,6.093435282247072,32547,19476,9,34
542,-21.418338277992422,31.128945649351525,-3.305817322418674,32547,18965,10,34
543,-21.811792034548475,31.700782756619148,7.479712618760557,32547,19600,11,34
544,-21.442384596439673,31.16389404405405,-1.9824860224827123,32547,18940,12,34
545,-21.998493676095244,31.972130849870886,8.959800494516143,32547,19915,13,34
546,-21.541084877656434,31.307342879799126,-0.6633310638682718,32547,19004,14,34
547,-22.27652669652875,32.37621797696107,10.53031166904116,32547,20343,15,34
548,-21.215106539941367,31.275755773285137,0.6596660585164422,32585,18899,1,73
549,-21.486372999603915,31.675662487206974,2.005932530879551,32585,19164,3,73
550,-21.54694889605359,31.764964746403315,3.3581107680672693,32585,19265,5,73
551,-21.26205280289962,31.344964940440935,-5.998948865362773,32585,19174,6,73
552,-21.792310626020605,32.12668216357073,4.766553759262128,32585,19556,7,73
553,-21.756622300661864,32.074069684544234,6.1384884081786595,32585,19620,9,73
554,-21.40378723196354,31.55391281349184,-3.3357988979238686,32585,19137,10,73
555,-22.13448039595959,32.631116027122864,7.664415726285052,32585,20084,11,73
556,-21.432556160531643,31.59632457239869,-2.000908279080228,32585,19116,12,73
557,-21.92270764530159,32.31891618892989,9.016038258102109,32585,20040,13,73
558,-21.483396421048617,31.671274352565266,-0.6680083087934637,32585,19138,14,73
559,-22.03745285443152,32.48807598693259,10.518923631056648,32585,20321,15,73
560,-21.6203958088667,31.885219269648214,0.6724412200285337,32586,19265,1,73
561,-21.713990521433004,32.02325041204906,2.0277042886766155,32586,19372,3,73
562,-21.69571098914785,31.996292214788873,3.3821657530656224,32586,19403,5,73
563,-21.416222293698535,31.58410927343242,-6.04400199129436,32586,19318,6,73
564,-21.841292435564007,32.21099209270082,4.778496954915832,32586,19605,7,73
565,-21.841292435564007,32.21099209270082,-4.778496954915832,32586,19605,8,73
566,-21.96166081572461,32.388508370778354,6.197933504893947,32586,19810,9,73
567,-21.574949416874084,31.818196066811904,-3.363340112632129,32586,19295,10,73
568,-22.24888232282067,32.812095469445666,7.706012087277139,32586,20193,11,73
569,-21.635527825970463,31.907535590200848,-2.0203772548026033,32586,19302,12,73
570,-22.144549123994548,32.65822747595082,9.109617896709159,32586,20248,13,73
571,-22.166937867466135,32.6912458351462,-0.6894398638984478,32586,19752,14,73
572,-21.596169817031967,32.32095219967255,0.6785146574687083,32625,19439,1,113
573,-21.677491126349683,32.44265813982494,2.0448704823243014,32625,19536,3,113
574,-21.515053230327695,32.19955264856318,3.3880923435724637,32625,19437,5,113
575,-21.402674340838352,32.03136575495148,-6.101569874429164,32625,19502,6,113
576,-21.828872223948615,32.669215962850124,4.824319828036168,32625,19793,7,113
577,-21.60278629428108,32.330854457652116,-4.774353397240057,32625,19588,8,113
578,-21.799955035709825,32.625938332291874,6.2148284271182925,32625,19864,9,113
579,-21.561543544454036,32.26913032059279,-3.395413425963267,32625,19479,10,113
580,-22.01411652241076,32.9464536474295,7.702195907369608,32625,20183,11,113
581,-21.599817888284342,32.32641192413146,-2.0375434484502892,32625,19466,12,113
582,-22.02567588831308,32.963753461051674,9.15280849914318,32625,20344,13,113
583,-22.15054446278015,33.15063248917491,-0.6959321590931172,32625,19938,14,113
584,-22.577502782245077,33.789620770504094,10.889034865553253,32625,21036,15,113
585,-21.80377917433111,32.64399387678342,0.6852163815406253,32626,19631,1,113
586,-22.432827375470367,33.58578683212422,2.1166754142896202,32626,20222,3,113
587,-21.941016026055088,32.84946096171064,3.4560738229156374,32626,19827,5,113
588,-21.594574771284986,32.33077903464846,-6.157886281843648,32626,19682,6,113
589,-22.04809433857751,33.009775545268404,4.874042520145468,32626,19997,7,113
590,-21.664399942926917,32.4353192823413,-4.789221457135485,32626,19649,8,113
591,-21.91714386907778,32.813720251810665,6.2498697472873035,32626,19976,9,113
592,-21.775022562399048,32.60094030078076,-3.4299271000913394,32626,19677,10,113
593,-22.210097487614483,33.252322021404446,7.77279523565893,32626,20368,11,113
594,-21.816041102067068,32.6623520838965,-2.0584778309474667,32626,19666,12,113
595,-22.06971173541074,33.04214049284073,9.173503996142815,32626,20390,13,113
596,-22.505079104724924,33.693960052395575,10.85694130396054,32626,20974,15,113
597,-21.783353083601178,33.09900397463142,0.6916388671095456,32665,19815,1,153
598,-21.931593003986688,33.32424908245336,3.490238874072719,32665,20023,5,153
599,-21.582513290802893,32.793835294925316,-6.217957116419096,32665,19874,6,153
600,-21.665746475813375,32.9203050588276,-4.838944149244786,32665,19853,8,153
601,-22.134184658002653,33.632079650858806,6.376894532899971,32665,20382,9,153
602,-21.76291371903369,33.06794711178474,-3.46339490530644,32665,19869,10,153
603,-22.194786725018584,33.724162263179004,7.847592361846535,32665,20564,11,153
604,-21.82598724345674,33.16378501275253,-2.080668276394475,32665,19878,12,153
605,-22.281391582336163,33.85575515916594,9.35706405648741,32665,20798,13,153
606,-21.987829675756103,33.40969863722448,-0.6981311623042151,32665,20001,14,153
607,-22.394160410822234,34.02710324721969,10.914916770063506,32665,21086,15,153
608,-22.01277150734359,33.46031233976775,0.6991084970647029,32666,20029,1,153
609,-22.140402281262848,33.65431633231726,3.524403925229801,32666,20219,5,153
610,-21.780897056575483,33.10785369803222,-6.276776475274223,32666,20062,6,153
611,-21.86947611924501,33.24249749346241,-4.885741977112363,32666,20045,8,153
612,-22.341107548111367,33.9593965406294,6.438216843195741,32666,20578,9,153
613,-21.960817436605485,33.381340028914515,-3.495816841608569,32666,20055,10,153
614,-22.396071625970276,34.04294418532343,7.920863016071128,32666,20756,11,153
615,-21.998027101444446,33.43790024020614,-2.0976251262171886,32666,20040,12,153
616,-22.515395176938366,34.224320859476,9.45784212883346,32666,21022,13,153
617,-22.042445721268315,33.50541835770044,-0.7000509270123163,32666,20056,14,153
618,-22.600572744326865,34.35379424306198,11.018444388104514,32666,21286,15,153
619,-22.00203583931955,33.94497931359341,0.7060894596396163,32705,20229,1,193
620,-22.181631134529265,34.222060881191695,2.1372957810493403,32705,20419,3,193
621,-22.121046320615434,34.12858997377014,3.5582203534158925,32705,20413,5,193
622,-21.752729690857937,33.56034708619026,-6.3343443584090275,32705,20246,6,193
623,-22.31572634985278,34.42894443248898,6.49828767777119,32705,20770,9,193
624,-21.934654317130114,33.84102237099306,-3.5282387779106976,32705,20241,10,193
625,-22.746865536776067,35.09411064202839,8.129226439022315,32705,21302,11,193
626,-22.508743546333108,34.72673345481134,9.554121180092634,32705,21236,13,193
627,-22.066207084290628,34.04398340571373,-0.7081488435992158,32705,20288,14,193
628,-22.57636163173879,34.83105536970518,11.121972006145521,32705,21486,15,193
629,-22.180961393948046,34.23411717120827,0.7120232778282928,32706,20399,1,193
630,-22.26797051757111,34.368407136380334,2.1461928936106407,32706,20504,3,193
631,-22.3491000669915,34.49362256106714,3.5958716342828807,32706,20629,5,193
632,-21.976736174483502,33.91891577085903,-6.401298309446247,32706,20460,6,193
633,-22.654756756071826,34.96537338927942,5.11558755877447,32706,20988,7,193
634,-22.394617801516212,34.563874676356974,-5.0568465352531895,32706,20747,8,193
635,-22.539581226068513,34.787611365381515,6.565241628808409,32706,20984,9,193
636,-22.169258552079455,34.21605499380082,-3.5669359276906585,32706,20463,10,193
637,-22.704443747724735,35.042060340035064,8.11625142733671,32706,21268,11,193
638,-22.27556130773174,34.380122769222645,-0.71505999654838,32706,20486,14,193
639,-22.780375039383156,35.159252768687175,11.22549962418653,32706,21686,15,193
640,-22.177669183150766,34.74501972309664,0.71949290778345,32745,20613,1,233
641,-22.248437353235442,34.85588987112949,2.167127276107818,32745,20704,3,233
642,-22.332476608211923,34.98755138828706,3.6314311773239254,32745,20833,5,233
643,-21.957914624030373,34.40073753420552,-6.46387209546234,32745,20660,6,233
644,-22.127858543004372,34.66698304304636,-5.049778113335691,32745,20718,8,233
645,-22.639183901571688,35.468059545794375,6.664421079643916,32745,21301,9,233
646,-22.154528587429354,34.70876611826086,-3.6024954707317027,32745,20667,10,233
647,-22.58581411852135,35.3844468744452,8.159755878282562,32745,21382,11,233
648,-22.60735244577701,35.41819025834729,-2.2020876948781045,32745,21038,12,233
649,-23.825913531629077,37.3272695494161,10.223575517819977,32745,22724,13,233
650,-22.256210387748347,34.86806762683632,-0.7220409591232935,32745,20686,14,233
651,-22.82740337764225,35.76293676460107,11.36836773708312,32745,21962,15,233
652,-22.465808379270893,35.20998652208279,2.1888990339048826,32746,20912,3,233
653,-22.55570992831925,35.35088651895215,3.668733835219923,32746,21047,5,233
654,-22.18566725877615,34.77092976034158,-6.532703260080041,32746,20880,6,233
655,-22.650347824696016,35.49920965069304,5.170428763306787,32746,21213,7,233
656,-22.244599831796172,34.86329301149711,-5.0778080623188755,32746,20833,8,233
657,-22.71055804545409,35.59357532076345,6.6872605115397885,32746,21374,9,233
658,-22.337086617378162,35.008244771916175,-3.6331742921788783,32746,20843,10,233
659,-22.820408646923372,35.76574086815346,8.246764780174265,32746,21610,11,233
660,-22.56034697612322,35.358154024662326,-2.198110162203641,32746,21000,12,233
661,-23.131776200209092,36.253737879857695,9.928439734520827,32746,22068,13,233
662,-22.486759218136722,35.24282214240139,-0.7297200179556982,32746,20906,14,233
663,-22.852334830652904,35.81577781673954,11.383896879789273,32746,21992,15,233
664,-22.82629153582727,36.31778355613497,0.7487431409723372,32785,21451,1,17
665,-22.453065785423604,35.72396252307485,2.211298823176863,32785,21126,3,17
666,-22.51176532694173,35.817356460515526,3.7011557715220516,32785,21233,5,17
667,-22.16501840742001,35.265664585723655,-6.597154259676617,32785,21086,6,17
668,-22.608894555715583,35.97189397275427,5.216739113800743,32785,21403,7,17
669,-22.249738168809856,35.400458008135466,-5.133867960285242,32785,21063,8,17
670,-22.757879565619046,36.20893665374737,6.773612336241997,32785,21650,9,17
671,-22.13008419296636,35.210082484827424,-3.638403636743738,32785,20873,10,17
672,-22.639115483724662,36.019976996690794,8.269661859619452,32785,21670,11,17
673,-22.35953791506872,35.57515495410626,-2.2020876948781045,32785,21038,12,17
674,-22.8989888389733,36.433448639822714,9.934738364042454,32785,22082,13,17
675,-22.437890230033744,35.69981744742259,-0.7360028842731203,32785,21086,14,17
676,-25.44853823611341,40.50560023072732,-12.817754389657237,32786,24762,0,17
677,-22.73910239733714,36.19308043418603,0.7460903751938701,32786,21375,1,17
678,-18.301041177417297,29.129164546142405,-7.942121924664497,32786,17653,2,17
679,-22.59133336769423,35.95788133608206,2.2255342032749432,32786,21262,3,17
680,-23.271843746645935,37.04102729546618,3.827182975535165,32786,21956,5,17
681,-22.655418379609205,36.059883339078276,5.228926048141258,32786,21453,7,17
682,-22.469553762315066,35.76404874868636,-5.186028039262646,32786,21277,8,17
683,-22.961735637302926,36.54743843040794,6.8361861222580895,32786,21850,9,17
684,-22.24477066454993,35.40626889460506,-3.658275146090204,32786,20987,10,17
685,-23.098644871988988,36.76535235051745,8.43986348349533,32786,22116,11,17
686,-23.18705528658672,36.90607229587159,10.06251056290977,32786,22366,13,17
687,-23.40439226439749,37.25200040603962,11.788172228239409,32786,22773,15,17
688,-25.143774065099873,40.63188612087844,-12.803260523131497,32825,24734,0,57
689,-22.561668699179247,36.45925034597217,0.7483940928435915,32825,21441,1,57
690,-22.4511529242382,36.28065884374427,2.2360013945235324,32825,21362,3,57
691,-22.982481495091047,37.13927624651627,3.8210820735428292,32825,21921,5,57
692,-22.82677688162598,36.88766039495684,-6.87060170456694,32825,21960,6,57
693,-22.85443604549643,36.9323571057081,5.332758728722443,32825,21879,7,57
694,-22.45331609296338,36.2841544854516,-5.2391630729872904,32825,21495,8,57
695,-22.52956274111635,36.40736769588012,-3.745779511808853,32825,21489,10,57
696,-23.033814405599557,37.222229305537354,8.508554721830885,32825,22296,11,57
697,-23.16706105503828,37.43755349163468,10.164188439473195,32825,22592,13,57
698,-23.240760195533003,37.55664997556088,11.834242018267659,32825,22862,15,57
699,-25.087900615858253,40.557413194408234,-12.778413894801654,32826,24686,0,57
700,-22.803570114782733,36.86453600140202,0.7566316286819893,32826,21677,1,57
701,-18.13824351211153,29.322510799349143,-7.960118009012008,32826,17693,2,57
702,-22.907123613891187,37.03194188025079,2.2820570360173225,32826,21802,3,57
703,-23.00639481101868,37.19242493628053,3.8261371066221934,32826,21950,5,57
704,-23.961355343850204,38.73622605010981,-7.214131789795287,32826,23058,6,57
705,-23.088176157919932,37.32463368218782,5.388818626688812,32826,22109,7,57
706,-23.49164710309124,37.976889846855,7.072715033398919,32826,22606,9,57
707,-22.726544814911982,36.74001594047247,-3.779595939994944,32826,21683,10,57
708,-23.266927241294606,37.61360491411275,8.597090095685601,32826,22528,11,57
709,-23.48242841171235,37.96198679533665,10.305457701601142,32826,22906,13,57
710,-23.307377166170834,37.678996767421154,11.871511960762422,32826,22934,15,57
711,-24.738890679344134,40.60845383343293,-12.741143952306892,32865,24614,0,97
712,-22.79764232289801,37.42192880756383,0.7648691645203872,32865,21913,1,97
713,-22.90806762384499,37.603189996421115,2.3075969826638794,32865,22046,3,97
714,-22.98074830696213,37.72249405912952,3.8644856334311632,32865,22170,5,97
715,-22.85851486704912,37.521850017893115,-6.9588307428496305,32865,22242,6,97
716,-23.085579194359347,37.894572116564085,5.448290866270524,32865,22353,7,97
717,-23.216160904893428,38.108919697158775,7.06770913051763,32865,22590,9,97
718,-22.728861891148338,37.3090269388603,-3.822127942455801,32865,21927,10,97
719,-23.339257091799205,38.310979922406,8.719971088708098,32865,22850,11,97
720,-24.381515863462713,40.0218293602479,-2.456021754568868,32865,23464,12,97
721,-23.38367731452437,38.38389493655059,10.376542234773805,32865,23064,13,97
722,-22.873589381245637,37.54659456774966,-0.7674172158602306,32865,21986,14,97
723,-23.227259429578407,38.12713773017937,11.962616264638509,32865,23110,15,97
724,-24.743860222440702,40.632570805452204,-12.747355609389352,32866,24626,0,97
725,-23.177826521831772,38.060943959370704,2.3354397113851255,32866,22312,3,97
726,-24.080029350886672,39.542475943584144,-8.999315457939359,32866,23582,4,97
727,-23.239449932246988,38.16213744997646,3.9091093737179645,32866,22426,5,97
728,-22.835526935884303,37.498844430936025,-6.953824839968342,32866,22226,6,97
729,-23.32675954324258,38.30551095430775,5.506788151104994,32866,22593,7,97
730,-22.913768624936157,37.62732725219988,-5.409292676380876,32866,22193,8,97
731,-23.474584695000654,38.548258686134545,7.148429314478389,32866,22848,9,97
732,-22.956547505086395,37.69757562335363,-3.8615223381777426,32866,22153,10,97
733,-23.514329399212038,38.613524553848514,8.787899091062148,32866,23028,11,97
734,-23.522709921134755,38.627286438507994,-2.3701907863304403,32866,22644,12,97
735,-23.579691698219808,38.72085777585046,10.466522656511351,32866,23264,13,97
736,-23.179057692260397,38.06296569806325,-0.7778886597226007,32866,22286,14,97
737,-17.771504680880437,29.623576696183285,-9.256404329046552,32904,17882,0,136
738,-23.203069965242598,38.67753097135148,-10.412984305577512,32904,23145,2,136
739,-23.179701194054918,38.638577230629764,2.3613983456816254,32904,22560,3,136
740,-23.211331847210932,38.691302821205426,3.947457900526934,32904,22646,5,136
741,-22.82208592749927,38.0424632005142,-7.02641043174701,32904,22458,6,136
742,-23.309117314494113,38.85430282271638,5.563335526444982,32904,22825,7,136
743,-22.9067605906426,38.183608614078906,-5.467302483841726,32904,22431,8,136
744,-23.472461517204472,39.12658362300636,7.226646546998505,32904,23098,9,136
745,-22.984814831480403,38.3137183505048,-3.908935062232469,32904,22425,10,136
746,-23.532432905963255,39.22655079328113,8.891699184546988,32904,23300,11,136
747,-23.24443174260215,38.746477512789774,-2.3679926761682366,32904,22623,12,136
748,-23.39655419524009,39.00005261652197,10.499815412554243,32904,23338,13,136
749,-23.129793638865802,38.55538560924419,-0.784799812671765,32904,22484,14,136
750,-24.73496556704123,41.24738700560327,-12.887117893744714,32905,24896,0,136
751,-17.972762609040878,29.970912750440597,-8.068094515097062,32905,17933,2,136
752,-23.378391154305643,38.98519870166795,2.3823327281788034,32905,22760,3,136
753,-18.118740118899357,30.214341059525047,-6.848134844064193,32905,17945,4,136
754,-23.509928954807588,39.204547725965725,3.999402723204538,32905,22944,5,136
755,-23.15736598090688,38.61662285544534,-5.52872463291792,32905,22683,8,136
756,-23.567223902185887,39.300091294101,7.257933440006552,32905,23198,9,136
757,-23.2097019157665,38.70389690293103,-3.94832945795441,32905,22651,10,136
758,-23.798200312201605,39.68526156439149,8.994736042050322,32905,23570,11,136
759,-23.316760949153693,38.882425770116974,-2.3760524134296497,32905,22700,12,136
760,-24.750266545484646,41.91717637165943,-13.043444596986635,32944,25198,0,176
761,-23.416213858402028,39.657818005931844,0.8038927453141531,32944,23031,1,176
762,-22.864120157472417,38.72278932682573,-10.381941060078058,32944,23076,2,176
763,-23.676083162577854,40.09793397141852,2.440425639608471,32944,23315,3,176
764,-23.483626162482413,39.77198782444933,4.0408888567524235,32944,23182,5,176
765,-18.106624999421854,30.665471509224176,-5.6404010714905635,32944,18028,6,176
766,-18.329917021331138,31.043640004806036,-4.426538291161767,32944,18161,8,176
767,-23.223282278272336,39.33106810782076,-3.996090804980127,32944,22925,10,176
768,-23.757107574109654,40.23515732383563,9.082508179923533,32944,23800,11,176
769,-24.068955055699426,40.76330379299925,10.929022024242338,32944,24292,13,176
770,-23.368427741805053,39.57688719761789,-0.8022522191090485,32944,22984,14,176
771,-26.505534401906406,44.90780725500074,-13.972604968904685,32945,26993,0,176
772,-23.592248467232526,39.97188401537613,0.8101756116315753,32945,23211,1,176
773,-22.83953195249703,38.69657118263557,-10.373842822121679,32945,23058,2,176
774,-23.65385658762535,40.076265445834856,2.4388555609211826,32945,23300,3,176
775,-28.82541811143742,48.838340739137614,-11.023417280893746,32945,28886,4,176
776,-23.632641896253638,40.040321810190726,4.067732825518703,32945,23336,5,176
777,-29.11887099845192,49.335532212006875,-9.073511841263471,32945,29001,6,176
778,-24.166624419660828,40.94503793004319,5.837785287793374,32945,23951,7,176
779,-23.94492726357992,40.56942078521222,7.461298244558852,32945,23848,9,176
780,-18.46679915059072,31.287935730580553,-3.1785699380070933,32945,18235,10,176
781,-24.298931351294787,41.16920297022782,9.292398074837733,32945,24350,11,176
782,-24.059859099928563,40.76414754212066,10.928122220024962,32945,24290,13,176
783,-26.17983310495549,45.053776400008815,-13.962252207100583,32984,26973,0,216
784,-22.557003176872815,38.81912360979675,-10.365294682056613,32984,23039,2,216
785,-23.641418750735575,40.6853317171453,2.466070258167513,32984,23560,3,216
786,-28.460756985556994,48.97909685908418,-11.011205505189647,32984,28854,4,216
787,-23.465657675610387,40.38285842991046,4.086209842981205,32984,23442,5,216
788,-28.76650331887164,49.505266253711575,-9.068505938382183,32984,28985,6,216
789,-23.8694105193954,41.07769060366158,5.833397991430789,32984,23933,7,216
790,-23.96596591837545,41.243856115046654,7.55515892358299,32984,24148,9,216
791,-24.08718671890559,41.45246916541332,9.319111334190449,32984,24420,11,216
792,-23.903236926957458,41.135903633385894,10.983910081502241,32984,24414,13,216
793,-26.141889961360025,45.006559515869085,-13.946205426304228,32985,26942,0,216
794,-23.714370642403896,40.82727894870243,0.824137536781402,32985,23611,1,216
795,-22.536524628145166,38.79946853332622,-10.358996052534984,32985,23025,2,216
796,-23.935263778146627,41.207574331903366,2.4974718319132796,32985,23860,3,216
797,-28.428542287038965,48.94331979371762,-11.002046673411574,32985,28830,4,216
798,-23.994988947788624,41.310398741540965,4.1796407992066955,32985,23978,5,216
799,-28.716191709723176,49.43854454146455,-9.055365443318804,32985,28943,6,216
800,-24.344219631717582,41.911643394634076,9.421384955712275,32985,24688,11,216
801,-25.497509648625936,44.57526520900124,-13.759855713830413,33023,26582,0,255
802,-22.251610591029312,38.90071842667209,-10.346398793491726,33023,22997,2,255
803,-28.076995598250523,49.08477503533067,-10.99174298766124,33023,28803,4,255
804,-23.991539596228172,41.94249771886083,4.227402146232412,33023,24252,5,255
805,-28.349421994407457,49.56103640461629,-9.043163555045666,33023,28904,6,255
806,-24.155398775288962,42.22895967001681,9.456493810861561,33023,24780,11,255
807,-25.508907596690626,44.61325596457921,-13.770208475634513,33024,26602,0,255
808,-22.225474950170533,38.8707669714143,-10.337400751317972,33024,22977,2,255
809,-28.040167857177348,49.04024922119017,-10.980676065929401,33024,28774,4,255
810,-28.322141767374934,49.53340143412971,-9.037219045374139,33024,28885,6,255
811,-24.860385146467344,43.47903655667556,9.735456562102069,33024,25511,11,255
812,-25.51731191113686,45.34142695135439,-13.941029045402178,33063,26932,0,39
813,-21.946996631905527,38.997373549870545,-10.331102121796345,33063,22963,2,39
814,-27.67490252314372,49.17522564715434,-10.968464290225302,33063,28742,4,39
815,-27.963979899450493,49.68888401315888,-9.030648797842447,33063,28864,6,39
816,-24.59948541024549,43.71055127804255,9.749576427759933,33063,25548,11,39
817,-26.12032776195643,46.4318776632092,-14.27490561358443,33064,27577,0,39
818,-21.919169888401555,38.963837820583684,-10.321204275405213,33064,22941,2,39
819,-27.641292465866524,49.135566824601376,-10.958542222465722,33064,28716,4,39
820,-27.924314547338337,49.6386710269164,-9.020636992079874,33064,28832,6,39
821,-25.785248798956268,46.59450577959467,-14.269211594592173,33104,27566,0,80
822,-21.65416766231446,39.129552255274874,-10.324803492274716,33104,22949,2,80
823,-27.270973728107954,49.27924306244952,-10.947856918724634,33104,28688,4,80
824,-27.544573410696955,49.77364364361453,-9.009999448457137,33104,28798,6,80
825,-26.025854173782246,47.04866573095783,-14.406903326586715,33105,27832,0,80
826,-27.23956512342213,49.24277165279669,-10.93869808694656,33105,28664,4,80
827,-27.511025339327603,49.73350832073116,-9.001864856275045,33105,28772,6,80
828,-26.074434544095332,47.903438022069864,-14.613958562668731,33144,28232,0,120
829,-26.869023923576478,49.36324199322021,-10.924578221288696,33144,28627,4,120
830,-27.144478193084378,49.86930115645811,-8.992791657302712,33144,28743,6,120
831,-26.309819643371174,48.355980094604526,-14.750615018482863,33145,28496,0,120
832,-26.596635724539464,48.88313204394449,-12.847854517795506,33145,28557,2,120
833,-26.836950770673774,49.32481768621884,-10.915037771519868,33145,28602,4,120
834,-27.112171872925312,49.830658711451555,-8.9849699340507,33145,28718,6,120
835,-10.685503347006396,19.639358769943417,2.745228829544352,33145,11263,7,120
836,-26.21914061721682,48.98056822663194,-12.826259216578494,33184,28509,2,160
837,-26.493176039201828,49.49249998210056,-10.911984827593844,33184,28594,4,160
838,-26.74812137127775,49.968769109838725,-8.976835341868608,33184,28692,6,160
839,-10.551575963554791,19.71163715572025,2.745228829544352,33184,11263,7,160
840,-26.18668762785584,48.94046949034439,-12.814561761752614,33185,28483,2,160
841,-26.8161268650757,50.11683254255476,-11.048604068283451,33185,28952,4,160
842,-25.828841899063473,49.05099395693621,-12.798365285839855,33223,28447,2,199
843,-25.803942563863735,49.02446104756939,-12.790267047883477,33224,28429,2,199
844,-27.169965242183437,52.48341747342302,-15.83558445555263,33263,30592,0,239
845,-25.448146753132967,49.157431673706476,-12.77946939727497,33263,28405,2,239
846,-25.40911631685122,49.10302706176367,-12.76417272557959,33264,28371,2,239
847,-27.997888599936708,54.10582030683167,-9.64887780368144,33264,30840,6,239
848,-27.73261025889758,54.522377683118606,-16.390492488252434,33304,31664,0,24
849,-25.055094136125902,49.25837462190082,-12.758773900275337,33304,28359,2,24
850,-25.027066279974157,49.224530356118976,-12.748876053884205,33305,28337,2,24
851,-24.66005976006494,49.33099155089765,-12.732679577971448,33344,28301,2,64
852,-14.553368106676668,29.12586157223875,-8.724272372315768,33345,16854,0,64
853,-24.63054441805221,49.293457150991074,-12.721881927362942,33345,28277,2,64
854,-28.156515140814673,56.35003226310081,-12.244594851303633,33345,32086,4,64
855,-15.128508882877956,30.772300318661824,-7.916477504469297,33382,17596,2,102
856,-27.76085570761761,56.46725632720361,-12.230856603636521,33382,32050,4,102
857,-27.740609499446716,56.45095665024263,-12.226277187747487,33383,32038,4,102
858,-27.296699312688137,56.56668234215198,-12.208722760172844,33424,31992,4,144
859,-27.58887007740234,57.172144953141355,-10.054355937065719,33424,32136,6,144
860,-27.283414442252695,56.56437245434084,-12.20719628820983,33425,31988,4,144
861,-27.54799628644564,57.11290738977798,-10.043092655582821,33425,32100,6,144
862,-14.643928621317219,30.867845653461522,-7.887683769513282,33462,17532,2,182
863,-26.91757131554921,56.739380409495475,-12.20719628820983,33462,31988,4,182
864,-27.178605383515194,57.28961249056009,-10.043092655582821,33462,32100,6,182
865,-14.628521407697557,30.849271393062594,-7.8822849442090295,33463,17520,2,182
866,-14.405855465281212,30.921632468671092,-7.875536412578714,33502,17505,2,222
867,-14.37989219555471,30.879981560436253,-7.864288859861521,33503,17480,2,222
868,-14.145593624983182,30.953731520328347,-7.857090426122516,33544,17464,2,8
869,-14.132094198927437,30.938474199258792,-7.85259140503564,33545,17454,2,8
870,-13.910010633440091,31.009058254943834,-7.846292775514012,33584,17440,2,48
871,-48.200720292884895,107.45203457279287,-22.891736793314834,33584,59986,4,48
872,-13.906192883988622,31.015041900502293,-7.847192579731387,33585,17442,2,48
873,-48.14662395306478,107.38162283016793,-22.8749456017217,33585,59942,4,48
874,-13.686759137217518,31.06139782486631,-7.836394929122881,33622,17418,2,86
875,-47.436351904555,107.654367487268,-22.867313241906636,33622,59922,4,86
876,-13.660129969248242,31.015633528147564,-7.824247572188313,33623,17391,2,86
877,-47.3384298087838,107.48297373835135,-22.82915144283133,33623,59822,4,86
878,-13.433992852699514,31.08877617898408,-7.81884874688406,33663,17379,2,127
879,-46.58690958737529,107.81083635469115,-22.82915144283133,33663,59822,4,127
880,-12.72084339860433,29.45253088004549,-8.596415764035124,33664,16607,0,127
881,-13.420067051218691,31.071441322960155,-7.813899823688495,33664,17368,2,127
882,-12.9602910316115,30.5918946310906,-8.902339875346303,33704,17198,0,168
883,-13.196740746593967,31.15001826802529,-7.810300606818993,33704,17360,2,168
884,-12.8758568843406,30.407367792072233,-8.847987875874773,33705,17093,0,168
885,-13.183705164487176,31.134376173934438,-7.805801585732116,33705,17350,2,168
886,-31.72344865252828,74.91746603548447,-15.814249536808033,33705,41440,4,168
887,-12.970402421238008,31.190073323236454,-7.798603151993111,33742,17334,2,206
888,-12.840736092560094,30.893470397900092,-8.964456446170908,33743,17318,0,206
889,-8.126821188894278,22.11186824182259,2.06105900449662,33982,11824,5,189
890,-7.958769567321473,22.13056811857152,2.057572774786714,34022,11804,5,230
891,-7.950863436076864,22.120707124915185,2.056526905873742,34023,11798,5,230
892,-7.802656627861295,22.1691935896778,2.0561782829027515,34061,11796,5,13
893,-7.600369500814386,22.085597050175437,2.0434535444615936,34101,11723,5,53
894,-7.596514721215766,22.086923228507395,2.0434535444615936,34102,11723,5,53
895,-7.442135039271238,22.139418232394423,2.0434535444615936,34142,11723,5,93
896,-7.291265558355415,22.189561964337365,2.0434535444615936,34181,11723,5,133
897,-19.403254253580123,70.44307030129634,-19.57810784773508,34460,37822,0,155
898,-18.90230401113887,70.49514175428317,-19.556367047946466,34499,37780,0,195
899,-18.885999999999992,70.4835115517458,-19.552225943224826,34500,37772,0,195
900,-18.42041875242212,70.6665122238422,-19.567755085930976,34539,37802,0,235
901,-18.417824050959307,70.70711552828583,-19.57810784773508,34540,37822,0,235
902,-14.600455826729954,57.70043962135667,-7.308017046633074,34580,29983,8,19
903,-14.210815139001783,57.7690170176761,-7.30460470501773,34618,29969,8,58
904,-14.226320085956862,57.875592652568955,-7.3177665941054855,34619,30023,8,58
905,-13.735296744153095,57.56559991081238,-7.266581469875324,34658,29813,8,98
906,-13.790472120335894,57.84156064088312,-9.417980533282059,34659,30102,6,98
907,-13.418692420536935,58.030318354555234,-9.433623979786082,34698,30152,6,138
908,-13.460987579290821,58.21322749729615,-7.336290734303068,34698,30099,8,138
909,-7.595964651245623,33.926759820722445,0.6068550766372223,34738,17386,1,178
910,-7.55031618116956,33.750502182113564,0.6036787386656367,34739,17295,1,178
911,-12.973875014411883,57.99423315230611,-7.2968050670398,34739,29937,8,178
912,-3.0623171200920445,13.688796358191773,2.2216822725013587,34739,7101,9,178
913,-7.3513028634101225,33.91513956240216,0.6057381226252361,34777,17354,1,217
914,-4.52618086071182,20.881476172035516,1.8693163704517723,34777,10724,5,217
915,-12.50485715843899,57.69099486395378,-7.248057329677741,34777,29737,8,217
916,-2.9781582111430485,13.739693935419826,2.2266881753826464,34777,7117,9,217
917,-8.692765852967236,40.10396151055981,-3.5901193552615354,34777,20596,10,217
918,-7.157452692198015,33.04867451572038,0.5902403857089283,34778,16910,1,217
919,-4.508197771777671,20.816059458469454,1.8633897799449315,34778,10690,5,217
920,-12.457812459686659,57.522446443391736,-7.226608325238435,34778,29649,8,217
921,-2.9878856172159214,13.796201456030445,2.2357613743549796,34778,7146,9,217
922,-8.75745883337092,40.43650988910914,-3.619752307795739,34778,20766,10,217
923,-6.976198577066242,33.30605054452281,0.593975200686507,34817,17017,1,1
924,-4.36640400652369,20.84626332415022,1.8633897799449315,34817,10690,5,1
925,-11.886653728649046,56.74974493889991,-9.183328835721714,34817,29352,6,1
926,-12.070867542759672,57.629226011003794,-7.229533189480159,34817,29661,8,1
927,-2.8999838972082252,13.845220888098334,2.240454408306187,34817,7161,9,1
928,-8.50529753300681,40.60633687547055,-3.629688062468972,34817,20823,10,1
929,-2.9244483506645134,13.962020075271402,2.7728363208119493,34817,7266,11,1
930,-5.716407883799241,27.291506657626265,-0.4867127107229626,34817,13944,14,1
931,-5.86443020222603,28.022574509234165,0.4997322059251761,34818,14317,1,1
932,-2.903232249563363,13.872795689531712,2.2448345733273127,34818,7175,9,1
933,-8.499026493779812,40.611720996781074,-3.6300366854399626,34818,20825,10,1
934,-5.702223429851824,27.24748618726331,-0.4859099000268476,34818,13921,14,1
935,-5.6649646562843055,27.994213400005084,0.4985454422874408,34856,14283,1,40
936,-16.09759391172518,79.5485067486785,-15.776087737732725,34856,41340,4,40
937,-7.004199149888933,34.612227541545415,-5.593157863048414,34856,17877,6,40
938,-2.7423049603872367,13.55148265290784,1.6976399536337043,34856,6965,7,40
939,-2.789220436765638,13.783322026529161,2.2273139132428073,34856,7119,9,40
940,-8.28086700736241,40.92105991941262,-3.6526971785543543,34856,20955,10,40
941,-5.5447879223450665,27.400343298471686,-0.487969283986447,34856,13980,14,40
942,-5.659286096474547,27.991281623425046,0.4984756326616917,34857,14281,1,40
943,-12.055390248826521,59.626924276793005,-11.824815061475235,34857,30986,4,40
944,-2.750561184946674,13.604495591460918,1.7042208981775824,34857,6992,7,40
945,-10.182819833001238,50.3650412449894,-6.309175908084486,34857,25885,8,40
946,-2.7825086737698963,13.762510426118087,2.223872355011922,34857,7108,9,40
947,-8.182913226732985,40.47334323179378,-3.612605536890431,34857,20725,10,40
948,-5.540798137448856,27.40523070224277,-0.48803909361219616,34857,13982,14,40
949,-5.4575208790303105,27.972236450228387,0.49746339308832926,34896,14252,1,80
950,-11.689097412516368,59.91185447755108,-11.865266568495063,34896,31092,4,80
951,-6.7654176788060845,34.67579276210553,-5.595660814489059,34896,17885,6,80
952,-2.673100667082599,13.700836986661834,1.713970445649994,34896,7032,7,80
953,-7.662356391692825,39.27300499717614,-4.913040710035116,34896,20157,8,80
954,-2.6195424895572894,13.426327362459086,2.1666173408071976,34896,6925,9,80
955,-7.987735546212565,40.94071875364988,-3.6493852603299426,34896,20936,10,80
956,-5.356427312368508,27.454086687187385,-0.4882485224894435,34896,13988,14,80
957,-5.4139973703476825,27.774950255925233,0.49393800698799795,34897,14151,1,80
958,-6.757475833799027,34.66727859295795,-5.5940964698386555,34897,17880,6,80
959,-2.669569998089632,13.695458056140184,1.713239229589563,34897,7029,7,80
960,-7.647146380926837,39.23147644905145,-4.9076784589252895,34897,20135,8,80
961,-2.625135746172709,13.467500956749772,2.1731875883388874,34897,6946,9,80
962,-8.000030601638578,41.04184705064265,-3.658275146090204,34897,20987,10,80
963,-5.3485748878143315,27.439319099557256,-0.487969283986447,34897,13980,14,80
964,-5.17532730718987,27.5742591368802,0.4897145246301754,34937,14030,1,121
965,-9.725998657544029,51.82033742590279,-10.248732759664975,34937,26856,4,121
966,-2.590005393631716,13.799606411501927,1.7239637318092162,34937,7073,7,121
967,-7.2972751992496585,38.880044757303885,-4.857224550755558,34937,19928,8,121
968,-2.517933610442611,13.415606345776128,2.161924306855991,34937,6910,9,121
969,-6.799269492522872,36.226659262274026,-3.224762481663352,34937,18500,10,121
970,-5.1915578418667305,27.66073578706001,-0.4912503363966563,34937,14074,14,121
971,-6.207934329571915,33.10788336316921,0.5879715728720815,34938,16845,1,121
972,-9.792935699375057,52.227255590231564,-10.328872537723123,34938,27066,4,121
973,-2.555768658772361,13.630313428865422,1.7027584660567205,34938,6986,7,121
974,-7.196467976912556,38.37988769814081,-4.7945837082453115,34938,19671,8,121
975,-2.53270250202499,13.507298012353887,2.1766291465697725,34938,6957,9,121
976,-6.808001282693696,36.30813414536751,-3.23190925256866,34938,18541,10,121
977,-7.644363503823997,40.768584497530405,-2.173826278506915,34938,20768,12,121
978,-5.17162021055997,27.58105831020205,-0.48981923906879904,34938,14033,14,121
979,-5.157074784021483,28.575959195161907,0.5068527877515878,34977,14521,1,161
980,-9.57249746143904,53.04233665592961,-10.476940318135322,34977,27454,4,161
981,-2.7090636239824133,15.011240832860569,1.334528732952142,34977,7656,5,161
982,-6.2801537130797085,34.799071908041334,-5.600666717370346,34977,17901,6,161
983,-2.4696300645804157,13.684511260386067,1.7073895011061162,34977,7005,7,161
984,-6.865959387252478,38.045090192151136,-4.746810925630495,34977,19475,8,161
985,-2.452631395348877,13.590319630697557,2.187266690192508,34977,6991,9,161
986,-6.532042123656654,36.1948152788148,-3.21779002224354,34977,18460,10,161
987,-7.388677828826039,40.94153468491778,-2.18031593708104,34977,20830,12,161
988,-4.929426210468851,27.31453161826646,-0.4844788026989903,34977,13880,14,161
989,-5.142507591958963,28.523723711614355,0.5059103578039744,34978,14494,1,161
990,-15.538526601955416,86.18687124016658,-20.218600764426586,34978,44940,2,161
991,-9.545822839373905,52.947401321501474,-10.457859418597668,34978,27404,4,161
992,-6.317190018792214,35.03928375556493,-5.639149595770243,34978,18024,6,161
993,-2.4376558623379667,13.520839994489611,1.6869154514140514,34978,6921,7,161
994,-6.814588300031063,37.79818121852117,-4.715856112405587,34978,19348,8,161
995,-2.4625264687102804,13.658788707645316,2.198217102745324,34978,7026,9,161
996,-6.528906393200178,36.21360178249021,-3.2193588256129977,34978,18469,10,161
997,-4.985989257424608,27.655570257248858,-1.4727338086764394,34978,14070,12,161
998,-4.933174110569713,27.362622773995174,-0.4853165182079799,34978,13904,14,161
999,-4.929810285669053,28.392809515954042,0.5030132583353853,35015,14411,1,199
1000,-9.229231580601068,53.15494898625093,-10.486862385894902,35015,27480,4,199
1001,-6.091461903117293,35.08324001669522,-5.6397753336304035,35015,18026,6,199
1002,-2.3445188625593087,13.50305054633019,1.6827718937382763,35015,6904,7,199
1003,-6.5380969960681306,37.65559562116095,-4.692700937158609,35015,19253,8,199
1004,-2.363795407317512,13.61407211343521,2.18851816591283,35015,6995,9,199
1005,-6.736979962698819,38.80104460606983,-3.445440822300423,35015,19766,10,199
1006,-2.3358553727467406,13.45315393738629,2.6541531256877384,35015,6955,11,199
1007,-4.865720198332744,28.023688284881416,-1.490632705711526,35015,14241,12,199
1008,-4.82889473266979,27.81159524857451,-0.4927163385373881,35015,14116,14,199
1009,-4.890338713037956,28.194671467092014,0.49948787223505414,35016,14310,1,199
1010,-6.087364150322673,35.09598054247688,-5.641652547210886,35016,18032,6,199
1011,-2.361838432772374,13.616901114197269,1.6969087375732734,35016,6962,7,199
1012,-6.564431725674439,37.8464574202409,-4.716343589779208,35016,19350,8,199
1013,-2.3583809868097934,13.59696761699997,2.1857023455421056,35016,6986,9,199
1014,-7.4197084982542885,42.77745484829911,-3.7984215804284385,35016,21791,10,199
1015,-2.3405531353628892,13.494183240701147,2.662167103493553,35016,6976,11,199
1016,-6.4080615772647755,36.944923759613935,-1.965110485010055,35016,18774,12,199
1017,-4.788499374359737,27.607528762885625,-0.48908623799843315,35016,14012,14,199
1018,-4.658947361520294,28.021000502609805,0.4958228668832246,35056,14205,1,240
1019,-9.503582851253643,57.15881275049952,-11.263073379086686,35056,29514,4,240
1020,-6.562757110511059,39.47136681796044,-6.337473047709833,35056,20256,6,240
1021,-2.302206431637265,13.846502776749247,1.7234762544355955,35056,7071,7,240
1022,-6.313404739906409,37.97164974458276,-4.72633687593843,35056,19391,8,240
1023,-2.278627110891799,13.704686158704373,2.2004071852558873,35056,7033,9,240
1024,-6.272563380025499,37.72601147547452,-3.345908964082597,35056,19195,10,240
1025,-2.253695750353197,13.554737766508984,2.6709443172808744,35056,6999,11,240
1026,-4.650978093170369,27.97306974591505,-1.486131813474633,35056,14198,12,240
1027,-4.569408985617792,27.482476522517413,-0.4862938529684678,35056,13932,14,240
1028,-4.0695556714493755,24.502565431195546,0.433552680714997,35057,12421,1,240
1029,-6.28853250462981,37.86289993325349,-6.079043311463371,35057,19430,6,240
1030,-2.2318140432017133,13.437626620386029,1.672534868892244,35057,6862,7,240
1031,-6.313607433201932,38.01387466553972,-4.731455388361446,35057,19412,8,240
1032,-2.2865919786520643,13.76744148370746,2.210418991018462,35057,7065,9,240
1033,-6.250962701924396,37.63669426773457,-3.3378906357498126,35057,19149,10,240
1034,-2.2516516325256912,13.557067628115218,2.671325935271627,35057,7000,11,240
1035,-4.63824213823469,27.9265946096144,-1.4836196875749716,35057,14174,12,240
1036,-2.2586324880022324,13.599098965658944,3.182607516857002,35057,7074,13,240
1037,-4.578045358438301,27.564153189766962,-0.48772495029632507,35057,13973,14,240
1038,-4.468108004682594,28.052063570139847,0.4958228668832246,35095,14205,1,23
1039,-2.2261484866916037,13.976398690407144,0.741705171875,35095,7086,3,23
1040,-9.317496754146017,58.497917012738675,-11.51417801700222,35095,30172,4,23
1041,-6.092587848136327,38.25101395119989,-6.1347339810176935,35095,19608,6,23
1042,-2.171995183164317,13.636408718927383,1.6954463054524118,35095,6956,7,23
1043,-6.0448037307185185,37.95101155688833,-4.718537237960501,35095,19359,8,23
1044,-2.173482864020482,13.645748806030356,2.18851816591283,35095,6995,9,23
1045,-6.0181344022138195,37.783573863394196,-3.3473034559665593,35095,19203,10,23
1046,-2.1592183913890013,13.556192355596872,2.6682729913456025,35095,6992,11,23
1047,-4.4167967223253255,27.729916622697438,-1.4715824176390946,35095,14059,12,23
1048,-2.1601145336867003,13.561818593968145,3.1704601599224334,35095,7047,13,23
1049,-4.41746630184881,27.73412043499078,-0.4902031920104193,35095,14044,14,23
1050,-4.565012749106795,28.692696626640714,0.5071320262545843,35096,14529,1,23
1051,-2.2365756187493298,14.057657500271416,0.7459967202869213,35096,7127,3,23
1052,-9.063592096946769,56.96783616567029,-11.21269980430728,35096,29382,4,23
1053,-6.120674143514689,38.470570840082125,-6.169775301186705,35096,19720,6,23
1054,-2.184586615171911,13.73088848788255,1.707145762419306,35096,7004,7,23
1055,-6.171987427330351,38.79309271819245,-4.823101134602116,35096,19788,8,23
1056,-2.1260962415352753,13.363256098101552,2.143152171051163,35096,6850,9,23
1057,-5.963016754536532,37.47963918632416,-3.320285175714786,35096,19048,10,23
1058,-2.161170996909981,13.58371316372902,2.673615643216146,35096,7006,11,23
1059,-4.4471044048402915,27.9516015765885,-1.4833056718375142,35096,14171,12,23
1060,-2.1292714960575774,13.383213679761887,3.1286192638144743,35096,6954,13,23
1061,-4.408541116574949,27.709217865537607,-0.48974942944304994,35096,14031,14,23
1062,-4.905841593163255,32.24800637453135,0.5693673076099374,35135,16312,1,63
1063,-2.150149011148845,14.133766388696527,0.7492415495739839,35135,7158,3,63
1064,-8.677388981913301,57.03985542317453,-11.214989512251798,35135,29388,4,63
1065,-6.30134204000423,41.4211740055661,-6.635950007006594,35135,21210,6,63
1066,-2.1266014838371854,13.978979325879601,1.736150666149731,35135,7123,7,63
1067,-5.79702667579203,38.10611281350614,-4.732674081795498,35135,19417,8,63
1068,-2.0303334041201753,13.346171765866986,2.1381462681698755,35135,6834,9,63
1069,-5.717053974856745,37.58042112114828,-3.3256888317651403,35135,19079,10,63
1070,-2.0846048119064893,13.702918854213017,2.6942230147168127,35135,7060,11,63
1071,-4.195764373809313,27.580392416500846,-1.4620572736028787,35135,13968,12,63
1072,-2.026695838139554,13.322260628765795,3.111073081575653,35135,6915,13,63
1073,-4.149153421976475,27.274000486944246,-0.4815467984175267,35135,13796,14,63
1074,-4.293694640500229,28.25729439669644,0.4988944904161865,35136,14293,1,63
1075,-2.168984969665231,14.274337595348811,0.7566732553604819,35136,7229,3,63
1076,-8.730548760365894,57.45673766349408,-11.296655762272959,35136,29602,4,63
1077,-6.056710884867848,39.8599054844402,-6.385654862942224,35136,20410,6,63
1078,-2.0779388518949755,13.675152704731936,1.6983711696941353,35136,6968,7,63
1079,-5.75906359181914,37.901054683378746,-4.7070815196804165,35136,19312,8,63
1080,-2.0719233414084917,13.635563943770773,2.184450869821784,35136,6982,9,63
1081,-5.711093482727431,37.585357921419885,-3.326037454736131,35136,19081,10,63
1082,-2.0795587902621415,13.68581370398273,2.6907884528000348,35136,7051,11,63
1083,-4.212553461626759,27.723295039244338,-1.4695936513018628,35136,14040,12,63
1084,-2.039300916499615,13.42087204279366,3.1340180891187273,35136,6966,13,63
1085,-4.14018747186554,27.247046202705544,-0.48105813103728273,35136,13782,14,63
1086,-4.088293787065629,28.231167748018226,0.4979171556556986,35176,14265,1,104
1087,-2.004873681542212,13.844387944005762,0.7331220750511572,35176,7004,3,104
1088,-5.517262777191233,38.09872261762734,-6.097189709408038,35176,19488,6,104
1089,-1.9562441174166179,13.50858297160234,1.675947210507588,35176,6876,7,104
1090,-5.549519743212413,38.3214687964042,-4.754366824921614,35176,19506,8,104
1091,-2.0797317508849957,14.361310362740682,2.2983351603710718,35176,7346,9,104
1092,-5.455985415281178,37.67557996366449,-3.330569553359009,35176,19107,10,104
1093,-1.977210923282746,13.653366454486932,2.6816296210219606,35176,7027,11,104
1094,-4.045814479571334,27.9378325529094,-1.4794328110755361,35176,14134,12,104
1095,-1.9494667241958914,13.461782586191207,3.1403167186403556,35176,6980,13,104
1096,-3.8868167080395417,26.839894637127454,-0.473379072204878,35176,13562,14,104
1097,-4.099968998032237,28.3466687386184,0.4999416348024235,35177,14323,1,104
1098,-2.0542056048126227,14.202518562599831,0.7520676912111028,35177,7185,3,104
1099,-5.476680864324885,37.86508100979723,-6.059645437798384,35177,19368,6,104
1100,-1.952465593506651,13.49910095155501,1.6747285170735366,35177,6871,7,104
1101,-5.484010113387405,37.91575451376221,-4.703912916751882,35177,19299,8,104
1102,-1.9861733989579715,13.732152468650131,2.197591364885163,35177,7024,9,104
1103,-4.020533238273515,27.797459910707342,-2.457269011027474,35177,14097,10,104
1104,-3.986616973348255,27.56296713109145,-1.4595451477032175,35177,13944,12,104
1105,-1.9446065606907834,13.444764589513186,3.136267599662166,35177,6971,13,104
1106,-3.9639999081721995,27.406595593966877,-0.48336184868700416,35177,13848,14,104
1107,-3.901499470389143,28.297960787185932,0.49861525191318995,35215,14285,1,143
1108,-1.97360573972719,14.314757250651278,0.7573012868353972,35215,7235,3,143
1109,-7.736418552981777,56.11300744933846,-11.010442269208141,35215,28852,4,143
1110,-4.860126163833684,35.25097482359117,-5.6360209064694375,35215,18014,6,143
1111,-1.855302405215633,13.456691487369893,1.6679038338428485,35215,6843,7,143
1112,-5.2598080755784435,38.14990718324945,-4.728530524119723,35215,19400,8,143
1113,-1.8991022575344345,13.774376139850022,2.2022843988363703,35215,7039,9,143
1114,-3.825745840298506,27.748512230275573,-2.4506451745786526,35215,14059,10,143
1115,-1.9206975632541408,13.931009023971004,2.733529667764381,35215,7163,11,143
1116,-3.8053628291906425,27.600672238643444,-1.460173179178133,35215,13950,12,143
1117,-1.8564600271516405,13.465087833544011,3.138067208096917,35215,6975,13,143
1118,-3.8356778832443217,27.820550318182658,-0.4902031920104193,35215,14044,14,143
1119,-9.887741063222977,71.80939155121332,-19.422816420673566,35216,37522,0,143
1120,-3.9134724032189063,28.421463540633262,0.5007793503114131,35216,14347,1,143
1121,-1.9719246348462731,14.321037262984614,0.7576153025728549,35216,7238,3,143
1122,-7.077472688478926,51.39991068034105,-10.085400259622652,35216,26428,4,143
1123,-5.244145379517987,38.08543190010933,-6.089055117225946,35216,19462,6,143
1124,-1.8472673422103258,13.415717809393351,1.6627853214198323,35216,6822,7,143
1125,-5.243943029792608,38.083962341939554,-4.720243408768172,35216,19366,8,143
1126,-1.9018178033417916,13.811888724230377,2.2082289085078988,35216,7058,9,143
1127,-3.7975299927651927,27.57943562986712,-2.435654386826055,35216,13973,10,143
1128,-3.785561315444731,27.4925135077606,-1.454416223991409,35216,13895,12,143
1129,-1.855173186550635,13.473133741722707,3.1398668165316677,35216,6979,13,143
1130,-3.8068182100315786,27.64689099972662,-0.48713156847745737,35216,13956,14,143
1131,-3.7308143321646017,28.530721302218343,0.502245352452145,35255,14389,1,183
1132,-7.238647276021,55.35623315711692,-12.888795609686088,35255,28648,2,183
1133,-1.8837222912188878,14.40542222597292,0.7613834914223468,35255,7274,3,183
1134,-7.349581659095053,56.20458359338293,-11.018074629023204,35255,28872,4,183
1135,-4.613143107372661,35.27816948406964,-5.635082299679196,35255,18011,6,183
1136,-1.7507595801799676,13.388614174300768,1.6579105476836264,35255,6802,7,183
1137,-3.6026730143750374,27.550783974961462,-3.4116103992836986,35255,13997,8,183
1138,-1.8051986353207772,13.804926907096933,2.2051002192070945,35255,7048,9,183
1139,-3.637099724599658,27.81405595456732,-2.454131404288559,35255,14079,10,183
1140,-1.8455412520240764,14.113439701164666,2.7667304329599,35255,7250,11,183
1141,-3.599893259586714,27.52952630784294,-1.4550442554663243,35255,13901,12,183
1142,-1.784394270568986,13.645829326848636,3.1772086915527495,35255,7062,13,183
1143,-3.604543807474619,27.565090523555455,-0.4852467085822308,35255,13902,14,183
1144,-3.546132918236841,27.155267202801806,0.4780214123171954,35256,13695,1,183
1145,-7.179022710511792,54.97489362464724,-12.799714992165919,35256,28450,2,183
1146,-1.8801735586725359,14.397829001508814,0.7609648037724033,35256,7270,3,183
1147,-5.393990102124169,41.30562668961614,-8.097170527799054,35256,21218,4,183
1148,-1.814187673214467,13.892528046202756,1.2257583660030644,35256,7032,5,183
1149,-4.6077531970550085,35.28485033009023,-5.6360209064694375,35256,18014,6,183
1150,-1.753306662098538,13.426318752149617,1.6625415827330219,35256,6821,7,183
1151,-4.854559393108487,37.17482128032512,-4.60324883909923,35256,18886,8,183
1152,-1.7997197454468215,13.781736811508544,2.201345792046129,35256,7036,9,183
1153,-3.6626880541276723,28.04781295107232,-2.474700159577006,35256,14197,10,183
1154,-1.8463827934644095,14.13906902849854,2.7716914668396897,35256,7263,11,183
1155,-3.600260812968415,27.569763071527404,-1.457137693716042,35256,13921,12,183
1156,-1.7863023468440413,13.678990227377074,3.1848570274004406,35256,7079,13,183
1157,-3.5712497413890114,27.34760461928021,-0.4814071791660284,35256,13792,14,183
1158,-6.75659238250286,54.63383457119968,-14.750615018482863,35295,28496,0,223
1159,-3.3590032533265672,27.160914507970546,0.47770726900132426,35295,13686,1,223
1160,-6.80178690540827,54.99927767449131,-12.794316166861666,35295,28438,2,223
1161,-1.7860499980249525,14.44200783529292,0.7626395543721775,35295,7286,3,223
1162,-5.973903167049402,48.305006265901476,-9.461073226750598,35295,24792,4,223
1163,-1.7215392316533622,13.920373505666364,1.227152857887027,35295,7040,5,223
1164,-1.6621203390371475,13.43991208875377,1.6627853214198323,35295,6822,7,223
1165,-4.583622095911148,37.06318764669081,-4.585455914962079,35295,18813,8,223
1166,-1.7211437424965514,13.917175578672298,2.221056534641198,35295,7099,9,223
1167,-3.4149567286987503,27.613354546396415,-2.4342598949420924,35295,13965,10,223
1168,-3.355891363294208,27.135751752012087,-1.432958481931802,35295,13690,12,223
1169,-1.6886073406070186,13.654086095432474,3.176308887335374,35295,7060,13,223
1170,-3.3712749296868134,27.26014333490307,-0.47945250964505265,35295,13736,14,223
1171,-6.7328505525431135,54.519975761357756,-14.71955673307056,35296,28436,0,223
1172,-3.3638211271611755,27.238900505388287,0.4790685567034324,35296,13725,1,223
1173,-6.808906554141438,55.13584734966743,-12.825809314469806,35296,28508,2,223
1174,-4.219175423342652,34.16522318717912,1.8041250836067597,35296,17236,3,223
1175,-5.2972681449350585,42.89519403548688,-8.401320066429268,35296,22015,4,223
1176,-1.7435288129875766,14.1184106020899,1.2445840064365588,35296,7140,5,223
1177,-4.356466052750542,35.27694870806602,-5.629763527867828,35296,17994,6,223
1178,-1.6570983355753963,13.41853058889478,1.660104195864919,35296,6811,7,223
1179,-4.5844522004473935,37.12309086573842,-4.592768075566388,35296,18843,8,223
1180,-1.7199252439001804,13.92727818284434,2.2226208792916,35296,7104,9,223
1181,-3.4179513719029564,27.677225938018534,-2.4398378624779427,35296,13997,10,223
1182,-3.371227891057961,27.298877566362897,-1.441541578755645,35296,13772,12,223
1183,-1.6759540230956387,13.57121653053937,3.1569630966618014,35296,7017,13,223
1184,-3.4272986988868404,27.752916915653902,-0.48810890323794526,35296,13984,14,223
1185,-6.360696876870754,54.55686603683523,-14.71748618070974,35335,28432,0,7
1186,-3.176945881801132,27.24924866486789,0.47885912782618495,35335,13719,1,7
1187,-7.312671546619162,62.7221277264436,-14.578627929917205,35335,32404,2,7
1188,-3.9037221577679557,33.48294234564249,1.766652538936812,35335,16878,3,7
1189,-5.077694865246147,43.55232200208951,-8.523056205479504,35335,22334,4,7
1190,-1.6522334512074224,14.171509946791778,1.2482445476319604,35335,7161,5,7
1191,-4.360785107433174,37.403255260719455,-5.964220414123842,35335,19063,6,7
1192,-1.5969875102950992,13.697655358878238,1.693252657271119,35335,6947,7,7
1193,-4.161086933043269,35.69040731985821,-4.411913969953149,35335,18101,8,7
1194,-1.6230273481214064,13.92100383333182,2.2198050589208758,35335,7095,9,7
1195,-3.247938876224952,27.858168624631734,-2.453782781317568,35335,14077,10,7
1196,-1.608292893201005,13.794623705685556,2.6995656665873558,35335,7074,11,7
1197,-3.17492558713596,27.231920226249233,-1.43683134269378,35335,13727,12,7
1198,-1.595725851936307,13.68683388327622,3.181257810530939,35335,7071,13,7
1199,-3.240628374511629,27.795465107964226,-0.4884579513666909,35335,13994,14,7
1200,-3.1869884084502798,27.376924779369578,0.4810930358501573,35336,13783,1,7
1201,-6.585162099234782,56.56797714503474,-13.147939224290221,35336,29224,2,7
1202,-2.695582095784707,23.155637490629623,1.2217305625352808,35336,11672,3,7
1203,-5.046030166355191,43.34649851014386,-8.482604698459676,35336,22228,4,7
1204,-1.6428485938896298,14.112427349768677,1.243015203067101,35336,7131,5,7
1205,-4.361337776892828,37.46484171038385,-5.973919350956336,35336,19094,6,7
1206,-1.5879402075371636,13.640752348082994,1.6861842353536205,35336,6918,7,7
1207,-4.15761216812961,35.71479434530605,-4.414838834194873,35336,18113,8,7
1208,-1.6274500712454905,13.980150685371578,2.22919112682329,35336,7125,9,7
1209,-3.2377778906920285,27.813217497356465,-2.449773617151176,35336,14054,10,7
1210,-1.5974857963218225,13.722751035445487,2.6854458009294917,35336,7037,11,7
1211,-3.150080516321403,27.059877944841336,-1.4277248863075076,35336,13640,12,7
1212,-1.6278131332080503,13.98326946673046,3.2500928331601617,35336,7224,13,7
1213,-2.97541658854663,25.55947675113747,-0.44915513206992846,35336,12868,14,7
1214,-3.042148013906486,27.77765522475266,0.4877598551091996,35375,13974,1,47
1215,-2.9540767081296435,26.97348187227945,1.4220726030332698,35375,13586,3,47
1216,-4.186181735137521,38.223752564059616,-7.474369966890014,35375,19586,4,47
1217,-1.5573793866239578,14.220329667728942,1.2515564658563711,35375,7180,5,47
1218,-4.139771904280165,37.799987423539946,-6.022726904048889,35375,19250,6,47
1219,-1.5209877776808367,13.888040258510497,1.7154328777708558,35375,7038,7,47
1220,-3.894964864612349,35.564670301098985,-4.392902352381946,35375,18023,8,47
1221,-1.5406403076500315,14.067486228687804,2.241393015096428,35375,7164,9,47
1222,-3.057712703793584,27.919775393589816,-2.457269011027474,35375,14097,10,47
1223,-1.503614240104792,13.729403619328059,2.6846825649479853,35375,7035,11,47
1224,-2.914286038500045,26.61015586148693,-1.4029176430483523,35375,13403,12,47
1225,-2.828801437863237,25.82960154504337,-0.4535531384921239,35375,12994,14,47
1226,-8.27739114917604,75.70240678006358,-20.405293515882736,35376,39420,0,47
1227,-3.027084230802986,27.684756908047607,0.4861193289040949,35376,13927,1,47
1228,-2.949585991300676,26.975982471052852,1.4221772749457555,35376,13587,3,47
1229,-4.71171188230763,43.091829673944694,-8.42612523582822,35376,22080,4,47
1230,-1.5659419833668247,14.321611106974853,1.2604463516166324,35376,7231,5,47
1231,-4.766999492167171,43.59747270277523,-6.946315985646412,35376,22202,6,47
1232,-1.5064809165434414,13.777798958060231,1.7017835113094795,35376,6982,7,47
1233,-3.436942784248135,31.43319387037259,-3.8825135422011883,35376,15929,8,47
1234,-1.5044755175937017,13.759458212248719,2.1922725930737954,35376,7007,9,47
1235,-3.073412892814545,28.108464227656913,-2.4738286021495295,35376,14192,10,47
1236,-1.5396286789334033,14.080957930140894,2.7533738032835413,35376,7215,11,47
1237,-2.9115954453024706,26.628532928664224,-1.4038596902607252,35376,13412,12,47
1238,-2.8247279861790484,25.834070566309094,-0.45362294811787307,35376,12996,14,47
1239,-2.8153361611436862,27.477942047146808,0.4821401802363943,35415,13813,1,87
1240,-4.917937103284956,47.999522252675035,-11.139576211108196,35415,24760,2,87
1241,-2.7630494172026756,26.967618576836447,1.4207118681709532,35415,13573,3,87
1242,-4.437097956657717,43.306487585136274,-8.46199732695901,35415,22174,4,87
1243,-1.491572690268368,14.557887796124287,1.2803178609630985,35415,7345,5,87
1244,-3.8649071530616994,37.72185227297708,-6.005831981824544,35415,19196,6,87
1245,-1.3997151538825507,13.661349721474686,1.6861842353536205,35415,6918,7,87
1246,-3.2152173330944804,31.380819373222643,-3.873251472102397,35415,15891,8,87
1247,-1.3648783908421158,13.321339683189812,2.12093847701545,35415,6779,9,87
1248,-2.9539028390256887,28.830365674938587,-2.5355348680148717,35415,14546,10,87
1249,-1.4487503024353692,14.139937319220108,2.7629142530523687,35415,7240,11,87
1250,-2.7031999713426895,26.383482434377896,-1.3899383259001021,35415,13279,12,87
1251,-2.5933785067973836,25.311614754788675,-0.4441288390159908,35415,12724,14,87
1252,-4.881557533183806,47.72660651533897,-12.855024332152,35416,24834,0,87
1253,-2.796704307380158,27.34315945489453,0.47976665296092375,35416,13745,1,87
1254,-4.89607608841806,47.86855329526036,-11.10898286771743,35416,24692,2,87
1255,-2.7678941079097634,27.06148438614754,1.42563144805779,35416,13620,3,87
1256,-4.4141577484947545,43.15687534704536,-8.432612741671022,35416,22097,4,87
1257,-1.4580145637059738,14.254894447642373,1.253648203682315,35416,7192,5,87
1258,-3.8760110561383176,37.89545719125533,-6.033364447671624,35416,19284,6,87
1259,-1.4464130812176397,14.141467659992859,1.7454127362485223,35416,7161,7,87
1260,-3.167929446420536,30.972598628589303,-3.8227975639326663,35416,15684,8,87
1261,-1.419837279639135,13.881638124819938,2.2101061220883818,35416,7064,9,87
1262,-3.0009718557479883,29.340267312075927,-2.5803329197871676,35416,14803,10,87
1263,-1.451675990329519,14.192922711091036,2.7732179388027025,35416,7267,11,87
1264,-2.7207464256017553,26.60052518074473,-1.401347564361064,35416,13388,12,87
1265,-2.6540713703504384,25.948648376110892,-0.45529837913585225,35416,13044,14,87
1266,-4.55315334671588,47.63485478651653,-12.821895494378877,35454,24770,0,126
1267,-2.5738179917904165,26.92715069091448,0.4721574037542682,35454,13527,1,126
1268,-4.360806450476847,45.622531507839305,-10.580797792118034,35454,23518,2,126
1269,-4.1502521580588905,43.4197233921756,-8.478406900561392,35454,22217,4,126
1270,-1.4110250945300191,14.762071549061407,1.2974003865416395,35454,7443,5,126
1271,-3.9877316601552795,41.71944235001505,-6.637827220587076,35454,21216,6,126
1272,-1.3728026885278783,14.362190714646614,1.7714927757372236,35454,7268,7,126
1273,-2.831547207446536,29.623500413217858,-3.6538866539731316,35454,14991,8,126
1274,-1.2486096068255805,13.062889118172603,2.078388302524507,35454,6643,9,126
1275,-2.7687789205442597,28.966821842542227,-2.545819245659095,35454,14605,10,126
1276,-1.3496679048465359,14.120155804495148,2.7571899831910724,35454,7225,11,126
1277,-2.555668966143346,26.73727652341284,-1.4076278791102173,35454,13448,12,126
1278,-1.5570010073793874,16.28926399820752,-0.28562608375258197,35454,8183,14,126
1279,-0.5836197769811433,6.105799917125151,1.643500936401007,35454,3175,15,126
1280,-4.307047263066759,45.143286977502186,-12.151036529473144,35455,23474,0,126
1281,-2.5679787269919965,26.915655562640982,0.4719479748770207,35455,13521,1,126
1282,-3.3167963137188083,34.76420821291756,1.8301883898157456,35455,17485,3,126
1283,-4.055035775102408,42.501888769417164,-8.29904644490744,35455,21747,4,126
1284,-1.3543284521999759,14.195070136269411,1.247547301689979,35455,7157,5,126
1285,-3.717038038671746,38.95924623928362,-6.198559242754109,35455,19812,6,126
1286,-1.3663366892485471,14.32093160424679,1.7663742633142074,35455,7247,7,126
1287,-2.8953818872347092,30.347253573398365,-3.7430950133457,35455,15357,8,126
1288,-1.2487686849080932,13.088670652567728,2.0824555986155535,35455,6656,9,126
1289,-2.7675078403555466,29.00697229885988,-2.5493054753690014,35455,14625,10,126
1290,-1.3589506933805287,14.243517052996383,2.781231916608517,35455,7288,11,126
1291,-2.547777597343856,26.703922248080975,-1.4058484565979572,35455,13431,12,126
1292,-1.5632743807315377,16.38508697108926,-0.28730151477056115,35455,8231,14,126
1293,-0.583104549800893,6.1116710409176935,1.6450538506716217,35455,3178,15,126
1294,-2.3954206019444,26.999818585668145,0.473134738514756,35493,13555,1,165
1295,-3.0983388238565746,34.922712985417334,1.8374107517772722,35493,17554,3,165
1296,-3.6809379103410356,41.48943852434277,-8.096407291817549,35493,21216,4,165
1297,-1.3108630948038844,14.775303227175753,1.29774900951263,35493,7445,5,165
1298,-3.737532717322911,42.127342999306876,-6.6985237930226855,35493,21410,6,165
1299,-1.2746604536826822,14.367247647374407,1.771005298363603,35493,7266,7,165
1300,-2.628438972960037,29.62626913027949,-3.6519367444786495,35493,14983,8,165
1301,-1.1647276174674668,13.128147243875548,2.0874615014968407,35493,6672,9,165
1302,-2.307612051108087,26.010090543366744,-2.2845263289016158,35493,13106,10,165
1303,-1.2259383142189741,13.818079402950886,2.696512722661331,35493,7066,11,165
1304,-2.376616854462161,26.78787343902497,-1.4094073016224773,35493,13465,12,165
1305,-1.4609326533584919,16.466801936386467,-0.2885580880340456,35493,8267,14,165
1306,-0.542216439113294,6.11155530612979,1.644018574491212,35493,3176,15,165
1307,-2.385064337811448,26.9364953792362,0.4720177845027698,35494,13523,1,165
1308,-3.740725592822347,42.24709415533407,-9.791669493479755,35494,21764,2,165
1309,-1.1043223887820355,12.472022012584386,0.6561882193740297,35494,6269,3,165
1310,-3.773608106855092,42.61846346108348,-8.316600872482082,35494,21793,4,165
1311,-1.3105687433410562,14.801331913574808,1.3000150588240693,35494,7458,5,165
1312,-3.7465573021415186,42.31295645038354,-6.72793347245025,35494,21504,6,165
1313,-1.2749542040786148,14.399107597413733,1.7749051173525678,35494,7282,7,165
1314,-2.3846300823332514,26.931590974564003,-3.3197209143562176,35494,13620,8,165
1315,-1.1580806541729294,13.079158367080513,2.0796397782448293,35494,6647,9,165
1316,-2.2821609372177925,25.774322547813895,-2.263783262127673,35494,12987,10,165
1317,-1.2216218599487303,13.796781522412882,2.692314924763047,35494,7055,11,165
1318,-2.362429024717798,26.680856151023956,-1.4037550183482392,35494,13411,12,165
1319,-1.458940486754145,16.47701617814404,-0.28873261209841844,35494,8272,14,165
1320,-0.5433647969008246,6.136666046664842,1.6507478696638773,35494,3189,15,165
1321,-3.4365520868917705,42.15999527969039,-11.33420362312959,35534,21896,0,206
1322,-2.1746984190500505,26.67943705309181,0.46723582513895423,35534,13386,1,206
1323,-3.434930650381276,42.14010331998766,-9.761076150088991,35534,21696,2,206
1324,-1.0011610349888325,12.28235261451122,0.6458257000379268,35534,6170,3,206
1325,-4.259290523929797,52.25344003038987,-10.190726825070506,35534,26704,4,206
1326,-1.2347222623856895,15.14770718956041,1.329648011358273,35534,7628,5,206
1327,-2.4602341932668734,30.1824210291188,-4.7962806981334785,35534,15330,6,206
1328,-1.1814952839193875,14.494712820742004,1.785629619572221,35534,7326,7,206
1329,-2.371538104017826,29.09428774624777,-3.5841773895453874,35534,14705,8,206
1330,-1.0636942095872692,13.049516411024097,2.0736952685733003,35534,6628,9,206
1331,-2.1167361071339355,25.968349097782053,-2.2794712958222516,35534,13077,10,206
1332,-1.115543661038234,13.685611128390756,2.6690362273271084,35534,6994,11,206
1333,-2.1694526803566765,26.615081759483797,-1.399463469936318,35534,13370,12,206
1334,-1.3300654382760169,16.317387655286314,-0.2857657030040802,35534,8187,14,206
1335,-0.5030210740997499,6.171117321492861,1.659030079107158,35534,3205,15,206
1336,-3.4357714646134028,42.241465134468775,-11.3559444229182,35535,21938,0,206
1337,-2.1689071561569726,26.66586440929462,0.4669914914488322,35535,13379,1,206
1338,-3.426311907231259,42.125163579647435,-9.757476933219488,35535,21688,2,206
1339,-0.9957790390031128,12.242713460692244,0.6437322617882091,35535,6150,3,206
1340,-3.451512797812779,42.434998663796904,-8.275767747471502,35535,21686,4,206
1341,-1.206235187934815,14.830189423222068,1.3017581736790225,35535,7468,5,206
1342,-2.434628382828497,29.93280286766978,-4.75654634401326,35535,15203,6,206
1343,-1.1725283034525842,14.415776473958013,1.7758800720998091,35535,7286,7,206
1344,-2.365816440990453,29.08678698101246,-3.5832024347981464,35535,14701,8,206
1345,-1.0588543621168205,13.018199865883876,2.068689365692013,35535,6612,9,206
1346,-2.1249638634802395,26.125598828589922,-2.2932419031763818,35535,13156,10,206
1347,-1.106152077137269,13.599706756127846,2.652245035733973,35535,6950,11,206
1348,-2.150235063083145,26.436298334633012,-1.390042997812588,35535,13280,12,206
1349,-0.7894356602930008,9.705802397984979,2.2481608371125867,35535,4997,13,206
1350,-1.3317566550436903,16.373426722651566,-0.2867430377645681,35535,8215,14,206
1351,-0.5064857742984659,6.227044317844472,1.6740415837231042,35535,3234,15,206
1352,-1.988432669107661,26.631803096628712,0.4661537759398426,35573,13355,1,245
1353,-0.9096535828814943,12.183321810093995,0.6402780886761748,35573,6117,3,245
1354,-3.163129052171333,42.36493968108894,-8.257831701906106,35573,21639,4,245
1355,-1.1112638089915785,14.883561012279342,1.3057673378454147,35573,7491,5,245
1356,-2.221640604377847,29.75524192821565,-4.725885188865375,35573,15105,6,245
1357,-1.07659855998884,14.419276704301828,1.7753925947261884,35573,7284,7,245
1358,-2.1254101170564965,28.466391956048913,-3.504962316332042,35573,14380,8,245
1359,-0.969255980327707,12.981598431442645,2.061806249230243,35573,6590,9,245
1360,-1.9384440251091914,25.962286977366727,-2.2777281809672987,35573,13067,10,245
1361,-1.044728653628565,13.99243143864054,2.7274237799123315,35573,7147,11,245
1362,-1.9871997430187034,26.615290068380915,-1.3987307665489166,35573,13363,12,245
1363,-1.0278639465535955,13.766556273199578,3.1871065379438797,35573,7084,13,245
1364,-1.220455454037851,16.34600449143134,-0.2861147511328259,35573,8197,14,245
1365,-0.4644564204427104,6.220634034214584,1.671453393272079,35573,3229,15,245
1366,-1.9772486442428545,26.544406227041648,0.46461796417336165,35574,13311,1,245
1367,-3.7854052420901856,50.818765142454815,-11.764940142184141,35574,26150,2,245
1368,-0.9051533945500266,12.151612531221206,0.6386033380764006,35574,6101,3,245
1369,-3.1342971049966577,42.0776900434446,-8.201733857265403,35574,21492,4,245
1370,-1.1136981121083984,14.951308824093298,1.3116939283522555,35574,7525,5,245
1371,-2.3473358144021232,31.5127971336318,-5.004964274497146,35574,15997,6,245
1372,-1.0394293449724685,13.954256515787074,1.7181140033257691,35574,7049,7,245
1373,-2.132680751360024,28.631069937271736,-3.525192627337296,35574,14463,8,245
1374,-0.9851855134022538,13.226037379208845,2.1006019965602203,35574,6714,9,245
1375,-1.9291767297452456,25.89904458764865,-2.2721502134314484,35574,13035,10,245
1376,-1.040682306963342,13.971077431138127,2.7232259820140476,35574,7136,11,245
1377,-2.083143552348291,27.966036969493025,-1.4696983232143486,35574,14041,12,245
1378,-1.0138806239235052,13.611266962055584,3.151114369248861,35574,7004,13,245
1379,-1.2244354725034818,16.437949104462795,-0.287720372525056,35574,8243,14,245
1380,-0.45016844556942626,6.043475677469248,1.623830688973215,35574,3137,15,245
1381,-1.7838100300241704,26.437853498846668,0.4625236754008876,35614,13251,1,30
1382,-3.434731943510331,50.90617184673224,-11.779337009662148,35614,26182,2,30
1383,-0.816264176413587,12.09785366667477,0.635463180701824,35614,6071,3,30
1384,-2.1098636666797943,31.27029536966111,-6.092149604382323,35614,15964,4,30
1385,-1.0067436149197722,14.920949963370031,1.3083820101278445,35614,7506,5,30
1386,-2.122093355605133,31.451551623803926,-4.992762386224008,35614,15958,6,30
1387,-0.9684452400310062,14.353329640852065,1.7663742633142074,35614,7247,7,30
1388,-1.7024965307016724,25.232705895467824,-3.1052308699631577,35614,12740,8,30
1389,-0.8901674973317935,13.193174994970766,2.094344617958611,35614,6694,9,30
1390,-1.7507359986074855,25.94766318570064,-2.275287820170364,35614,13053,10,30
1391,-0.9420639072972673,13.962331833810097,2.720173038088023,35614,7128,11,30
1392,-1.8078550677083,26.794225070352322,-1.4074185352852453,35614,13446,12,30
1393,-0.6611813075888804,9.799370029315197,2.267506627786159,35614,5040,13,30
1394,-1.1048018199689358,16.374270897670712,-0.28646379926157156,35614,8207,14,30
1395,-0.40094370624568204,5.942387803966056,1.595878232102143,35614,3083,15,30
1396,-1.882045619572793,27.9664742896303,0.48926076206280594,35615,14017,1,30
1397,-1.091079935346745,16.213028336014805,0.851610679985182,35615,8136,3,30
1398,-2.1021649649497474,31.237363129472655,-6.085662098539521,35615,15947,4,30
1399,-1.0124336528830808,15.044374816875179,1.319189322228554,35615,7568,5,30
1400,-2.115277632816838,31.432212332361104,-4.989633696923204,35615,15948,6,30
1401,-0.9631410430033146,14.311905586302448,1.7612557508911912,35615,7226,7,30
1402,-1.689828694048716,25.110204680755942,-3.0901190713809195,35615,12678,8,30
1403,-0.8777845105330971,13.04354033205203,2.070566579272496,35615,6618,9,30
1404,-1.7562406177390442,26.09706033244415,-2.2883611815825127,35615,13128,10,30
1405,-0.9044305401969157,13.439490087873072,2.6182810345569476,35615,6861,11,30
1406,-1.8165890860628082,26.993815368689347,-1.4178857265338343,35615,13546,12,30
1407,-0.6581625106346566,9.780041854798798,2.263007606699282,35615,5030,13,30
1408,-1.1100000811163788,16.49417442765026,-0.2885580880340456,35615,8267,14,30
1409,-0.4004254116070606,5.950167659148158,1.5979487844629632,35615,3087,15,30
1410,-2.2165171184380137,36.44852642843885,-9.784395181055695,35652,18902,0,68
1411,-1.0498307752617324,17.26347359973516,0.3018917265521302,35652,8649,1,68
1412,-0.9881772522665592,16.249639759426483,0.8531807586724702,35652,8151,3,68
1413,-1.903022180463565,31.293398847021507,-6.0940576943360885,35652,15969,4,68
1414,-0.7585248766550562,12.47322377229062,1.093281637026624,35652,6272,5,68
1415,-1.9196887147315047,31.56746423080865,-5.009031570588193,35652,16010,6,68
1416,-0.8711813306528602,14.325752546698096,1.7622307056384325,35652,7230,7,68
1417,-1.5263145111175351,25.098797719090562,-3.087437945826006,35652,12667,8,68
1418,-0.7908973617969397,13.005558654991496,2.0636834628107255,35652,6596,9,68
1419,-1.5885242753291076,26.12177841980824,-2.28958136198098,35652,13135,10,68
1420,-0.8157171285160686,13.413696230688346,2.612175146704898,35652,6845,11,68
1421,-1.637020909993295,26.919259682435996,-1.413384834296941,35652,13503,12,68
1422,-0.6074127916413914,9.988328538023973,2.3102473281114935,35652,5135,13,68
1423,-0.9952089867465537,16.365269978521052,-0.286184560758575,35652,8199,14,68
1424,-0.3603511324177344,5.92563335703061,1.5907018512000923,35652,3073,15,68
1425,-2.2039584816725037,36.34671230661807,-9.756960362274826,35653,18849,0,68
1426,-1.0445180804962824,17.22573201199744,0.30122853510751346,35653,8630,1,68
1427,-1.8700856411178648,30.84062851078183,-7.1331979332439595,35653,15855,2,68
1428,-0.9865499992770382,16.269747954873253,0.8542274777973291,35653,8161,3,68
1429,-1.9032641553168124,31.387793949867167,-6.112375357892236,35653,16017,4,68
1430,-0.747785903147628,12.332155671111295,1.0809055215564567,35653,6201,5,68
1431,-2.2460817624511904,37.041390895441566,-5.8775557204915545,35653,18786,6,68
1432,-1.0276388117901005,16.947366548804084,2.084696988288453,35653,8553,7,68
1433,-1.7797747830055843,29.351261626030038,-3.610501167720899,35653,14813,8,68
1434,-0.7893448203823463,13.01752702500294,2.0655606763912084,35653,6602,9,68
1435,-1.588909379111941,26.20359347243387,-2.296728132886288,35653,13176,10,68
1436,-0.8257340710055896,13.617642514679837,2.6518634177432197,35653,6949,11,68
1437,-1.633410561234082,26.937487362608437,-1.414326881509314,35653,13512,12,68
1438,-0.6021310121669315,9.930079378589797,2.296750264850862,35653,5105,13,68
1439,-0.9956205944568274,16.419336214448546,-0.28712699070618836,35653,8226,14,68
1440,-0.35978461712060555,5.933409399303083,1.5927724035609125,35653,3077,15,68
1441,-1.945978290254515,36.40206382467182,-9.767830762169133,35694,18870,0,110
1442,-0.8656123874658201,16.192409511329195,0.283043127599864,35694,8109,1,110
1443,-1.6474762485890553,30.818193528215566,-7.12509969528758,35694,15837,2,110
1444,-0.863811452660945,16.15872067521039,0.8480518349606618,35694,8102,3,110
1445,-1.954659034491274,36.56444847579289,-7.117557145535875,35694,18651,4,110
1446,-0.6552661708870128,12.25760898476293,1.073933062136644,35694,6161,5,110
1447,-1.5619097755912776,29.217560968789748,-4.6342145923518,35694,14812,6,110
1448,-0.7940150880022029,14.853088575529927,1.8263339802695402,35694,7493,7,110
1449,-1.3367810403240077,25.00623413590151,-3.074763534111871,35694,12615,8,110
1450,-0.694697650661311,12.995226280204353,2.061180511370082,35694,6588,9,110
1451,-1.4147623121472233,26.464975607095678,-2.3186913800586977,35694,13302,10,110
1452,-0.7263815220663247,13.587914448861751,2.6449942939096642,35694,6931,11,110
1453,-1.4399700666056183,26.93651955559016,-1.4136988500343988,35694,13506,12,110
1454,-0.5309540173516789,9.932187899729257,2.296300362742174,35694,5104,13,110
1455,-0.8788490302140952,16.440018190501085,-0.2873713243963103,35694,8233,14,110
1456,-0.320307820324882,5.9917758473466165,1.6077839081768588,35694,3106,15,110
1457,-1.8647946460759013,34.99800707727597,-9.390990232499862,35695,18142,0,110
1458,-0.8627862656980839,16.192560342566004,0.283043127599864,35695,8109,1,110
1459,-1.6398163111465056,30.775669044151716,-7.11520184889645,35695,15815,2,110
1460,-0.870342880263245,16.334381025389323,0.8572629632594199,35695,8190,3,110
1461,-1.980241963612374,37.16469392652036,-7.23433225070632,35695,18957,4,110
1462,-0.6518546861343009,12.233848357882513,1.0718413243107001,35695,6149,5,110
1463,-1.5549184414414436,29.18232671499186,-4.628582951610351,35695,14794,6,110
1464,-0.7929014254629712,14.880978856481436,1.8297463218848844,35695,7507,7,110
1465,-1.3329447168433057,25.016378469268112,-3.0759822275459223,35695,12620,8,110
1466,-0.6863334745581063,12.880937775374937,2.0430341134254153,35695,6530,9,110
1467,-1.3995422940876627,26.266265412386552,-2.301260231509166,35695,13202,10,110
1468,-0.7344559395557632,13.784088357723514,2.6831560929849734,35695,7031,11,110
1469,-1.4422824872933775,27.068402842073738,-1.4206071962584674,35695,13572,12,110
1470,-0.5282873288201989,9.91476660006026,2.2922512437639844,35695,5095,13,110
1471,-0.8800228392636394,16.516052114115602,-0.2886977072855439,35695,8271,14,110
1472,-0.3234763946202658,6.070925381555919,1.6290070698752657,35695,3147,15,110
1473,-1.4242666838569027,30.656328083075636,-8.223198700997289,35734,15886,0,150
1474,-0.7540327319094488,16.230018631199233,0.28360160460585704,35734,8125,1,150
1475,-1.4295730925724435,30.77054475918716,-7.1116026320269485,35734,15807,2,150
1476,-0.7441230359459144,16.016719468826803,0.8403061134367061,35734,8028,3,150
1477,-1.201596055806334,25.863501075778615,-5.032778062051746,35734,13188,4,150
1478,-0.5692143187391041,12.25193364601905,1.0730615047091674,35734,6156,5,150
1479,-1.2124074237117313,26.096208085843024,-4.137691600314106,35734,13225,6,150
1480,-0.6817347137617976,14.6738551758493,1.8036662823961827,35734,7400,7,150
1481,-1.1646608447806277,25.068496909876597,-3.0813444786557485,35734,12642,8,150
1482,-0.6120251009980733,13.173405306698529,2.0887129772171624,35734,6676,9,150
1483,-1.235424384774719,26.591631813590084,-2.3289757577029215,35734,13361,10,150
1484,-0.6458077679371622,13.900553201783348,2.7049083184578993,35734,7088,11,150
1485,-1.2596701617470076,27.113504930413082,-1.4224912906832132,35734,13590,12,150
1486,-0.6409429054887649,13.79584049524637,3.1884562442699425,35734,7087,13,150
1487,-0.7665612757627134,16.499686633071466,-0.2883137543439236,35734,8260,14,150
1488,-0.2830422964205112,6.092284260246115,1.6341834507773159,35734,3157,15,150
1489,-1.414182234959276,30.554297553589453,-8.195763882216422,35735,15833,0,150
1490,-0.7447281704765047,16.090321003031605,0.28115826770463737,35735,8055,1,150
1491,-1.4218600109663324,30.720180738139682,-7.099905177201068,35735,15781,2,150
1492,-0.7521316812236988,16.250278513965462,0.8525527271975549,35735,8145,3,150
1493,-1.1838295048218903,25.577381789192188,-4.977061835401795,35735,13042,4,150
1494,-0.7038705799389029,15.207567035580897,1.3319140606697122,35735,7641,5,150
1495,-1.3524297645776577,29.220096551719617,-4.632963116631477,35735,14808,6,150
1496,-1.1664348237489428,25.201558752942596,-3.0976749706720383,35735,12709,8,150
1497,-0.6034240582499045,13.037356693490784,2.0671250210416106,35735,6607,9,150
1498,-1.195410092378896,25.827587674484143,-2.26204014727272,35735,12977,10,150
1499,-0.6476478697212228,13.992839983582751,2.7228443640232944,35735,7135,11,150
1500,-1.2209558120490787,26.379519031510295,-1.3839720268884066,35735,13222,12,150
1501,-0.6309667103984048,13.632433033977073,3.150664467140173,35735,7003,13,150
1502,-0.7619248731094819,16.461866590438667,-0.28765056289930685,35735,8241,14,150
1503,-0.2865342392313117,6.1907526401765285,1.6605829933777732,35735,3208,15,150
1504,-1.2142300094449436,30.497161835360835,-8.17816418714945,35772,15799,0,188
1505,-0.6420794673199662,16.126764512244723,0.28171674471063046,35772,8071,1,188
1506,-1.222984310911844,30.71703891508615,-7.097205764548941,35772,15775,2,188
1507,-0.6483688625862201,16.284731869161863,0.8541228058848432,35772,8160,3,188
1508,-1.0101991948944675,25.37262964430523,-4.935847092400461,35772,12934,4,188
1509,-0.6073149311935426,15.253602363284623,1.3355746018651138,35772,7662,5,188
1510,-1.1666940103283712,29.303225722114565,-4.644852135974535,35772,14846,6,188
1511,-0.49010605277529734,12.309730027847637,1.5126422903446906,35772,6206,7,188
1512,-1.0151181441143526,25.49617624523905,-3.1330170802595316,35772,12854,8,188
1513,-0.5133265038033761,12.892945602643968,2.043659851285576,35772,6532,9,188
1514,-1.028123462870196,25.82282383896696,-2.2609942783597483,35772,12971,10,188
1515,-0.5565702383499285,13.979075216121778,2.7194098021065165,35772,7126,11,188
1516,-1.040250631002303,26.127415395964107,-1.3703646782652412,35772,13092,12,188
1517,-0.39344820145024456,9.882026782507905,2.28325320159023,35772,5075,13,188
1518,-1.090206544437222,27.382131195118536,-0.4783355556330665,35772,13704,14,188
1519,-0.24378363123991148,6.122982298991365,1.6419480221303917,35772,3172,15,188
1520,-1.2095958937425682,30.5147463150317,-8.182822929961295,35773,15808,0,188
1521,-0.6442547309367942,16.252758279435145,0.2839157479217282,35773,8134,1,188
1522,-1.2179319052084934,30.72504074185458,-7.099005372983692,35773,15779,2,188
1523,-0.7474185794289891,18.855295773078186,0.9889402291666666,35773,9448,3,188
1524,-1.0081036735608908,25.43165698321148,-4.947295632123054,35773,12964,4,188
1525,-0.6075725497824952,15.327368686103991,1.3420241268284403,35773,7699,5,188
1526,-0.48866523285464897,12.327667190898252,1.514835938525983,35773,6215,7,188
1527,-1.1335618120781132,28.59661752070476,-3.513980647744022,35773,14417,8,188
1528,-0.509746139765125,12.859479947366555,2.0383410794742085,35773,6515,9,188
1529,-1.024011093126076,25.83295701661065,-2.261865835787225,35773,12976,10,188
1530,-0.55980703069769,14.122377246385332,2.747267915431492,35773,7199,11,188
1531,-1.0375891286823267,26.175493158307944,-1.3728768041649024,35773,13116,12,188
1532,-0.5604539935178954,14.138698322238806,3.2667392111816076,35773,7261,13,188
1533,-1.037587530768626,26.17545284738141,-0.457253048656828,35773,13100,14,188
1534,-0.242791483479578,6.124955089675834,1.6424656602205967,35773,3173,15,188
1535,-1.0104814462829748,30.78486320659099,-8.253221710229182,35812,15944,0,228
1536,-0.5584094312561975,17.01224502213995,0.2971097671883145,35812,8512,1,228
1537,-1.0087665872302964,30.732619099042573,-7.099005372983692,35812,15779,2,228
1538,-0.5345995875481954,16.286865269530526,0.8540181339723575,35812,8159,3,228
1539,-0.8300789177021248,25.28880270502158,-4.9182926648258185,35812,12888,4,228
1540,-0.5432313037643979,16.549835167623534,1.448702755951574,35812,8311,5,228
1541,-1.0055113517173515,30.63344659039348,-4.854474319128444,35812,15516,6,228
1542,-0.40663137417615114,12.38824451014746,1.5219043604434817,35812,6244,7,228
1543,-0.8419822288154161,25.651443509240313,-3.1512974817703037,35812,12929,8,228
1544,-0.4755376578307505,14.487511670553452,2.2958322089304284,35812,7338,9,228
1545,-0.8533784023520611,25.99863409318889,-2.2758107546268502,35812,13056,10,228
1546,-0.46630752360051086,14.206310644347942,2.7629142530523687,35812,7240,11,228
1547,-0.8559883578538575,26.078147797664762,-1.3674338647156363,35812,13064,12,228
1548,-0.4626683434809339,14.095441055819197,3.255941560573102,35812,7237,13,228
1549,-0.8668729117269023,26.409751612142536,-0.46123219732452864,35812,13214,14,228
1550,-0.20141181863317192,6.136119873968022,1.6450538506716217,35812,3178,15,228
1551,-1.6686666395878464,51.10888014154549,-13.701880247727447,35813,26470,0,228
1552,-0.5355378211681271,16.40275994257708,0.28646379926157156,35813,8207,1,228
1553,-0.5309748937714093,16.263003981811288,0.8527620710225268,35813,8147,3,228
1554,-0.826305822845337,25.30856928409288,-4.92210884473335,35813,12898,4,228
1555,-0.5434635424931191,16.645513487008433,1.4570697072553491,35813,8359,5,228
1556,-0.3935866317613006,12.054997391792662,1.4809562610593523,35813,6076,7,228
1557,-0.9280638040230669,28.425271170542047,-3.492044165931096,35813,14327,8,228
1558,-0.4576675701759458,14.017705174816834,2.2213694035712783,35813,7100,9,228
1559,-0.8511813253164152,26.070470459614118,-2.2820859681046817,35813,13092,10,228
1560,-0.41577956196823057,12.734735203424005,2.4767007599875517,35813,6490,11,228
1561,-0.8505895837253791,26.052346258330566,-1.3660731298533197,35813,13051,12,228
1562,-0.46287904076280867,14.17732508886447,3.2748374491379866,35813,7279,13,228
1563,-0.8642211409224655,26.46986142067635,-0.4622793417107656,35813,13244,14,228
1564,-0.41403613756490854,16.13422987788819,0.28171674471063046,35853,8071,1,13
1565,-0.6578954358593804,25.636980047676705,-5.920711750330527,35853,13160,2,13
1566,-0.4164009555389059,16.226382502623398,0.850668632772809,35853,8127,3,13
1567,-0.6372103350589873,24.830919559035152,-4.82823081900809,35853,12652,4,13
1568,-0.428470319711101,16.69670351657986,1.461253182907237,35853,8383,5,13
1569,-0.6413982321327797,24.99411423689805,-3.959982048028404,35853,12657,6,13
1570,-0.3081957748699798,12.009824814788272,1.4751065325759052,35853,6052,7,13
1571,-0.664056990136242,25.877084531533228,-3.1783524760062463,35853,13040,8,13
1572,-0.305319139495931,11.89772760348509,1.885035303734782,35853,6025,9,13
1573,-0.7455168893362899,29.051427590699486,-2.542507327434684,35853,14586,10,13
1574,-0.3253539965603112,12.678449284806124,2.4652522202649587,35853,6460,11,13
1575,-0.6816642542389426,26.563207361835993,-0.4638151534772466,35853,13288,14,13
1576,-0.16265199939911346,6.3382504818000855,1.698888212052946,35853,3282,15,13
1577,-0.41055782254434153,16.1083142944637,0.28126298214326106,35854,8058,1,13
1578,-0.6532223205557262,25.629302051683865,-5.918912141895777,35854,13156,2,13
1579,-0.4134671346820725,16.222461709813963,0.8504592889478372,35854,8125,3,13
1580,-0.597961257400249,23.46112372289683,-4.561861461462433,35854,11954,4,13
1581,-0.42611459476287405,16.718687212827565,1.4631706092476853,35854,8394,5,13
1582,-0.6366332807531201,24.97842791822393,-3.9574790965877606,35854,12649,6,13
1583,-0.3071112256322824,12.049567379290318,1.479981306312111,35854,6072,7,13
1584,-0.7781971866894428,30.532714706482352,-3.7501634352631985,35854,15386,8,13
1585,-0.3052558184653074,11.97677012602009,1.8975500609380005,35854,6065,9,13
1586,-0.7840021207431292,30.76047239872634,-2.6920665819896654,35854,15444,10,13
1587,-0.3201398734617361,12.560748856160256,2.4423551408197737,35854,6400,11,13
1588,-0.7296359110241915,28.627403814807707,-1.5007858812226573,35854,14338,12,13
1589,-0.3810298029754213,14.949776827654453,3.4525487820696403,35854,7674,13,13
1590,-0.6750410264197049,26.485363128238966,-0.46245386577513853,35854,13249,14,13
1591,-0.1618903157375647,6.351797344816166,1.7025116786843815,35854,3289,15,13
1592,-0.3048836153911208,16.172662466778384,0.28234503134237265,35892,8089,1,52
1593,-0.8535115280959399,45.27482999600337,-10.454375299576784,35892,23237,2,52
1594,-0.31049775119915096,16.470466346299585,0.8633339341836013,35892,8248,3,52
1595,-0.43764963825184444,23.215284524472597,-4.513395976636791,35892,11827,4,52
1596,-0.31443488130966,16.679312847556695,1.4595100680522834,35892,8373,5,52
1597,-0.46838822509622485,24.845824063641274,-3.9358911404122088,35892,12580,6,52
1598,-0.2339989923700793,12.412561810882266,1.5243417473115848,35892,6254,7,52
1599,-0.5783000361483763,30.676136128717026,-3.767225143339919,35892,15456,8,52
1600,-0.22823686962161036,12.1069079101845,1.9178865413932304,35892,6130,9,52
1601,-0.4935271957687271,26.179329922678857,-2.290801542379447,35892,13142,10,52
1602,-0.23756748774641426,12.601853948348193,2.449987500634835,35892,6420,11,52
1603,-0.5429193219925019,28.79935325488999,-1.5095783218714718,35892,14422,12,52
1604,-0.2822020514851791,14.969510645061492,3.4565979010478296,35892,7683,13,52
1605,-0.4954877003253399,26.28332560122001,-0.4588586700490581,35892,13146,14,52
1606,-0.11968752399964545,6.348868320285196,1.7014764025039713,35892,3287,15,52
1607,-0.9769906527330663,52.30928352852607,-14.018674758932933,35893,27082,0,52
1608,-0.30183689555269405,16.160719352501136,0.28213560246512526,35893,8083,1,52
1609,-0.876759964219045,46.94280894755399,-10.839491504613479,35893,24093,2,52
1610,-0.31015928280546584,16.606310221995745,0.8704516242326418,35893,8316,3,52
1611,-0.42941836750194273,22.9915885839628,-4.469891525690939,35893,11713,4,52
1612,-0.30988673405027517,16.59171762577107,1.4518403626904899,35893,8329,5,52
1613,-0.4638304752672724,24.834055241013445,-3.934013926831726,35893,12574,6,52
1614,-0.23012739157240383,12.321304139160464,1.513129767718311,35893,6208,7,52
1615,-0.6787794244655745,36.34268687051663,-4.463099094183311,35893,18311,8,52
1616,-0.2266402449532465,12.134598011832878,1.922266706414357,35893,6144,9,52
1617,-0.4833027584719744,25.876625280197647,-2.264306196584159,35893,12990,10,52
1618,-0.23514807557051653,12.59011774759134,2.4476977926903167,35893,6414,11,52
1619,-0.5443825026248893,29.1469100529401,-1.5277912346440161,35893,14596,12,52
1620,-0.2804627503522259,15.016321278329746,3.467395551656335,35893,7707,13,52
1621,-0.4906016496067418,26.267416906242723,-0.45857943154606157,35893,13138,14,52
1622,-0.1804485357422198,9.661436976947321,2.5892257272056174,35893,5002,15,52
1623,-0.6229762131765236,52.48857624519185,-14.065262187051387,35932,27172,0,92
1624,-0.18404402916336332,15.506545599801637,0.2706868238422673,35932,7755,1,92
1625,-0.2971661532248462,25.03759848470005,-5.780792194528643,35932,12849,2,92
1626,-0.19666703797145035,16.570091440321978,0.8684628578954099,35932,8297,3,92
1627,-0.2718623567260275,22.90563867029744,-4.45271871610705,35932,11668,4,92
1628,-0.18940124200759562,15.95791512064164,1.3962349988174838,35932,8010,5,92
1629,-0.2971487964425193,25.036136096934246,-3.9656136887698525,35932,12675,6,92
1630,-0.1427204016711151,12.024842243432598,1.4765689646967668,35932,6058,7,92
1631,-0.43416874915763964,36.58068961773182,-4.491860259226926,35932,18429,8,92
1632,-0.14242042906416605,11.999568188471443,1.9006787502388052,35932,6075,9,92
1633,-0.3065651813518698,25.82950930575766,-2.259948409446776,35932,12965,10,92
1634,-0.15137896225994177,12.754365310329314,2.479372085922823,35932,6497,11,92
1635,-0.3177676643419626,26.773369392425746,-1.40323165878581,35932,13406,12,92
1636,-0.15601859052492897,13.14527507026123,3.035039625207427,35932,6746,13,92
1637,-0.3115577066223899,26.250152241675806,-0.45823038341731587,35932,13128,14,92
1638,-0.16159047366657361,13.61473153894127,3.6483132597651324,35932,7048,15,92
1639,-0.6145380986755417,52.55049920186843,-14.081826605937948,35933,27204,0,92
1640,-0.18213265638988982,15.574562480143936,0.27187358748000257,35933,7789,1,92
1641,-0.2920214892749907,24.97139733427009,-5.76549552283326,35933,12815,2,92
1642,-0.1766559194886891,15.106234708805312,0.7917383460432542,35933,7564,3,92
1643,-0.25441164755074186,21.75529736948007,-4.229090573525739,35933,11082,4,92
1644,-0.18475222674407485,15.798567680315452,1.3822900799778586,35933,7930,5,92
1645,-0.3154854274416503,26.977850093760832,-4.273163847038946,35933,13658,6,92
1646,-0.14466065348567153,12.370249414844139,1.5189794962017582,35933,6232,7,92
1647,-0.4435687463828142,37.930535312621416,-4.657602566257927,35933,19109,8,92
1648,-0.13833959766789014,11.829722083140549,1.8737720222518852,35933,5989,9,92
1649,-0.30145133188418466,25.777763835510925,-2.255416310823898,35933,12939,10,92
1650,-0.14997936233973982,12.82506386165072,2.4931103335899345,35933,6533,11,92
1651,-0.31230076089407066,26.705522280029694,-1.3996728137612897,35933,13372,12,92
1652,-0.12031786682574724,10.288644395235744,2.3754831338712146,35933,5280,13,92
1653,-0.3082388851626046,26.358182387117388,-0.4601152433125425,35933,13182,14,92
1654,-0.12277659779082374,10.49889586686351,2.8133630202644007,35933,5435,15,92
1655,-0.07948276269660173,15.703406750490247,0.27410749550397484,35971,7853,1,131
1656,-0.12661669723299404,25.015656610265115,-5.77539336922439,35971,12837,2,131
1657,-0.07505927601715959,14.829458636132296,0.7771889502077158,35971,7425,3,131
1658,-0.10999133436713206,21.73098422848479,-4.224129539645949,35971,11069,4,131
1659,-0.08101763477296069,16.006651374950998,1.4004184744693715,35971,8034,5,131
1660,-0.10828090839751424,21.39305542724222,-3.3883705127714006,35971,10830,6,131
1661,-0.06062608478172741,11.97789352958508,1.4707192362133197,35971,6034,7,131
1662,-0.17119785525287592,33.82355449960228,-4.153063484560616,35971,17039,8,131
1663,-0.05979945642895039,11.814576593752145,1.8712690708112416,35971,5981,9,131
1664,-0.13104607466699328,25.89076856080262,-2.265177754011636,35971,12995,10,131
1665,-0.06423199795366714,12.690313673586203,2.4667786922279715,35971,6464,11,131
1666,-0.13469222810136489,26.611138972097873,-1.394648561961967,35971,13324,12,131
1667,-0.05225638871546331,10.324292959506472,2.3835813718275936,35971,5298,13,131
1668,-0.1336520923734402,26.405639391343907,-0.46091805400865754,35971,13205,14,131
1669,-0.05301598054144417,10.474365490996814,2.806633725091735,35971,5422,15,131
1670,-0.1365876650679338,27.949408723111322,0.4878645695478233,35972,13977,1,131
1671,-0.07297858742508206,14.933327742036246,0.782631889656982,35972,7477,3,131
1672,-0.10741702800434329,21.98033342192414,-4.272595024471591,35972,11196,4,131
1673,-0.07891524536274336,16.148123229362813,1.4127945899395389,35972,8105,5,131
1674,-0.1004733485548767,20.559474994635803,-3.2563398242774455,35972,10408,6,131
1675,-0.05858405183573843,11.987829271395881,1.4719379296473711,35972,6039,7,131
1676,-0.1474253743579594,30.16708750412373,-3.7040968234560525,35972,15197,8,131
1677,-0.05823940351955911,11.917305211629307,1.8875382551754258,35972,6033,9,131
1678,-0.12703358497812617,25.99439404978367,-2.2742419512573924,35972,13047,10,131
1679,-0.06093297113751199,12.468479596520204,2.423655859272872,35972,6351,11,131
1680,-0.13028195599170728,26.659095720302236,-1.3971606878616285,35972,13348,12,131
1681,-0.05080682108594742,10.396404446527933,2.4002277498490394,35972,5335,13,131
1682,-0.12991317302805408,26.583633080420828,-0.464024582354494,35972,13294,14,131
1683,-0.03665851216910466,7.5012903931395645,2.009988704266176,35972,3883,15,131
1684,0.04822294411044568,25.11788889610348,-6.730330448845949,11,13002,0,11
1685,0.053390880864364526,27.809712541497735,0.4854212326466036,11,13907,1,11
1686,0.028597401114214716,14.89553068885641,0.7806431233197502,11,7458,3,11
1687,0.04209415184733568,21.925584361989607,-4.261909720730505,11,11168,4,11
1688,0.02213974069781527,11.53192857247813,1.008914878046891,11,5788,5,11
1689,0.0409053510977062,21.306373616988044,-3.37460427984786,11,10786,6,11
1690,0.024836947107616306,12.936822698727994,1.5884450219426922,11,6517,7,11
1691,0.058317471941191454,30.375826444059495,-3.7296893855711333,11,15302,8,11
1692,0.021032920191718762,10.955418883721093,1.7351710862262408,11,5546,9,11
1693,0.050020972547569154,26.054428117190135,-2.2794712958222516,11,13077,10,11
1694,0.02390788011887985,12.452899499292627,2.4206029153468474,11,6343,11,11
1695,0.051209210496156815,26.67334571596639,-1.3978933912490297,11,13355,12,11
1696,0.014366631051302623,7.483148306570587,1.7276240973608832,11,3840,13,11
1697,0.05444664359088357,28.35962776037398,-0.49502005618710954,11,14182,14,11
1698,0.014353391301909305,7.476252117206619,2.0032594090935105,11,3870,15,11
1699,0.05248141418944968,25.0579928271625,-6.714283668049593,12,12971,0,11
1700,0.08993428359366851,42.940394576089346,-9.91359296493413,12,22035,2,11
1701,0.0313937643970728,14.989396441180936,0.7855627032065868,12,7505,3,11
1702,0.04605657786389679,21.990363933241387,-4.2745031144253565,12,11201,4,11
1703,0.0237184654328907,11.324716489978965,0.990786483555378,12,5684,5,11
1704,0.04287810892295881,20.47275902198894,-3.2425735913539055,12,10364,6,11
1705,0.02706574527435221,12.922922551177479,1.58673885113502,12,6510,7,11
1706,0.06381861596947871,30.471100024665795,-3.7413888425380275,12,15350,8,11
1707,0.02300292219332796,10.983070258805336,1.7395512512473674,12,5560,9,11
1708,0.05473106837047755,26.132122006080948,-2.286269443756569,12,13116,10,11
1709,0.05526222804126966,26.38573169679432,-1.3828206358510617,12,13211,12,11
1710,0.01568901230469987,7.490940628567617,1.729423705795634,12,3844,13,11
1711,0.07052843202057894,33.67479651563896,-0.5877970488077087,12,16840,14,11
1712,0.01569465774734988,7.493636124937424,2.007918151905356,12,3879,15,11
1713,0.2532678324741664,28.452538510138805,0.4966605823922142,51,14229,1,51
1714,0.4100386904953011,46.06444299693864,-10.63523594726925,51,23639,2,51
1715,0.13454183110156545,15.114657843618367,0.7921570336931978,51,7568,3,51
1716,0.19393808428851858,21.787333819285816,-4.235196461377789,51,11098,4,51
1717,0.10193722103654285,11.451800565532176,1.0019424186270782,51,5748,5,51
1718,0.1809109685330054,20.323845506976824,-3.2191084215978707,51,10289,6,51
1719,0.12423375502295228,13.956631067272431,1.7137267069631839,51,7031,7,51
1720,0.28138565619976036,31.61134258943443,-3.881538587453947,51,15925,8,51
1721,0.0983766030656201,11.051794694482975,1.7505016638001833,51,5595,9,51
1722,0.23334898301997753,26.21482112757,-2.2935905261473724,51,13158,10,51
1723,0.23523487171457635,26.426685066960655,-1.3850187460132655,51,13232,12,51
1724,0.12298211919335356,13.816020172100973,3.1898059505960057,51,7090,13,51
1725,0.29472266287913745,33.109644574522335,-0.5779538915770808,51,16558,14,51
1726,0.061800737144764174,6.942799787832219,1.860391296196919,51,3594,15,51
1727,0.3558083854127555,39.20338281910165,-10.504947402621111,52,20294,0,51
1728,0.2554388781460659,28.144553465836005,0.4912852412095309,52,14075,1,51
1729,0.23692114155437113,26.104247654309525,-6.026888647980831,52,13396,2,51
1730,0.13699857149099043,15.094662363285671,0.7911103145683389,52,7558,3,51
1731,0.18323709134100485,20.18927639989955,-3.9245594169047737,52,10284,4,51
1732,0.10427949570769621,11.489636439201034,1.0052543368514892,52,5767,5,51
1733,0.18395617025652916,20.268505353342405,-3.2103480915556184,52,10261,6,51
1734,0.12686781943273942,13.978444287862038,1.716407832518097,52,7042,7,51
1735,0.23993547560426354,26.43637049499384,-3.2461118309395083,52,13318,8,51
1736,0.10066405769324738,11.09128326274414,1.7567590424017927,52,5615,9,51
1737,0.23779775412726076,26.200833849823617,-2.292370345748905,52,13151,10,51
1738,0.11722256164259731,12.915718537041922,2.5106647611645765,52,6579,11,51
1739,0.23964780546207787,26.404674663270686,-1.3838673549759206,52,13221,12,51
1740,0.06901062215177338,7.603670823164808,1.7555180280995226,52,3902,13,51
1741,0.2959824272599779,32.61168898574205,-0.5692625931713137,52,16309,14,51
1742,0.06145207405497723,6.770861179705887,1.8143215061686704,52,3505,15,51
1743,0.6296128084953384,39.20766987982156,-10.507017954981933,92,20298,0,92
1744,0.2657882637094355,16.551344510215213,0.28894204097566584,92,8278,1,92
1745,0.419844287623393,26.14482426017659,-6.036786494371961,92,13418,2,92
1746,0.24247120600726232,15.099329099124153,0.7914243303057965,92,7561,3,92
1747,0.32436835582507073,20.19928318333128,-3.9268491248492925,92,10290,4,92
1748,0.18288957320926555,11.389021814830869,0.9965387625767236,92,5717,5,92
1749,0.3250390739638741,20.241050591830252,-3.2062807954645716,92,10248,6,92
1750,0.22502560556182744,14.012945001007534,1.7207951288806824,92,7060,7,92
1751,0.4202177880633333,26.168083129360248,-3.213450846906929,92,13184,8,92
1752,0.18208912213374331,11.339175590134415,1.796180527591931,92,5741,9,92
1753,0.42089874317199694,26.21048802129259,-2.293416214661877,92,13157,10,92
1754,0.20562242809008127,12.804657357130216,2.489294153682404,92,6523,11,92
1755,0.4270905332105171,26.596067311484653,-1.3940205304870517,92,13318,12,92
1756,0.12365662726841921,7.700428191699052,1.7780131335339089,92,3952,13,92
1757,0.5171280231099501,32.202942097309275,-0.5621769161577765,92,16106,14,92
1758,0.10856462852171073,6.760609152595104,1.8117333157176452,92,3500,15,92
1759,0.6133154004979258,37.78204068165451,-10.125001044410611,93,19560,0,92
1760,0.2697480871203035,16.617279124417255,0.2900938998005265,93,8311,1,92
1761,0.7482639879078247,46.095272365243794,-10.643334185225628,93,23657,2,92
1762,0.24627355197308315,15.171178404958463,0.7951925191552885,93,7597,3,92
1763,0.32770259913289823,20.187448288223692,-3.9245594169047737,93,10284,4,92
1764,0.1819345560480267,11.207706169492386,0.9806764173966498,93,5626,5,92
1765,0.3292771636717857,20.284446115794694,-3.2131639119263418,93,10270,6,92
1766,0.22579589623308002,13.909694311120957,1.7081207171665471,93,7008,7,92
1767,0.42320620676676746,26.070752679305617,-3.201507651253224,93,13135,8,92
1768,0.18615221151688296,11.467526207235052,1.8165170080471609,93,5806,9,92
1769,0.4270902384867203,26.31002050844044,-2.302131788936643,93,13207,10,92
1770,0.4148106319662462,25.55356046726978,-1.3393817921694187,93,12796,12,92
1771,0.12439963919522655,7.663385307203104,1.7694649934688422,93,3933,13,92
1772,0.26844981693803754,16.537301845512587,-0.2886977072855439,93,8271,14,92
1773,0.11030897642902368,6.795358850616593,1.821050801341336,93,3518,15,92
1774,0.8642333828642957,37.792592871918906,-10.129142149132253,131,19568,0,131
1775,0.6231640449686165,27.25072360183885,0.4757875042932231,131,13631,1,131
1776,1.0521786434470735,46.011366708067925,-10.62533810087812,131,23617,2,131
1777,0.4071132958425654,17.802907579814097,0.9332547717241744,131,8916,3,131
1778,0.46153775403075065,20.182868168427266,-3.92417779891402,131,10283,4,131
1779,0.266920950130425,11.672350313328396,1.0214653050025537,131,5860,5,131
1780,0.47495517175851726,20.769606676372145,-3.290442537656216,131,10517,6,131
1781,0.3101916113323131,13.564559656922421,1.665953924348366,131,6835,7,131
1782,0.5948780748125765,26.013789024570464,-3.1949267067093463,131,13108,8,131
1783,0.2630159665609589,11.501586886297552,1.8221486487886092,131,5824,9,131
1784,0.6021208259000149,26.330511739230044,-2.3042235267625863,131,13219,10,131
1785,0.2979820236322234,13.03063909075062,2.533561840609762,131,6639,11,131
1786,0.5831820339279099,25.502325662784394,-1.3368696662697572,131,12772,12,131
1787,0.1735290602627917,7.588358950244509,1.7523687133387085,131,3895,13,131
1788,0.7148259854104093,31.25906494302342,-0.54577165410673,131,15636,14,131
1789,0.15767136022207356,6.894907836914887,1.8479679820319983,131,3570,15,131
1790,0.8715859678632939,37.82527422204452,-10.137941996665738,132,19585,0,131
1791,0.6310526447090643,27.386557625731186,0.47816103156869366,132,13699,1,131
1792,1.0571564848869297,45.878703204102834,-10.594744757487353,132,23549,2,131
1793,0.40994442631032607,17.790855879656522,0.9326267402492591,132,8910,3,131
1794,0.46293469376921104,20.090538838809195,-3.9062417533486253,132,10236,4,131
1795,0.2582181881972942,11.206208151361736,0.9806764173966498,132,5626,5,131
1796,0.47671442388800656,20.688554513300826,-3.2776149115229174,132,10476,6,131
1797,0.3142053200026236,13.635949670301029,1.6747285170735366,132,6871,7,131
1798,0.5990067656402803,25.99582371289087,-3.1927330585280536,132,13099,8,131
1799,0.26202001267154845,11.37120054291582,1.8014992994032988,132,5758,9,131
1800,0.6085981470842732,26.41207253591479,-2.3113702976678945,132,13260,10,131
1801,0.31450252642351434,13.648847898112459,2.653771507696985,132,6954,11,131
1802,0.5865748025847752,25.456298721631992,-1.3344622122825818,132,12749,12,131
1803,0.17431477475969037,7.564949872246436,1.7469698880344555,132,3883,13,131
1804,0.7102394098930108,30.823121795278738,-0.5381624049000744,132,15418,14,131
1805,0.17160252704012566,7.447243165698424,1.99601247583064,132,3856,15,131
1806,1.1292628541873224,37.8261892729328,-10.140012549026556,171,19589,0,171
1807,0.5171799082665199,17.3236417240749,0.3025200131838724,171,8667,1,171
1808,1.3717420807156122,45.948359486363,-10.612740841834864,171,23589,2,171
1809,0.811865862812942,27.19454702430254,1.4258407918827616,171,13622,3,171
1810,0.5942850640383128,19.906383381898877,-3.871132898199341,171,10144,4,171
1811,0.33294404491064233,11.152411870617238,0.9761443187737715,171,5600,5,171
1812,0.6187626954817627,20.726294810402695,-3.2841851590546067,171,10497,6,171
1813,0.4165513730187932,13.952952600259005,1.713970445649994,171,7032,7,171
1814,0.7778942876113185,26.056623086831806,-3.200776435192793,171,13132,8,171
1815,0.3401809579522961,11.394822077815943,1.8055665954943447,171,5771,9,171
1816,0.7708843725556052,25.82181648471841,-2.2601227209322716,171,12966,10,171
1817,0.3308874252453066,11.083522608533602,2.15537841177345,171,5648,11,171
1818,0.7563190279765257,25.333930534312085,-1.3282865694459143,171,12690,12,171
1819,0.22626853347172188,7.579171086584359,1.7505691049039576,171,3891,13,171
1820,0.8015781363498514,26.849945688184853,-0.4688763513440588,171,13433,14,171
1821,0.20730150715491408,6.943844842792709,1.8614265723773291,171,3596,15,171
1822,1.138821978532434,37.9244716467406,-10.166412091627015,172,19640,0,171
1823,0.5201434250732191,17.321552400883903,0.30248510837099785,172,8666,1,171
1824,1.3802294952596352,45.96370226927292,-10.616340058704365,172,23597,2,171
1825,0.5100978682279604,16.98702036432742,0.8906533033424181,172,8509,3,171
1826,0.5982897207389895,19.923940684690553,-3.874567460116119,172,10153,4,171
1827,0.35205364116998783,11.723911712600248,1.0261717151109273,172,5887,5,171
1828,0.6209571172309429,20.678798820351336,-3.276676304732676,172,10473,6,171
1829,0.4028396633627688,13.41516205287106,1.6479172615244042,172,6761,7,171
1830,0.7837528371356102,26.100139275767773,-3.20613868630262,172,13154,8,171
1831,0.3434741315877831,11.43820123806887,1.812449711956115,172,5793,9,171
1832,0.7994912737899723,26.624252706939476,-2.330370249586884,172,13369,10,171
1833,0.3338236253310721,11.11682497574825,2.1618659176162525,172,5665,11,171
1834,0.2279422953352883,7.59081865251331,1.753268517556084,172,3897,13,171
1835,0.8020028208894938,26.707890973991542,-0.4663981096299646,172,13362,14,171
1836,0.20828149424075884,6.936084631114676,1.8593560200165091,172,3592,15,171
1837,1.3938592195684327,38.01261237500428,-10.192293996137268,210,19690,0,210
1838,0.6315680451587035,17.22379918431807,0.30084458216589316,210,8619,1,210
1839,1.6843256315515807,45.9340631009193,-10.611841037617488,210,23587,2,210
1840,0.6224552611120503,16.97528002057512,0.8902346156924746,210,8505,3,210
1841,0.7322866362574619,19.97054484460008,-3.884489527875699,210,10179,4,210
1842,0.4300202809496606,11.727292127960386,1.0266946495674132,210,5890,5,210
1843,0.7316688707032596,19.953697459856453,-3.1624791452533074,210,10108,6,210
1844,0.4152791917646157,11.325280718694838,1.391504162999974,210,5709,7,210
1845,0.9637474184076709,26.28282435487614,-3.229293861549598,210,13249,8,210
1846,0.4209195175246789,11.479100784434632,1.8193328284178851,210,5815,9,210
1847,0.9764161693413856,26.62832002026183,-2.3312418070143606,210,13374,10,210
1848,0.4058906770571372,11.069241970059302,2.153088703828932,210,5642,11,210
1849,1.0145179105861541,27.667411128184867,-1.4509620508793748,210,13862,12,210
1850,0.27813831071748873,7.585245083227229,1.7523687133387085,210,3895,13,210
1851,0.3917348612853497,10.683191836566237,-0.1866011296274353,210,5346,14,210
1852,0.2561897671720751,6.986675682333189,1.8733322484520452,210,3619,15,210
1853,1.453696761491609,39.45641380633716,-10.579487287610638,211,20438,0,210
1854,0.6242666510213039,16.943921153761895,0.2959579083634538,211,8479,1,210
1855,1.7085578761886797,46.37388509127957,-10.713518914180915,211,23813,2,210
1856,0.6210058769869979,16.855416829452526,0.8839543009433213,211,8445,3,210
1857,0.7375069429145152,20.017502890233796,-3.893648359653773,211,10203,4,210
1858,0.5010217501728221,13.598793107656142,1.1905474459330105,211,6830,5,210
1859,0.7332604654818025,19.902244484737682,-3.1543445530712155,211,10082,6,210
1860,0.4195946157792255,11.388687950373296,1.3993038009779035,211,5741,7,210
1861,1.0786965570955562,29.27811277818489,-3.597339278633143,211,14759,8,210
1862,0.4198683462831229,11.396117576908415,1.8061923333545056,211,5773,9,210
1863,0.9824574377839833,26.665978929844613,-2.334553725238772,211,13393,10,210
1864,0.4085454514704342,11.08879019264936,2.1569048837364626,211,5652,11,210
1865,1.1203107798575385,30.407611059409025,-1.5946765867224983,211,15235,12,210
1866,0.39605423409740537,10.749752055762116,2.48345963995627,211,5520,13,210
1867,0.3944829244217651,10.707103377975734,-0.18701998738193013,211,5358,14,210
1868,0.2621035603335248,7.114046622778767,1.9074963624055778,211,3685,15,210
1869,0.7418407687897962,16.923167859415415,0.29567866986045727,251,8471,1,251
1870,0.7393625355999432,16.86663341424725,0.8847916762432083,251,8453,3,251
1871,0.8765485423599215,19.996175383407824,-3.8905954157277485,251,10195,4,251
1872,0.6018795413363173,13.730316447556445,1.2024006269466923,251,6898,5,251
1873,0.8640534847136246,19.71113313868688,-3.1249348736436517,251,9988,6,251
1874,0.5031777138102582,11.47869094309746,1.4107595192579871,251,5788,7,251
1875,1.3593100782890803,31.0091243238203,-3.811098106965772,251,15636,8,251
1876,0.49154504406716215,11.21332183560461,1.7777212607171837,251,5682,9,251
1877,1.1888386127438855,27.12026117685656,-2.374993989873685,251,13625,10,251
1878,0.4999636855147566,11.405371246151692,2.2191086162292164,251,5815,11,251
1879,1.2688031398808444,28.944443902409873,-1.5183707625202862,251,14506,12,251
1880,0.4662268690163722,10.635753515953539,2.457815219761069,251,5463,13,251
1881,1.195650102265032,27.2756475958681,-0.4765554101764636,251,13653,14,251
1882,0.313369641966775,7.148713411504794,1.9173314861194737,251,3704,15,251
1883,0.9586315086257736,21.781792944006774,-5.842063486054098,252,11286,0,251
1884,0.7746881742631914,17.602277054465887,0.30754630623781004,252,8811,1,251
1885,0.5998692043567952,13.630082764039978,0.7150138341910987,252,6831,3,251
1886,0.8699390097399412,19.766543466981798,-3.8459461108096367,252,10078,4,251
1887,0.6069915744444135,13.791915532025547,1.207804282997047,252,6929,5,251
1888,0.8499492869420953,19.312341827381044,-3.0617353497673983,252,9786,6,251
1889,0.5129491044643839,11.65510530764179,1.4324522623841034,252,5877,7,251
1890,1.1932154512731994,27.111952469077917,-3.332151587383543,252,13671,8,251
1891,0.49228618009276476,11.18560734494132,1.7733410956960571,252,5668,9,251
1892,1.1951488021568963,27.155881599570577,-2.378131596612601,252,13643,10,251
1893,0.5010910846934272,11.385670254597077,2.2152924363216853,252,5805,11,251
1894,1.2716594859157884,28.894338823900295,-1.515753964708139,252,14481,12,251
1895,0.4654269955445267,10.575319459335242,2.4438682543917496,252,5432,13,251
1896,1.1850240849755185,26.925830228134288,-0.47044706792341434,252,13478,14,251
1897,0.3211576939672205,7.2972673330931785,1.957189619065262,252,3781,15,251
1898,1.105417400873593,21.821261115616284,-5.85448680021902,290,11310,0,34
1899,0.8743151935627187,17.25923630386597,0.3016473928620082,290,8642,1,34
1900,0.695002699522035,13.719555500341517,0.7199334140779353,290,6878,3,34
1901,0.967641788277573,19.10153043700944,-3.7177224659165993,290,9742,4,34
1902,0.6952233750690819,13.72391169984601,1.2022263154611967,290,6897,5,34
1903,0.967820064560879,19.10504966271158,-3.029822718899192,290,9684,6,34
1904,0.5752725252628328,11.35604702484299,1.3961351980493695,290,5728,7,34
1905,1.514509371676592,29.896855645012625,-3.675579397099248,290,15080,8,34
1906,0.5687591891177161,11.22747187427629,1.7805370810879078,290,5691,9,34
1907,1.3752258237012447,27.14735788328246,-2.378131596612601,290,13643,10,34
1908,0.5854322213208801,11.556602381003248,2.24925643749871,290,5894,11,34
1909,1.5763364513730365,31.117340186875204,-1.6328818347798475,290,15600,12,34
1910,0.5814985213574266,11.478949999210476,2.6535226370402314,290,5898,13,34
1911,0.5374175316136499,10.60877843625735,-0.18541436598970004,290,5312,14,34
1912,0.3613375889504575,7.132909137438851,1.9137080194880385,290,3697,15,34
1913,1.497405944548315,29.457476919286307,-7.903298361250574,291,15268,0,34
1914,0.6855580314459536,13.48652979619511,0.23571220134195112,291,6753,1,34
1915,1.1017086990291656,21.673186680995872,-5.010109882346562,291,11136,2,34
1916,0.6967888309906984,13.707465888761675,0.7193053826030199,291,6872,3,34
1917,0.9723709858238976,19.12881137955635,-3.7230651177871423,291,9756,4,34
1918,0.680322309031583,13.383530891496868,1.1724190514414976,291,6726,5,34
1919,0.9705528033712292,19.09304347852088,-3.027945505318709,291,9678,6,34
1920,0.5776576312955577,11.363876578085431,1.3971101527966108,291,5732,7,34
1921,1.3714833747908661,26.98028547647673,-3.317039788801304,291,13609,8,34
1922,0.5686127707289593,11.18594301748433,1.773966833556218,291,5670,9,34
1923,1.4070716088222346,27.68038927023683,-2.424847074725345,291,13911,10,34
1924,0.5743925780343503,11.299645344442727,2.199264480710055,291,5763,11,34
1925,1.5797395207850817,31.07717091776876,-1.6307883965301297,291,15580,12,34
1926,0.6739259750167632,13.25770004229022,3.064733164380817,291,6812,13,34
1927,0.5399797377848404,10.622664295270516,-0.185658699679822,291,5319,14,34
1928,0.36346518407755146,7.150210208467058,1.9183667622998837,291,3706,15,34
1929,0.7786075529435146,13.503511131717996,0.23609615428357136,330,6764,1,74
1930,1.1193053923120246,19.412286417896997,-4.48912324048617,330,9978,2,74
1931,0.9800066234390904,16.99640633941702,0.8922233820297065,330,8524,3,74
1932,1.101196989254569,19.0982295848499,-3.7184857018981052,330,9744,4,74
1933,0.7639498030165599,13.249299509243624,1.1610888048843022,330,6661,5,74
1934,1.0961705361620941,19.011055031982163,-3.016056485975651,330,9640,6,74
1935,0.7772639064847898,13.480208063511311,1.6579105476836264,330,6802,7,74
1936,1.5731538077883125,27.28344963398415,-3.3555505013173303,330,13767,8,74
1937,0.6531538962360028,11.327748973413437,1.7971191343821722,330,5744,9,74
1938,1.588570593241611,27.550825326907887,-2.4143883855956267,330,13851,10,74
1939,0.5442697762982353,9.439354852282134,1.8378722434668795,330,4816,11,74
1940,1.6575264535571754,28.746737470128476,-1.5090549623090423,330,14417,12,74
1941,0.6159657154926165,10.682788607002646,2.4704124788043256,330,5491,13,74
1942,0.6126181840279988,10.624731851419748,-0.1857634141184457,330,5322,14,74
1943,0.4008946040022673,6.952777079190529,1.8660853151891745,330,3605,15,74
1944,1.6981119299685552,29.361445611285546,-7.880522285281551,331,15224,0,74
1945,0.7835044453053421,13.547294940363116,0.23686406016681183,331,6786,1,74
1946,1.1211182220184244,19.38485391844852,-4.482824610964542,331,9964,2,74
1947,0.795465513481274,13.754109489217388,0.7220268523276531,331,6898,3,74
1948,1.1044168874311031,19.096077119659643,-3.718104083907352,331,9743,4,74
1949,0.7500419969987129,12.968707723209684,1.1365108854294625,331,6520,5,74
1950,1.0924171749499654,18.88859438595521,-2.996658612310662,331,9578,6,74
1951,0.7666650499917413,13.25613098296934,1.6303680760740629,331,6689,7,74
1952,1.69436529137807,29.29666382437371,-3.60318900711659,331,14783,8,74
1953,0.6580963770579767,11.378908916993273,1.8052537265642643,331,5770,9,74
1954,1.6105196254573588,27.846918424069877,-2.4403607969344288,331,14000,10,74
1955,0.5480709895031698,9.476499319876257,1.8451229852911883,331,4835,11,74
1956,1.549416445220991,26.790405203990257,-1.4063718161603864,331,13436,12,74
1957,0.6195179576910321,10.711863275288794,2.4771610104346413,331,5506,13,74
1958,0.6175899319095601,10.678526471559433,-0.186705844066059,331,5349,14,74
1959,0.4004349598388802,6.923777571237198,1.858320743836099,331,3590,15,74
1960,1.9004214056551094,29.387763328845036,-7.890875047085652,370,15244,0,114
1961,1.1784385686899903,18.22315495457502,0.318750751170546,370,9132,1,114
1962,1.2453685876851126,19.25814832602977,-4.45538058233459,370,9903,2,114
1963,1.1367898485829984,17.579106889334632,0.9232062681255292,370,8820,3,114
1964,1.5027096580997616,23.23762279923502,-4.526370988322396,370,11861,4,114
1965,1.0329593919424338,15.973492009919525,1.4004184744693715,370,8034,5,114
1966,1.2245307760016868,18.935916279904994,-3.0054189423529154,370,9606,6,114
1967,0.878783756602428,13.589348646261435,1.6720473915186234,370,6860,7,114
1968,1.8945091802322604,29.296337773988387,-3.604651439237452,370,14789,8,114
1969,0.7352793583153996,11.370223308608372,1.8046279887041032,370,5768,9,114
1970,0.6150961461996748,9.511732458501477,1.8527553451062502,370,4855,11,114
1971,1.6814694290945351,26.00193066646935,-1.3655497702908905,370,13046,12,114
1972,0.6960633275610519,10.763793899280497,2.490208171586586,370,5535,13,114
1973,0.6914228921420248,10.692035068617278,-0.18701998738193013,370,5358,14,114
1974,0.44992264845245933,6.957520195080145,1.8681558675499947,370,3609,15,114
1975,1.8661744652719061,28.780173203373256,-7.727819048671065,371,14929,0,114
1976,0.6775030181633415,10.44846265523631,0.18276160021123292,371,5236,1,114
1977,1.2451990586594976,19.203480300367378,-4.442783323291334,371,9875,2,114
1978,0.8879777859438167,13.69440797513396,0.7192007106905342,371,6871,3,114
1979,1.4295279198779576,22.046203020547175,-4.294347249944518,371,11253,4,114
1980,1.226301862218643,18.912047426996278,-3.00166451519195,371,9594,6,114
1981,0.8595762128260859,13.25639844880735,1.6310992921344938,371,6692,7,114
1982,1.911696469738589,29.48221430268975,-3.62756287579762,371,14883,8,114
1983,0.7165570397746209,11.050754416900265,1.7539432220310684,371,5606,9,114
1984,1.8395665780576587,28.36982593046151,-2.4872505865326686,371,14269,10,114
1985,0.6238702225647074,9.621336802088972,1.8741259525884233,371,4911,11,114
1986,1.6785119318641086,25.886038536026756,-1.3594787993667088,371,12988,12,114
1987,0.7114342368563935,10.971750466295974,2.5383476972161727,371,5642,13,114
1988,0.6989822964320799,10.779716436895827,-0.18855579914841106,371,5402,14,114
1989,0.45101195463199395,6.955513759647043,1.8676382294597897,371,3608,15,114
1990,2.059543941255149,28.732119594197613,-7.718501563047373,410,14911,0,154
1991,1.156795431806195,16.138128459847916,0.28241484096812175,410,8091,1,154
1992,1.3824316540915973,19.285916080992912,-4.4639287223996575,410,9922,2,154
1993,0.9841701507141368,13.72988160384916,0.7213988208527378,410,6892,3,154
1994,2.1071994591577146,29.396948351803765,-5.728849277185382,410,15012,4,154
1995,1.0168134530907273,14.1852791552421,1.244235383465568,410,7138,5,154
1996,1.3589572457296695,18.958431197107938,-3.0104248452342026,410,9622,6,154
1997,0.9475181805748198,13.218560253373855,1.627199473145529,410,6676,7,154
1998,2.0038959244361716,27.955789726990034,-3.4413465190745542,410,14119,8,154
1999,0.871274916743539,12.154911874346173,1.9300884296663685,410,6169,9,154
2000,2.056276575422338,28.686537490322177,-2.5161862931248913,410,14435,10,154
2001,0.6927144505024863,9.663864915810791,1.8832847843664975,410,4935,11,154
2002,1.8501027963802026,25.810264953492414,-1.3561292981671604,410,12956,12,154
2003,0.7920907028331718,11.050235126027484,2.5576934878897455,410,5685,13,154
2004,1.9441483477568462,27.122268050551472,-0.4746356454683624,410,13598,14,154
2005,0.4984839436650683,6.954209618097994,1.8681558675499947,410,3609,15,154
2006,1.392895152843836,19.384447895208723,-5.207439187462717,411,10060,0,154
2007,0.7545862609900306,10.501320238452681,0.18377383978459536,411,5265,1,154
2008,2.0912667172631147,29.103447329115628,-6.736384273381382,411,14973,2,154
2009,1.1514713495040925,16.024634971064632,0.8419808640364803,411,8044,3,154
2010,1.3851437595864182,19.276574392736613,-3.756647500973414,411,9844,4,154
2011,0.9861601937276575,13.724055864947015,1.2037951188306546,411,6906,5,154
2012,1.3854849314339635,19.28132236525167,-3.0617353497673983,411,9786,6,154
2013,0.7825103086664762,10.88992970852101,1.3405627774566222,411,5500,7,154
2014,2.1169037968451816,29.460229842378926,-3.6265879210503784,411,14879,8,154
2015,0.7976519623644953,11.100650950932751,1.7627035520733216,411,5634,9,154
2016,2.013303297330762,28.018456941773522,-2.457617633998465,411,14099,10,154
2017,0.7028436691521901,9.781236193795143,1.9061818638116825,411,4995,11,154
2018,1.8478796184421096,25.716311889790322,-1.3512097182803238,411,12909,12,154
2019,0.7965333659621683,11.08508382541551,2.5657917258461245,411,5703,13,154
2020,1.9571946780778458,27.237612379166162,-0.4766601246150873,411,13656,14,154
2021,0.501359179766156,6.977245112181985,1.8743675246324552,411,3621,15,154
2022,1.5136684694240132,19.31919632187318,-5.1924276828467715,448,10031,0,192
2023,0.8256647895404164,10.538093702420325,0.1845068408549613,448,5286,1,192
2024,2.2800769778887524,29.100992492482774,-6.739083686033508,448,14979,2,192
2025,1.26787787110042,16.182131027191392,0.850668632772809,448,8127,3,192
2026,1.506683011436106,19.230039787934192,-3.7493967591491058,448,9825,4,192
2027,1.066049948249652,13.606168494078986,1.194033675642917,448,6850,5,192
2028,1.5118201104472675,19.295605416290908,-3.065489776928364,448,9798,6,192
2029,0.850491735217948,10.854964039158743,1.3369066971544679,448,5485,7,192
2030,2.2982659069098315,29.33314074538029,-3.612694815902192,448,14822,8,192
2031,0.8849038919590814,11.294171980243759,1.7943033140114482,448,5735,9,192
2032,2.3280352081556996,29.713091168310587,-2.607525511524437,448,14959,10,192
2033,0.7616991875626604,9.721690343681336,1.8954965600705962,448,4967,11,192
2034,2.0151566950909463,25.719771930384052,-1.352047093580211,448,12917,12,192
2035,0.8679483896068941,11.07776615208871,2.5653418237374366,448,5702,13,192
2036,2.190370288256765,27.95605145460466,-0.48947019094005334,448,14023,14,192
2037,0.5794523898502851,7.39564488844512,1.9877302663873593,448,3840,15,192
2038,1.514620519013321,19.288117077464406,-5.184145473403491,449,10015,0,192
2039,0.8295391238627151,10.563865694771149,0.18496060342233067,449,5299,1,192
2040,2.2883597281006685,29.141392049616165,-6.74853163031595,449,15000,2,192
2041,1.0641563854787865,13.55162741702277,0.7123970363789514,449,6806,3,192
2042,1.509424489311974,19.221947612598807,-3.747870287186093,449,9821,4,192
2043,1.0450284960298764,13.308041009401856,1.1678869528186195,449,6700,5,192
2044,1.5816841067914413,20.1421463979848,-3.2000234168629627,449,10228,6,192
2045,1.0017286968278551,12.756634511236001,1.5711395751791613,449,6446,7,192
2046,2.271217018948046,28.923086159124136,-3.562240907732461,449,14615,8,192
2047,0.8775965297263815,11.175858506899075,1.7755311782066203,449,5675,9,192
2048,2.122655642159789,27.03121344730595,-2.37220500610576,449,13609,10,192
2049,0.764779173079766,9.739172316494415,1.898931121987374,449,4976,11,192
2050,2.026681614542467,25.809020655223208,-1.3567573296420758,449,12962,12,192
2051,0.739597864122136,9.418497910435946,2.181125422918115,449,4848,13,192
2052,1.272095663428651,16.199655149218785,-0.2836365094187316,449,8126,14,192
2053,0.5580578846888821,7.10665521875623,1.910084552856603,449,3690,15,192
2054,2.3959264938017104,28.06237051029164,-7.5466457170993,488,14579,0,232
2055,1.396111997067745,16.35200922771744,0.28646379926157156,488,8207,1,232
2056,1.3677359509825482,16.019653823275803,0.8426088955113957,488,8050,3,232
2057,1.6397271215768519,19.20535965544186,-3.746725433213834,488,9818,4,232
2058,1.1645714806720238,13.64008305800802,1.1976942168383187,488,6871,5,232
2059,1.7113557310318825,20.044312178761807,-3.1862571839394227,488,10184,6,232
2060,1.0914072681444218,12.783144731496403,1.5752831328549364,488,6463,7,232
2061,2.5043431512582046,29.332204296470938,-3.614644725396674,488,14830,8,232
2062,0.9603690104916741,11.248354683977192,1.7880459354098388,488,5715,9,232
2063,2.332532777908367,27.319869457765446,-2.3988746633865436,488,13762,10,232
2064,0.8255419802357282,9.669188508540348,1.8863377282925222,488,4943,11,232
2065,2.209615657456899,25.880198505801463,-1.361258221878969,488,13005,12,232
2066,1.031634149018805,12.083050041697595,2.7997408223637437,488,6223,13,232
2067,1.3954315476966868,16.344039441326444,-0.28632418001007326,488,8203,14,232
2068,0.8629542505626436,10.107380996607546,2.7181176116666728,488,5251,15,232
2069,2.4067526326554702,28.131245437622113,-7.565280688346681,489,14615,0,232
2070,1.386181433214801,16.20233404536283,0.28384593829597904,489,8132,1,232
2071,1.1871700433912025,13.876196254528486,0.7298772457640946,489,6973,3,232
2072,1.6482670302671945,19.26571253981654,-3.7585555909271795,489,9849,4,232
2073,1.1715377136901677,13.693478306030205,1.2024006269466923,489,6898,5,232
2074,1.7106444202035582,19.99480851845977,-3.1784354606874112,489,10159,6,232
2075,1.1056526157752309,12.923382603223438,1.5925885796184671,489,6534,7,232
2076,2.511323916547322,29.35352329575131,-3.6173258509515875,489,14841,8,232
2077,1.034065103304464,12.086634423846975,1.9213280996241155,489,6141,9,232
2078,2.5154602895716254,29.4018711496975,-2.5817274116711304,489,14811,10,232
2079,0.8310786955332407,9.714034772335154,1.895114942079843,489,4966,11,232
2080,2.3067498806693534,26.962366707673375,-1.4181997422712918,489,13549,12,232
2081,1.0299223437023985,12.038211920606088,2.789393073863926,489,6200,13,232
2082,1.3907838555828285,16.25612930104714,-0.2847883682435924,489,8159,14,232
2083,0.8660357232388038,10.122628789357146,2.722258716388313,489,5259,15,232
2084,2.5949787662864945,28.07958584597747,-7.555963202722991,528,14597,0,16
2085,1.532685801856739,16.584791793782127,0.29072218643226877,528,8329,1,16
2086,1.2757126825474387,13.804152947137524,0.7265277445645462,528,6941,3,16
2087,1.7779200626325546,19.238407525553047,-3.755502647001155,528,9841,4,16
2088,1.219615370342649,13.197138618447221,1.1595200015148444,528,6652,5,16
2089,1.846158744378953,19.97680043535568,-3.1774968538971695,528,10156,6,16
2090,1.1658265247046244,12.615103602102815,1.5555402992233025,528,6382,7,16
2091,2.688598368944322,29.092619056055977,-3.5873459924739213,528,14718,8,16
2092,1.117765864433456,12.095051779933247,1.9238310510647592,528,6149,9,16
2093,2.4781000218808247,26.814871552455298,-2.3559940379546958,528,13516,10,16
2094,0.9047681814514615,9.790259616702535,1.9111428976914728,528,5008,11,16
2095,2.5054769180934566,27.111109778904872,-1.4268875110076205,528,13632,12,16
2096,1.1105840584809539,12.017339337969407,2.786243759103112,528,6193,13,16
2097,1.5122598054578795,16.36376743442208,-0.2868477522031918,528,8218,14,16
2098,0.6890551276376279,7.456085136604007,2.0063652376347405,528,3876,15,16
2099,2.592577006891512,28.00026394478306,-7.534740041024584,529,14556,0,16
2100,1.5772469770127868,17.034530332204422,0.2986106741419209,529,8555,1,16
2101,1.2261942103108219,13.24310191944264,0.6970102652435258,529,6659,3,16
2102,1.8225470863715953,19.683812413112037,-3.8425115488928596,529,10069,4,16
2103,1.2378998844618496,13.3695251520059,1.1746851007529366,529,6739,5,16
2104,1.8689504068442429,20.184976011221067,-3.2106609604856984,529,10262,6,16
2105,1.1603414532901064,12.531881163734976,1.5453032743772699,529,6340,7,16
2106,2.6653079785905076,28.78577056584739,-3.5495664960183255,529,14563,8,16
2107,1.1763350884629666,12.70461509028229,2.0208204193897026,529,6459,9,16
2108,2.572972797396814,27.788535213554926,-2.4415809773328956,529,14007,10,16
2109,0.9310936748729254,10.05596693346393,1.963042944433893,529,5144,11,16
2110,2.5264130598384855,27.285682284840522,-1.4360986393063786,529,13720,12,16
2111,1.098667389939595,11.86579099639521,2.751151394625469,529,6115,13,16
2112,2.736352967016223,29.553068286449804,-0.5180572326843238,529,14842,14,16
2113,0.6967684288925251,7.525215206924384,2.025000208882122,529,3912,15,16
2114,2.7989768264099415,28.14152474148371,-7.577704002511603,568,14639,0,56
2115,1.0210417289237133,10.265776695782337,0.18007392961989127,568,5159,1,56
2116,2.8483262376905767,28.6376945080312,-6.644154341100397,568,14768,2,56
2117,1.3445753584255693,13.51865451649889,0.7119783487290079,568,6802,3,56
2118,2.8815876982122504,28.972112501555333,-5.659394802868319,568,14830,4,56
2119,1.2606456929977248,12.674807317087955,1.1143733267715572,568,6393,5,56
2120,2.037777575414566,20.488261108515054,-3.2610328582286527,568,10423,6,56
2121,1.274103780035884,12.810117865494023,1.580645383964763,568,6485,7,56
2122,2.8631479393157964,28.786715135519568,-3.5520038828864284,568,14573,8,56
2123,1.2537913835876056,12.605892592238996,2.0064284486060013,568,6413,9,56
2124,2.764428589102941,27.794169212929148,-2.4436727151588395,568,14019,10,56
2125,0.8203683925726313,8.248163114063832,1.6111911569595445,568,4222,11,56
2126,2.707534355241844,27.222142151203368,-1.4336911853192034,568,13697,12,56
2127,0.8202824680998119,8.247299210634933,1.9134336682489157,568,4253,13,56
2128,1.6337855150737068,16.42643663959744,-0.2881392302795508,568,8255,14,56
2129,0.8265576077990421,8.310390836630512,2.2377494639563946,568,4323,15,56
2130,2.789523242750061,27.996860808820504,-7.538881145746224,569,14564,0,56
2131,1.0236264772221773,10.273557704706434,0.18021354887138955,569,5163,1,56
2132,1.0831716100762685,10.87117839157163,0.5725553612978055,569,5470,3,56
2133,2.871850920035795,28.823136957503845,-5.630391835571084,569,14754,4,56
2134,1.2614750818179903,12.660709091147778,1.1131531463730902,569,6386,5,56
2135,2.0364571492265324,20.438764042637906,-3.2532111349766413,569,10398,6,56
2136,1.0206780101358712,10.243965614793135,1.2640288297981896,569,5186,7,56
2137,2.8959229157615134,29.064733909769803,-3.58637103772668,569,14714,8,56
2138,1.276947548851413,12.815997457010882,2.0399054241246106,569,6520,9,56
2139,2.861727139100724,28.72153031685842,-2.525250490370648,569,14487,10,56
2140,0.9894007202482002,9.930053216415349,1.9397642469979546,569,5083,11,56
2141,2.6883250051911194,26.981191561970103,-1.421025883908411,569,13576,12,56
2142,0.8248132399178191,8.278182134265334,1.9206321019879196,569,4269,13,56
2143,2.954697925632792,29.654625309556454,-0.5201864262696724,569,14903,14,56
2144,1.0419532024553921,10.457492639383654,2.8159512107154256,569,5440,15,56
2145,2.9996688602861004,28.16163925036644,-7.588574402405908,608,14660,0,96
2146,1.0865426571917305,10.20073340330294,0.17906169004652883,608,5130,1,96
2147,1.1632784754306458,10.921148399583535,0.5755908467598962,608,5499,3,96
2148,3.0891858257869416,29.002046844217237,-5.669316870627899,608,14856,4,96
2149,1.3727362212397607,12.887589947104432,1.1338962131470327,608,6505,5,96
2150,2.191432322159314,20.57371309057003,-3.276989173662756,608,10474,6,96
2151,1.1011052922984867,10.337451052987806,1.2764595028255148,608,5237,7,96
2152,2.877970067019608,27.01910063267082,-3.3362951450593172,608,13688,8,96
2153,1.356411661691697,12.734330911415459,2.0283292737116336,608,6483,9,96
2154,3.116670446039973,29.26007931264955,-2.5744063292803268,608,14769,10,96
2155,0.8756436128425426,8.220760585689202,1.6069933590612604,608,4211,11,96
2156,2.858377661396415,26.835162243166522,-1.414326881509314,608,13512,12,96
2157,1.3571106425290183,12.74089311781236,2.958106364621825,608,6575,13,96
2158,3.15838676492068,29.65172251657963,-0.5205005695855435,608,14912,14,96
2159,1.120885812868162,10.523155512517555,2.8356214581432173,608,5478,15,96
2160,3.014216652185209,28.251399892889122,-7.612903392645546,609,14707,0,96
2161,1.0955360614234873,10.268149552527229,0.1802484536842641,609,5164,1,96
2162,1.474332451779783,13.818500949524648,0.7283071670768063,609,6958,3,96
2163,3.1202829265964125,29.245529074468497,-5.7170191194720354,609,14981,4,96
2164,1.3546936399345961,12.697160214545253,1.1171623105394823,609,6409,5,96
2165,2.1925082541012055,20.549759556987315,-3.2732347465017906,609,10462,6,96
2166,1.1578759665824652,10.852443846255007,1.3400753000830017,609,5498,7,96
2167,3.023155602090085,28.335182141322413,-3.4988688491617843,609,14355,8,96
2168,1.3561193760551424,12.710523235831095,2.024574846550668,609,6471,9,96
2169,2.9099808614416576,27.27442731684264,-2.39974622081402,609,13767,10,96
2170,1.263859341738671,11.845796036571313,2.3156579678897478,609,6068,11,96
2171,3.0113844214852366,28.2248541958385,-1.4875972202494354,609,14212,12,96
2172,1.2716753530898435,11.919053299644707,2.7673478705382273,609,6151,13,96
2173,1.8372080348426416,17.21963112410647,-0.30227567949375045,609,8660,14,96
2174,0.8634592204838708,8.092958982031814,2.1808092740338396,609,4213,15,96
2175,3.1849751709100937,28.084902032834396,-7.573562897789962,647,14631,0,135
2176,1.1784843004837648,10.391797219839047,0.18255217133398555,647,5230,1,135
2177,1.2126075166438661,10.692693500492888,0.5639722644739626,647,5388,3,135
2178,3.235641583485578,28.53167513377855,-5.581544732754688,647,14626,4,135
2179,1.2464703321525081,10.991293585291793,0.9677773674699963,647,5552,5,135
2180,2.2682053669281443,20.000886067291837,-3.188134397519905,647,10190,6,135
2181,1.154891267503367,10.183755403386655,1.258422840001553,647,5163,7,135
2182,3.2680537319822176,28.81748333207031,-3.561022214298409,647,14610,8,135
2183,1.452185653958706,12.805277792248473,2.0411568998449323,647,6524,9,135
2184,3.080703511850993,27.165441386414614,-2.3919022039667306,647,13722,10,135
2185,1.3437226157590183,11.848857839639745,2.317947675834266,647,6074,11,135
2186,3.3844082842038716,29.843490137418723,-1.5740562199627786,647,15038,12,135
2187,1.1348401708174807,10.006946148728293,2.3250940976981886,647,5168,13,135
2188,1.9599343108236682,17.282572125843217,-0.303602062382984,647,8698,14,135
2189,0.9219034822503073,8.129284403598774,2.192197312018351,647,4235,15,135
2190,3.198161690638622,28.157287088831872,-7.593233145217754,648,14669,0,135
2191,1.2175349280708854,10.719433170224272,0.1883114654582891,648,5395,1,135
2192,1.4534013697752362,12.796050851291067,0.6749244917090036,648,6448,3,135
2193,3.3090850801449743,29.13387990224057,-5.6994646918973935,648,14935,4,135
2194,1.255808833308053,11.05640466885994,0.9735296464913417,648,5585,5,135
2195,2.2703585422895687,19.98871334646748,-3.1862571839394227,648,10184,6,135
2196,1.150171770635741,10.126353786944941,1.2513544180840543,648,5134,7,135
2197,3.2735313425261876,28.820857330510222,-3.56150969167203,648,14612,8,135
2198,1.4566499131304047,12.82465170913379,2.044285589145737,648,6534,9,135
2199,3.075776012680548,27.079777880991074,-2.3844068100904323,648,13679,10,135
2200,1.3468984400536523,11.8583766940556,2.3198557657880317,648,6079,11,135
2201,3.2498667725526293,28.612509487269634,-1.5091596342215283,648,14418,12,135
2202,1.3441985062883164,11.834605910241287,2.7498016882994056,648,6112,13,135
2203,2.031331211782398,17.88426653664294,-0.31417822068397777,648,9001,14,135
2204,0.9571156739998328,8.426647373370502,2.272431216000132,648,4390,15,135
2205,3.3914172650661962,28.107422545054565,-7.585986211954883,688,14655,0,176
2206,1.299526733763155,10.770230897483703,0.1893586098445261,688,5425,1,176
2207,3.356402515990372,27.817226951100114,-6.468692518712182,688,14378,2,176
2208,1.4981975945382409,12.416777280529862,0.6554555159866285,688,6262,3,176
2209,3.4392550269245312,28.503892834927804,-5.580781496773183,688,14624,4,176
2210,1.342035287711363,11.122533723770756,0.9801534829401638,688,5623,5,176
2211,2.4481838405450564,20.290082964129528,-3.236941950612457,688,10346,6,176
2212,1.217033736772075,10.086544596974482,1.2474545990950896,688,5118,7,176
2213,3.5773848253222145,29.64868638469795,-3.6668048043740775,688,15044,8,176
2214,1.27970019424586,10.605912301373719,1.691995173875137,688,5408,9,176
2215,3.4599832057534465,28.67568404650625,-2.526993605225601,688,14497,10,176
2216,1.418833805896861,11.75902526484679,2.3023013382133897,688,6033,11,176
2217,3.447864186344712,28.575243914039575,-1.508426930834127,688,14411,12,176
2218,1.4870137729071269,12.324087889727899,2.86587643234084,688,6370,13,176
2219,2.145596489274946,17.782296432951437,-0.31264240891749684,688,8957,14,176
2220,1.0163838026728582,8.4235960298792,2.2734664921805425,688,4392,15,176
2221,3.5240181354535625,29.16359331740239,-7.8712047996578605,689,15206,0,176
2222,1.2347168886598243,10.218103261369562,0.17965507186539648,689,5147,1,176
2223,3.3584521530031175,27.793424721842793,-6.4632936934079295,689,14366,2,176
2224,1.3252183329417289,10.967062890470709,0.5789403479594446,689,5531,3,176
2225,3.3615626736409987,27.819166348418413,-5.446833582018848,689,14273,4,176
2226,1.5151106406609378,12.538548003078754,1.1049605065548103,689,6339,5,176
2227,2.4626258595878716,20.37986647667908,-3.2513339213961583,689,10392,6,176
2228,1.2830916164355985,10.618436299812098,1.3132640445338692,689,5388,7,176
2229,3.6709089211868506,30.379212242316903,-3.757231857180697,689,15415,8,176
2230,1.2903192653441073,10.678249900453965,1.7035713242881143,689,5445,9,176
2231,3.3354423395525137,27.60300321548572,-2.4325167800871395,689,13955,10,176
2232,1.4119363993889011,11.68471255228532,2.2877998545647724,689,5995,11,176
2233,3.3174784013580148,27.45433968205703,-1.4492873002796005,689,13846,12,176
2234,1.2088651039384046,10.004162553017478,2.326443804024252,689,5171,13,176
2235,2.148939943387353,17.783906939061303,-0.3126773137303714,689,8958,14,176
2236,0.993520041213299,8.222038968282524,2.219114492709013,689,4287,15,176
2237,3.664554697392628,28.725654536243823,-7.759394972173572,727,14990,0,215
2238,1.2961319653738046,10.16009915125617,0.17878245154353228,727,5122,1,215
2239,9.604230837585224,75.28549575835505,-17.521887524952334,727,38946,2,215
2240,1.590768352375225,12.469690292802454,0.6588050171861769,727,6294,3,215
2241,3.6272311270204596,28.433083111581247,-5.571622664995108,727,14600,4,215
2242,1.3849357385682537,10.856212791506572,0.9574929898257727,727,5493,5,215
2243,2.5652384142453872,20.108351102835186,-3.2106609604856984,727,10262,6,215
2244,1.303497426154145,10.217835411006051,1.2647600458586206,727,5189,7,215
2245,3.7454512669027373,29.359785310869192,-3.6341438203414977,727,14910,8,215
2246,1.3098664286343624,10.267760648884853,1.6394331936216195,727,5240,9,215
2247,3.5310440594663017,27.67909341799555,-2.4412323543619054,727,14005,10,215
2248,1.4998352269741448,11.756885119494246,2.303827810176402,727,6037,11,215
2249,3.4994881803284654,27.43173368194197,-1.4492873002796005,727,13846,12,215
2250,1.081850785304945,8.480395159757194,1.9737205508130717,727,4387,13,215
2251,2.2713940884801387,17.804968758624636,-0.31330560036211363,727,8976,14,215
2252,1.0710082808056773,8.39540310362136,2.2677724731882867,727,4381,15,215
2253,1.2943576436408255,10.132102724354768,0.17829378416328837,728,5108,1,215
2254,1.6076238850065032,12.584319662373128,0.6648759881103584,728,6352,3,215
2255,3.7205106166176654,29.123786566893568,-5.707097051712455,728,14955,4,215
2256,1.4019788235706934,10.974550602437741,0.9679516789554916,728,5553,5,215
2257,2.5382093312401173,19.868849854899203,-3.1724909510158823,728,10140,6,215
2258,1.6471340111213018,12.893600994634054,1.5960009212338113,728,6548,7,215
2259,3.806419037307198,29.796269128100565,-3.688253808813383,728,15132,8,215
2260,1.3081540399468297,10.240099540601896,1.635053028600493,728,5226,9,215
2261,3.6176759522680473,28.31880705606526,-2.497709275662388,728,14329,10,215
2262,1.474272545240808,11.54045865566107,2.261468213202809,728,5926,11,215
2263,3.633351463027922,28.441513393109037,-1.5026699756474031,728,14356,12,215
2264,1.0838247593176613,8.48407227365429,1.974620355030447,728,4389,13,215
2265,2.2818501528946036,17.862095738608986,-0.3143178399354761,728,9005,14,215
2266,1.0805519744424972,8.458453239600763,2.284854530165053,728,4414,15,215
2267,1.3696996156155268,10.170620967709288,0.17913149967227796,767,5132,1,255
2268,3.9926886101944516,29.64746578988338,-6.9064472704653435,767,15351,2,255
2269,1.6991092405942259,12.616632049685117,0.667178770185048,767,6374,3,255
2270,3.8059892203130476,28.261140855760495,-5.543001315688627,767,14525,4,255
2271,1.459362441947258,10.836406816750191,0.9566214323982961,767,5488,5,255
2272,2.6910568849821144,19.982278791396105,-3.1934531693312733,767,10207,6,255
2273,1.40235329799346,10.413088894895411,1.2901088692868912,767,5293,7,255
2274,3.980532013801954,29.55719772471352,-3.6619300306378717,767,15024,8,255
2275,1.408408531358328,10.45805166098148,1.6713458244898267,767,5342,9,255
2276,3.6976010851451564,27.45631136787744,-2.423801205812374,767,13905,10,255
2277,1.5488607422561396,11.500970987841674,2.2557439433415127,767,5911,11,255
2278,1.7017749281383023,12.63642594998271,-0.6682254893099068,767,6384,12,255
2279,1.1334855685771232,8.416627966406864,1.9606733896611273,767,4358,13,255
2280,2.404447357186337,17.854077220984603,-0.3144574591869743,767,9009,14,255
2281,1.1239202173793856,8.345601034409446,2.256384435203776,767,4359,15,255
2282,3.9030617564915775,28.94375520837351,-7.825652647719817,768,15118,0,255
2283,1.705524464999249,12.647579181837877,0.22276251576548675,768,6382,1,255
2284,3.8772838556021605,28.752595216634184,-6.698142594142924,768,14888,2,255
2285,1.6991759186493067,12.600500559221638,0.6663413948851609,768,6366,3,255
2286,3.995367646640366,29.628263744348892,-5.8112787631880485,768,15228,4,255
2287,1.454064616754476,10.782839972875488,0.9519150222899225,768,5461,5,255
2288,2.699560216716606,20.019004299113195,-3.199397679002802,768,10226,6,255
2289,1.3972732090088265,10.361694547493705,1.2837716634298235,768,5267,7,255
2290,4.095785280783609,30.372926166461994,-3.763081585664144,768,15439,8,255
2291,1.416833530522005,10.506747122368521,1.6791675477418382,768,5367,9,255
2292,3.7572433266841987,27.86241619799414,-2.4597093718244087,768,14111,10,255
2293,1.5540164546264046,11.524048211044029,2.26032335923055,768,5923,11,255
2294,1.6959729480203727,12.57674843752659,-0.6650853319353301,768,6354,12,255
2295,1.1378192614942126,8.43767386495666,1.9656223128566923,768,4369,13,255
2296,1.6905590356604903,12.536600737121029,-0.220807846244511,768,6326,14,255
2297,1.1266676481895253,8.354977360057017,2.258972625654801,768,4364,15,255
2298,4.185682534842293,29.520937469819128,-7.9892262842246105,807,15434,0,39
2299,1.8056097762324619,12.73467179016742,0.2245077564092151,807,6432,1,39
2300,4.020106284255401,28.353155131007107,-6.611311487166192,807,14695,2,39
2301,1.5193840718694553,10.715968496160052,0.5672170937610252,807,5419,3,39
2302,4.210727087355814,29.697572621328316,-5.830359662725703,807,15278,4,39
2303,1.526028342139191,10.762829452654648,0.951043464862446,807,5456,5,39
2304,2.8024845880715565,19.765467542251,-3.161853407393146,807,10106,6,39
2305,1.6505795285262237,11.64126869273474,1.443664241977377,807,5923,7,39
2306,4.305496153255134,30.365963414275157,-3.7657627112190575,807,15450,8,39
2307,1.4758384106191198,10.408848036795945,1.6650884458882174,807,5322,9,39
2308,3.9764561840529464,28.045298080716847,-2.4781863892869125,807,14217,10,39
2309,1.8055028897282324,12.733917937054706,2.49997945742349,807,6551,11,39
2310,1.7795775427487417,12.55107068557443,-0.664352628547929,807,6347,12,39
2311,1.2004237070644912,8.466392971409267,1.9741704529217592,807,4388,13,39
2312,1.7806254369780012,12.558461312971383,-0.22140122806337864,807,6343,14,39
2313,1.1566629526436685,8.157755494931875,2.2077264547245017,807,4265,15,39
2314,4.154177939528367,29.261995526072273,-7.91934514204693,808,15299,0,39
2315,1.80333527279578,12.702678954226364,0.22394927940322204,808,6416,1,39
2316,4.086409819272721,28.78463743968366,-6.712089559512244,808,14919,2,39
2317,1.8797414739912663,13.240883612306162,0.7008831260055037,808,6696,3,39
2318,4.11877706862363,29.012632080135944,-5.696030129980616,808,14926,4,39
2319,1.5267866207285825,10.754672504495327,0.9503462189204647,808,5452,5,39
2320,2.8361981565881247,19.978156684005327,-3.1959561207719167,808,10215,6,39
2321,2.616332272173474,18.429423187334777,-2.285537666220136,808,9377,8,39
2322,1.4923705425023173,10.51224593015454,1.6816704991824818,808,5375,9,39
2323,3.949986295923818,27.823671253834664,-2.458663502911437,808,14105,10,39
2324,1.6082160495737987,11.328260737172203,2.2240696501090063,808,5828,11,39
2325,4.105898864784388,28.92191811732227,-1.5309313920185927,808,14626,12,39
2326,1.3544672267781759,9.540856098883015,2.224765927460825,808,4945,13,39
2327,1.7920925341873275,12.623485195160114,-0.22255308688823935,808,6376,14,39
2328,1.1284896736178767,7.949072057412665,2.151303902892152,808,4156,15,39
2329,4.350414796757464,29.213933455053127,-7.914168761144879,847,15289,0,79
2330,1.8591252469286392,12.484409828888875,0.22031917886426705,847,6312,1,79
2331,4.261291047484973,28.61544908007997,-6.67924670557804,847,14846,2,79
2332,1.2914474383002048,8.672336153168974,0.4595096958130468,847,4390,3,79
2333,4.310090263957914,28.943145892752124,-5.688016152174801,847,14905,4,79
2334,1.5923254045801574,10.692793809653974,0.9458141202975865,847,5426,5,79
2335,2.9619349320543935,19.89000452732195,-3.1850057082191006,847,10180,6,79
2336,1.8282978440246498,12.27739745441357,1.5240980086247744,847,6253,7,79
2337,2.7423005723824065,18.415114461049875,-2.2860251435937564,847,9379,8,79
2338,1.576692082200664,10.58781282254987,1.6954367321060224,847,5419,9,79
2339,4.142217671516572,27.815846779075905,-2.46040661776639,847,14115,10,79
2340,1.6849980522028019,11.315109769679076,2.223688032118253,847,5827,11,79
2341,2.3093080616529855,15.507480365006025,-0.8216745130142181,847,7850,12,79
2342,1.2135752760855762,8.149408508054567,1.9021861155317223,847,4228,13,79
2343,1.8815101516761956,12.634729085383734,-0.22297194464273415,847,6388,14,79
2344,1.1097271049351891,7.452046600477938,2.0187885517996618,847,3900,15,79
2345,4.361495980663178,29.25329908073027,-7.9250391610391855,848,15310,0,79
2346,1.8433162704310952,12.363437315629017,0.21818998527891847,848,6251,1,79
2347,4.257664240190332,28.55688184875495,-6.665749642317408,848,14816,2,79
2348,1.2900157853008247,8.652356382667145,0.4584629766881879,848,4380,3,79
2349,4.283295665773432,28.728796201484425,-5.646038173191961,848,14795,4,79
2350,1.966443889689998,13.189275304990478,1.1666667724201523,848,6693,5,79
2351,2.965988942163612,19.893394830564095,-3.1856314460792614,848,10182,6,79
2352,1.6501189525380802,11.06762988006652,1.3739549775496327,848,5637,7,79
2353,2.7466854943524583,18.422489119152768,-2.287000098340998,848,9383,8,79
2354,1.5846572230770037,10.628566870778695,1.702006979637712,848,5440,9,79
2355,4.234920398325359,28.404335013616123,-2.5125257519294895,848,14414,10,79
2356,1.6716288728743356,11.211900592590135,2.2034622786083395,848,5774,11,79
2357,2.2902198051368066,15.360895714981673,-0.8139287914902624,848,7776,12,79
2358,1.1922954193135586,7.996929184022967,1.8666438489453918,848,4149,13,79
2359,1.8884334339850797,12.666045843751114,-0.22353042164872722,848,6404,14,79
2360,1.120428719265074,7.51490694216278,2.0358706087764284,848,3933,15,79
2361,4.567663370210897,29.268743819835525,-7.937462475204105,887,15334,0,119
2362,1.9727540248640598,12.641043678888632,0.22332099277147985,887,6398,1,119
2363,4.516848795111941,28.94313340147922,-6.762928497793958,887,15032,2,119
2364,1.355039437799717,8.682842616946767,0.4605564149379057,887,4400,3,119
2365,4.491459890520096,28.780445986900624,-5.66206612880359,887,14837,4,119
2366,2.0325188176936932,13.024005440515852,1.153244788037013,887,6616,5,119
2367,4.591685143874134,29.422670911755805,-4.716499120962961,887,15075,6,119
2368,1.7067437748067653,10.936499094199183,1.3590869176542049,887,5576,7,119
2369,2.880589251202738,18.458284249553174,-2.293824781571686,887,9411,8,119
2370,1.7178841931310194,11.007884838627048,1.7645807656538042,887,5640,9,119
2371,4.413723980321236,28.282328622111738,-2.50433311211121,887,14367,10,119
2372,2.0161166590863275,12.91890343551649,2.541575818415577,887,6660,11,119
2373,2.407042783146043,15.423885885012709,-0.8181156679896979,887,7816,12,119
2374,1.2376862817367007,7.930865252840135,1.8531467856847599,887,4119,13,119
2375,1.9739873815535653,12.64894680091357,-0.2234606120229781,887,6402,14,119
2376,1.1647035201202953,7.463205186876022,2.023964932701712,887,3910,15,119
2377,4.582016209554078,29.32711574584345,-7.953509256000462,888,15365,0,119
2378,3.4686821802500587,22.2012404874574,0.39222538227150966,888,11237,1,119
2379,4.417817134115459,28.2761623946292,-6.607262368188003,888,14686,2,119
2380,1.3550133194619902,8.672739387992845,0.4600330553754763,888,4395,3,119
2381,4.473147432289737,28.63030301408524,-5.632681543515602,888,14760,4,119
2382,2.0830782299164885,13.332706294016557,1.1806116912597777,888,6773,5,119
2383,4.57517026614969,29.28329840312184,-4.694285426927248,888,15004,6,119
2384,1.6470601395074869,10.541980024204678,1.3100954416053354,888,5375,7,119
2385,2.892697249665242,18.514658870417147,-2.300893203489184,888,9440,8,119
2386,1.7063884836959253,10.921710068239792,1.750814532730264,888,5596,9,119
2387,4.426041459726588,28.3288020488989,-2.5085165877630975,888,14391,10,119
2388,1.8153220270606727,11.618937334306953,2.285891764611007,888,5990,11,119
2389,2.4131261095401584,15.445172056841864,-0.8192670590270427,888,7827,12,119
2390,1.2378671869048832,7.92294758640196,1.851347177250009,888,4115,13,119
2391,2.6719687596551136,17.101889975921623,-0.30213606024225215,888,8656,14,119
2392,1.1627257534039277,7.4420061368723465,2.0182709137094568,888,3899,15,119
2393,4.650518203505415,28.4925599147651,-7.735583620024141,927,14944,0,159
2394,2.07351924535885,12.703932926931238,0.22468228047358793,927,6437,1,159
2395,4.6233675447345775,28.326214630669597,-6.626158256752888,927,14728,2,159
2396,1.4249538473399375,8.73033522167589,0.4635919003999965,927,4429,3,159
2397,4.700180594692473,28.79682894339532,-5.671606578572418,927,14862,4,159
2398,2.1757078145465694,13.33001668851947,1.1816575601727495,927,6779,5,159
2399,4.768341882060016,29.21443607430029,-4.688340917255719,927,14985,6,159
2400,1.71494113859232,10.507014703179898,1.307170577363612,927,5363,7,159
2401,2.974525912956509,18.22417504549308,-2.2672572647093636,927,9302,8,159
2402,1.7272312136017192,10.582312913667131,1.6982525524767462,927,5428,9,159
2403,2.3759794882856253,14.55703105843187,-1.2904279271218269,927,7403,10,159
2404,1.9057521372370365,11.676065887020602,2.2996300122781177,927,6026,11,159
2405,2.508871099922518,15.371224668915918,-0.8162315735649519,927,7798,12,159
2406,1.1746768979085274,7.19695105567393,1.6835336907094858,927,3742,13,159
2407,2.8002334627783876,17.156328869630766,-0.30342753831861113,927,8693,14,159
2408,1.2083754138257177,7.403413420036997,2.009988704266176,927,3883,15,159
2409,4.5489480667967195,27.839701656489307,-7.558551393174016,928,14602,0,159
2410,2.1660279412535255,13.2561574189571,0.2344556280784667,928,6717,1,159
2411,4.611027441981153,28.219629336202942,-6.601413640775062,928,14673,2,159
2412,1.4445138499052752,8.840469055596,0.46945352749920616,928,4485,3,159
2413,4.567805116393743,27.95510737825048,-5.505984370585577,928,14428,4,159
2414,2.3486400343649243,14.3737490283659,1.2742169589707624,928,7310,5,159
2415,4.757513294029884,29.116127242543087,-4.672697470751697,928,14935,6,159
2416,2.239522175571445,13.705944386589774,1.7051958529248237,928,6996,7,159
2417,3.032766308085173,18.56062280139387,-2.3091803188407343,928,9474,8,159
2418,1.71729187600369,10.509878939708724,1.6866764020637692,928,5391,9,159
2419,2.319081226818881,14.192848219800966,-1.2581803023051932,928,7218,10,159
2420,1.7900173362967997,10.954960986736085,2.1576681197179686,928,5654,11,159
2421,2.4741929531710865,15.142136741379812,-0.804089631716589,928,7682,12,159
2422,1.174047469722728,7.185206515372057,1.6808342780573593,928,3736,13,159
2423,2.8796530468057138,17.623564947340615,-0.3116999789698835,928,8930,14,159
2424,1.2311630434173837,7.534755577759604,2.045705732490324,928,3952,15,159
2425,4.7412605548469005,27.825232879348444,-7.5632101359858614,967,14611,0,199
2426,2.2263141839339426,13.065662583599329,0.23134909973263024,967,6628,1,199
2427,4.6723969193053705,27.421089999265046,-6.421902699408658,967,14274,2,199
2428,1.4972743917380231,8.787116454041954,0.4671507454245166,967,4463,3,199
2429,4.759301305688445,27.93110938364035,-5.507510842548589,967,14432,4,199
2430,2.4497705572856625,14.377070289410808,1.2759600738257155,967,7320,5,199
2431,4.951607017088577,29.059701904940887,-4.668943043590731,967,14923,6,199
2432,1.844269873233489,10.82354325847535,1.3481186767477413,967,5531,7,199
2433,3.1730378075736545,18.621738862348842,-2.3194173436867667,967,9516,8,199
2434,1.7884582069361008,10.495999012774334,1.6863635331336886,967,5390,9,199
2435,2.4152997420670252,14.17476998342593,-1.258005990819698,967,7217,10,199
2436,1.1861978101830195,6.961488390587191,1.3726799127388634,967,3597,11,199
2437,4.865890158585769,28.55665181479375,-1.5181614186953145,967,14504,12,199
2438,1.218018000331742,7.148232863056273,1.6740857464270433,967,3721,13,199
2439,5.310505016293849,31.165981509762428,-0.5518450915469046,967,15810,14,199
2440,1.2730110982591465,7.47097314254219,2.0306942278743776,967,3923,15,199
2441,4.74904038777233,27.841544066890982,-7.567868878797707,968,14620,0,199
2442,2.2218697509422585,13.025849336010445,0.23065100347513892,968,6608,1,199
2443,5.265680712473004,30.870380040558903,-7.229926886611821,968,16070,2,199
2444,1.4863823106753993,8.714008562544214,0.4632778846625388,968,4426,3,199
2445,4.654248841228602,27.285822741155133,-5.38043205162781,968,14099,4,199
2446,1.9444032668462694,11.3991848494472,1.011703861814816,968,5804,5,199
2447,2.0871509063423095,12.236051746959086,1.5240980086247744,968,6253,7,199
2448,3.166941915780558,18.566393567111433,-2.3125926604560783,968,9488,8,199
2449,1.1774727872562227,6.903007306142683,1.1091203571352368,968,3545,9,199
2450,2.378912404871702,13.946521642991828,-1.2377858585022412,968,7101,10,199
2451,1.9727492074035127,11.565364685519759,2.2805491127404633,968,5976,11,199
2452,4.853075185623632,28.451454527186268,-1.5126138073335627,968,14451,12,199
2453,1.221231612656309,7.159546136351153,1.6767851590791696,968,3727,13,199
2454,2.8916585741681935,16.95252788887558,-0.30018139072127636,968,8600,14,199
2455,1.348701483586232,7.9068461672866865,2.149233350531332,968,4152,15,199
2456,4.944182659200152,27.84090919571233,-7.576668726331192,1007,14637,0,239
2457,2.329712442760235,13.118712847373207,0.23257076818324007,1007,6663,1,239
2458,5.112456719608966,28.788467803224115,-6.750331238750701,1007,15004,2,239
2459,1.5428680083603932,8.687957359706505,0.4624405093626517,1007,4418,3,239
2460,5.228115047979319,29.439744918137137,-5.812041999169555,1007,15230,4,239
2461,1.5195974055258772,8.556919575485553,0.7603466997305699,1007,4362,5,239
2462,5.00825675466867,28.20171323486266,-4.536599486166695,1007,14500,6,239
2463,2.192604205959819,12.346650358208997,1.5396972845806332,1007,6317,7,239
2464,3.1818272528152067,17.917008680339066,-2.2343525419899737,1007,9167,8,239
2465,2.312087635569109,13.019466785804871,2.094344617958611,1007,6694,9,239
2466,2.448356388362188,13.786802103739676,-1.2250611200610833,1007,7028,10,239
2467,1.9714422009550379,11.10127741725946,2.191632120894994,1007,5743,11,239
2468,3.0661795186519356,17.26579122187033,-0.9190193916260936,1007,8780,12,239
2469,1.2695956903001204,7.149148962597511,1.676335256970482,1007,3726,13,239
2470,2.994395521506626,16.861572388549323,-0.298924817457792,1007,8564,14,239
2471,1.1383408868965301,6.41004741337368,1.7444403639909898,1007,3370,15,239
2472,4.953437280807782,27.86477226809067,-7.583398021503858,1008,14650,0,239
2473,2.299802716603884,12.937173790005692,0.2293595253987799,1008,6571,1,239
2474,5.073141497592705,28.53814926897966,-6.691843964621296,1008,14874,2,239
2475,1.5601148071014908,8.776177298215435,0.4671507454245166,1008,4463,3,239
2476,5.266240192466871,29.62439521354458,-5.848677326281852,1008,15326,4,239
2477,1.517952419796599,8.538999505517461,0.7587778963611119,1008,4353,5,239
2478,5.012487332931344,28.19694892877378,-4.535973748306534,1008,14498,6,239
2479,2.062385600267625,11.601621626079268,1.446832844905911,1008,5936,7,239
2480,3.183912001491327,17.910589720584642,-2.2336213259295428,1008,9164,8,239
2481,1.2062745416331533,6.785705256758981,1.091599697050731,1008,3489,9,239
2482,2.4298397567522865,13.668676442555862,-1.214602430931364,1008,6968,10,239
2483,1.1614179727611915,6.53337177487803,1.2898688087454429,1008,3380,11,239
2484,3.065697257064771,17.24559150915289,-0.9179726725012347,1008,8770,12,239
2485,2.3607014645401305,13.279749994458742,-0.23543296283895457,1008,6745,14,239
2486,1.1387833967072087,6.40604457330576,1.7434050878105796,1008,3368,15,239
2487,5.533050416450876,29.970423404071425,-8.166258511074734,1046,15776,0,22
2488,2.436017039295403,13.194975030436527,0.23421129438834473,1046,6710,1,22
2489,1.6077704668471038,8.708679300066358,0.46411525996242586,1046,4434,3,22
2490,5.642951393724574,30.565715073856488,-6.041776029602915,1046,15832,4,22
2491,2.699851072411741,14.624063342625169,1.301060927737041,1046,7464,5,22
2492,5.660580241057295,30.661203814952454,-4.938323192390008,1046,15784,6,22
2493,2.1414468955849437,11.59940093211419,1.4482952770267727,1046,5942,7,22
2494,3.29001492928222,17.820755824515388,-2.2250904718911824,1046,9129,8,22
2495,1.239058840145271,6.711509071253214,1.0809621534279954,1046,3455,9,22
2496,2.488970421927276,13.481803303939413,-1.1994373316932718,1046,6881,10,22
2497,1.2164851633894627,6.5892360754846,1.302462202440295,1046,3413,11,22
2498,2.4928782046851237,13.502970272430357,-0.7196193983404776,1046,6875,12,22
2499,1.2708205018619259,6.883549876598998,1.6160483744063263,1046,3592,13,22
2500,2.4392844242959484,13.21267320856975,-0.23452543770421583,1046,6719,14,22
2501,1.1819459877940828,6.402150537000551,1.7444403639909898,1046,3370,15,22
2502,5.517217715279983,29.855476046624727,-8.135200225662432,1047,15716,0,22
2503,1.7566078517933288,9.505581680651012,0.16872986543565702,1047,4834,1,22
2504,5.279315789305907,28.568110635487514,-6.707140636316678,1047,14908,2,22
2505,1.6045721313067085,8.682866492405214,0.46275452510010934,1047,4421,3,22
2506,5.641864281251037,30.529979529482834,-6.034906905769359,1047,15814,4,22
2507,1.7820511244685306,9.643263580677987,0.857961131607947,1047,4922,5,22
2508,5.253119755502092,28.426355297904884,-4.578523922797477,1047,14634,6,22
2509,2.288124993560643,12.381795401645924,1.5460344904377008,1047,6343,7,22
2510,2.623966767012473,14.199145475575033,-1.7729552078580855,1047,7274,8,22
2511,1.2456147021724926,6.740430018021726,1.0856551873792022,1047,3470,9,22
2512,2.485892527549966,13.451980443912042,-1.196822659410842,1047,6866,10,22
2513,1.3139614359331966,7.110276628752073,1.4054990599436292,1047,3683,11,22
2514,2.4789024331202936,13.41415474850206,-0.7149091622786127,1047,6830,12,22
2515,1.3049556401658349,7.061543311763582,1.6578892705142851,1047,3685,13,22
2516,2.34238605971448,12.675419841430784,-0.22499642378945903,1047,6446,14,22
2517,1.1851697001008668,6.413342271150742,1.74754619253222,1047,3376,15,22
2518,5.696649419403186,29.69390873952989,-8.101553749799104,1086,15651,0,62
2519,1.7975330737928592,9.369680161059263,0.16653086222455926,1086,4771,1,62
2520,5.794181247661189,30.202295511169428,-7.099905177201068,1086,15781,2,62
2521,1.6689051469627565,8.699204300698499,0.4642199318749118,1086,4435,3,62
2522,5.212951111105048,27.17262080926883,-5.378142343683292,1086,14093,4,62
2523,1.807858051871484,9.423499333388891,0.8394841141454434,1086,4816,5,62
2524,5.446860810452441,28.391880193926564,-4.578836791727557,1086,14635,6,62
2525,2.4666023066412173,12.857218058855302,1.6074566395138952,1086,6595,7,62
2526,2.725043882666855,14.204350383141733,-1.7758800720998091,1086,7286,8,62
2527,1.2989097525438347,6.7705952768571045,1.0919125659808115,1086,3490,9,62
2528,2.5698912423405695,13.395613877985955,-1.1933364297009357,1086,6846,10,62
2529,1.3819332541750131,7.203357081063532,1.425724813453543,1086,3736,11,62
2530,2.5701515566529034,13.396970771988896,-0.7149091622786127,1086,6830,12,62
2531,1.3515227914986907,7.044841884330186,1.6560896620795342,1086,3681,13,62
2532,2.526944943602747,13.171755363702468,-0.23410657994972103,1086,6707,14,62
2533,1.3248868370473197,6.906001393641863,1.884202648346351,1086,3640,15,62
2534,5.7116682951176445,29.744138152902043,-8.11552997823464,1087,15678,0,62
2535,1.8176465132948005,9.46559327522497,0.16824119805541307,1087,4820,1,62
2536,5.802024925514923,30.214680200987132,-7.103054491961881,1087,15788,2,62
2537,1.691138929380486,8.806791177674288,0.4699768870616356,1087,4490,3,62
2538,5.199552132096709,27.077237150221343,-5.359443062136391,1087,14044,4,62
2539,1.8241561004053373,9.499492662992228,0.8462822620797609,1087,4855,5,62
2540,2.538475603324304,13.219389702233096,1.6527920352606102,1087,6781,7,62
2541,2.741373963006028,14.27600513043105,-1.78489840351179,1087,7323,8,62
2542,1.2974837913235568,6.756788935601888,1.0897224834702484,1087,3483,9,62
2543,2.566968996492124,13.367772167572173,-1.1908960689040011,1087,6832,10,62
2544,1.3613467096069212,7.089362076428644,1.4032093519991105,1087,3677,11,62
2545,2.561567006395698,13.339640712552969,-0.7118736768165219,1087,6801,12,62
2546,1.3516498401345252,7.038864566710836,1.654739955753471,1087,3678,13,62
2547,2.508880135466869,13.065268062255544,-0.23222172005449443,1087,6653,14,62
2548,1.4204486977078514,7.397142151943172,2.0182709137094568,1087,3899,15,62
2549,6.109771573825313,30.687902885404437,-8.384184147051057,1126,16197,0,102
2550,1.8753962778749589,9.419661300208405,0.1676478162365454,1126,4803,1,102
2551,5.668515830926341,28.47158215686491,-6.702191713121114,1126,14897,2,102
2552,1.748315300859859,8.781364330493707,0.4692441836742343,1126,4483,3,102
2553,5.370705330894325,26.97575214214077,-5.3464680504507855,1126,14010,4,102
2554,1.7230446020824746,8.654435730863403,0.7720255692587561,1126,4429,5,102
2555,5.697782136732606,28.618579722902368,-4.621699835148581,1126,14772,6,102
2556,2.5000980291165247,12.557386899733638,1.5721145299264025,1126,6450,7,102
2557,2.8869349024588953,14.500374826235058,-1.8153657393630769,1126,7448,8,102
2558,1.3430596669444173,6.745863430486464,1.089409614540168,1126,3482,9,102
2559,2.6571222922156923,13.346081743462868,-1.1905474459330105,1126,6830,10,102
2560,1.4387050040575593,7.226266794393599,1.4322123192963454,1126,3753,11,102
2561,2.621107993994895,13.165190645828288,-0.7034999238176509,1126,6721,12,102
2562,1.3926809385238914,6.99509905981913,1.6466417177970918,1126,3660,13,102
2563,2.5180992288185737,12.647802566113679,-0.22510113822808273,1126,6449,14,102
2564,1.5277258056425582,7.673396720743839,2.096434265330418,1126,4050,15,102
2565,11.865544731686077,59.543488531650794,-16.268329898964044,1127,31428,0,102
2566,1.9153392594159888,9.611525117991837,0.17106848789825296,1127,4901,1,102
2567,5.691384804843989,28.56041703264344,-6.723337112229437,1127,14944,2,102
2568,1.7537512081293798,8.800646519814846,0.47029090279909325,1127,4493,3,102
2569,5.360833412465533,26.901649273869754,-5.331966566802167,1127,13972,4,102
2570,1.7611565896466528,8.837808087986994,0.7884108488953158,1127,4523,5,102
2571,5.705865359452226,28.633083122295858,-4.624202786589225,1127,14780,6,102
2572,2.502677620381787,12.558897173062762,1.572358268613213,1127,6451,7,102
2573,2.8529981739711148,14.316870223330266,-1.7924543028029092,1127,7354,8,102
2574,1.3396043841203804,6.722381490823181,1.0856551873792022,1127,3470,9,102
2575,2.6520534008585788,13.308492347397618,-1.1872355277085995,1127,6811,10,102
2576,1.4307577866507282,7.179806050834549,1.4230534875182712,1127,3729,11,102
2577,2.6218443946149668,13.156897991007417,-0.7030812361677075,1127,6717,12,102
2578,1.414086709072921,7.0961475135308545,1.6704865295575415,1127,3713,13,102
2579,2.5847896065654665,12.970950240848403,-0.2308604323523863,1127,6614,14,102
2580,1.2851697297524312,6.449218370934813,1.7620400590579612,1127,3404,15,102
2581,12.192479551666628,59.08294631787464,-16.164802280923038,1166,31228,0,142
2582,2.006987428482073,9.725563204364505,0.17333730073509984,1166,4966,1,142
2583,13.27344620941957,64.32115030589767,-15.162600866993875,1166,33702,2,142
2584,1.7986790470614933,8.716131704817466,0.46641804203711545,1166,4456,3,142
2585,5.950521861019113,28.835345770981753,-5.723125007324085,1166,14997,4,142
2586,1.7701334006916445,8.577803739211136,0.7662732902374105,1166,4396,5,142
2587,6.1401693527178285,29.75434936855786,-4.811924144637501,1166,15380,6,142
2588,2.752594363655597,13.338663750353993,1.6722911302054335,1166,6861,7,142
2589,1.400900797053762,6.788557342930398,1.0978570756523403,1166,3509,9,142
2590,2.73653926094186,13.260863105477453,-1.18462085542617,1166,6796,10,142
2591,1.3744487381856512,6.6603745916303785,1.3219247199687023,1166,3464,11,142
2592,2.7101281692035157,13.132878874808004,-0.7027672204302498,1166,6714,12,142
2593,1.454478572529419,7.04818729095247,1.661488487383787,1166,3693,13,142
2594,2.7134340706461217,13.148898782541943,-0.234350913639843,1166,6714,14,142
2595,1.3220102395908544,6.406265410283192,1.7527225734342704,1166,3386,15,142
2596,12.105100180541754,58.607837911868124,-16.035392758371774,1167,30978,0,142
2597,2.009493803861855,9.72912948964691,0.17340711036084897,1167,4968,1,142
2598,5.9044301338256675,28.586784007079363,-6.739083686033508,1167,14979,2,142
2599,1.8018162503210258,8.723641537104454,0.4668367296870589,1167,4460,3,142
2600,5.928947689537544,28.705487769107425,-5.697556601943628,1167,14930,4,142
2601,1.7297174778467603,8.374569401575272,0.7481448957458977,1167,4292,5,142
2602,2.6827024038365597,12.988524283554955,-2.1006019965602203,1167,6714,6,142
2603,2.6669864888484645,12.912434388839374,1.6189123577939792,1167,6642,7,142
2604,2.7203904640090855,13.170994125923933,-1.6513296031397484,1167,6775,8,142
2605,1.3996881919331945,6.776705475914955,1.0959798620718575,1167,3503,9,142
2606,2.7291814445429314,13.213556381050266,-1.1804373797742822,1167,6772,10,142
2607,1.3986439224749654,6.771649559463922,1.3440585634323816,1167,3522,11,142
2608,2.713228237030495,13.136317615065812,-0.7029765642552215,1167,6716,12,142
2609,1.4533436079454727,7.036482584558489,1.6587890747316607,1167,3687,13,142
2610,2.0920092499141534,10.128634806854633,-0.18052769218726064,1167,5172,14,142
2611,1.329771318819278,6.438197185553852,1.7615224209677562,1167,3403,15,142
2612,2.0748352078881047,9.711314897596608,0.17333730073509984,1206,4966,1,182
2613,6.09439713588845,28.524968861438083,-6.734134762837943,1206,14968,2,182
2614,1.8916168296025595,8.85375697695144,0.4744777792985288,1206,4533,3,182
2615,5.676678907095153,26.569828885571244,-5.281211374032007,1206,13839,4,182
2616,1.7950064856658998,8.401569994213189,0.751631125455804,1206,4312,5,182
2617,2.757842387079399,12.908146033500275,-2.0905901907976454,1206,6682,6,182
2618,2.751912880231508,12.880392837502633,1.617206186986307,1206,6635,7,182
2619,2.8000246954699186,13.105581318158293,-1.6454798746563013,1206,6751,8,182
2620,1.414002995829695,6.618274215919177,1.071888954455662,1206,3426,9,182
2621,2.8115662811195477,13.159601980731884,-1.1772997730353665,1206,6754,10,182
2622,1.4557795679803955,6.813810442582003,1.354362249182715,1206,3549,11,182
2623,2.7938174882393856,13.076528339000637,-0.7007784540930179,1206,6695,12,182
2624,1.4804401380338323,6.929234819627797,1.6358440671885863,1206,3636,13,182
2625,2.1604858759543677,10.112204860143388,-0.1804927873743861,1206,5171,14,182
2626,1.3695272615169665,6.410104497393733,1.7563460400657058,1206,3393,15,182
2627,2.0869838564817846,9.759839818674779,0.17420992105696403,1207,4991,1,182
2628,6.123010262210972,28.634432979286697,-6.760229085141831,1207,15026,2,182
2629,1.98713107054948,9.292875403439389,0.4980289596078535,1207,4758,3,182
2630,2.73043092596356,12.76893848057075,-2.538141256498799,1207,6651,4,182
2631,1.8385516015082344,8.598039258117744,0.7692365854908311,1207,4413,5,182
2632,2.748942507110682,12.855508420354989,-2.082142729685473,1207,6655,6,182
2633,3.6051073606425783,16.859387895942774,2.116870494947412,1207,8685,7,182
2634,2.7919346122834754,13.056562232367428,-1.6393864074860438,1207,6726,8,182
2635,1.4110274386611703,6.598710257540592,1.0687602651548573,1207,3416,9,182
2636,2.8151128872402316,13.164956099501836,-1.1778227074918526,1207,6757,10,182
2637,1.4676425440264214,6.863472420393991,1.3642843169422953,1207,3575,11,182
2638,2.7869116506466334,13.033072208312536,-0.6984756720183283,1207,6673,12,182
2639,1.4254152733404755,6.665995378779773,1.5737575761896796,1207,3498,13,182
2640,2.181485629987071,10.201780070932944,-0.18209840876661618,1207,5217,14,182
2641,1.3294418022902126,6.217172690773053,1.7035469548647915,1207,3291,15,182
2642,5.944578541009527,26.903130893508084,-7.3825544425043015,1246,14262,0,222
2643,2.061900668968552,9.33145776508699,0.1668101007275558,1246,4779,1,222
2644,6.490162368035373,29.372256839207967,-6.9446889497038,1246,15436,2,222
2645,2.1141159820833906,9.567766427456087,0.5135204026557648,1246,4906,3,222
2646,2.8037275992985835,12.68871292948909,-2.5259294807947,1246,6619,4,222
2647,1.8609241460947485,8.421906707077444,0.7545944207092243,1246,4329,5,222
2648,2.8346780061921173,12.828783893665916,-2.080891253965151,1246,6651,6,222
2649,2.9848192267327542,13.508271746480098,1.6986149083809456,1246,6969,7,222
2650,2.8764594528249647,13.017872442152438,-1.636949020617941,1246,6716,8,222
2651,1.4593200260414687,6.604383709504149,1.071263216595501,1246,3424,9,222
2652,2.902078750354735,13.133816627276468,-1.1767768385788806,1246,6751,10,222
2653,1.4876403276532144,6.732551716024428,1.3402423835248507,1246,3512,11,222
2654,2.881161731799745,13.039153349769954,-0.6998364068806449,1246,6686,12,222
2655,1.414835214332666,6.403060654569502,1.5139205957342117,1246,3365,13,222
2656,2.2487186203523946,10.176931967280476,-0.18192388470224333,1246,5212,14,222
2657,1.4050746221948616,6.3588875502745585,1.7449580020811948,1246,3371,15,222
2658,5.874188439106825,26.562562968003895,-7.289379586267395,1247,14082,0,222
2659,2.0544616727576326,9.290094812871361,0.1660770996571899,1247,4758,1,222
2660,2.113629515391944,9.557646588226701,0.5129970430933354,1247,4901,3,222
2661,2.796615862669481,12.646050721650285,-2.5175338849981324,1247,6597,4,222
2662,1.8524991084458806,8.376837877496959,0.7505852565428321,1247,4306,5,222
2663,2.834784308585648,12.818645073797628,-2.079326909314749,1247,6646,6,222
2664,2.8264376449129727,12.780902195495973,1.607212900827085,1247,6594,7,222
2665,2.8830178343470814,13.036752830892617,-1.6393864074860438,1247,6726,8,222
2666,1.4698565644577406,6.646561980786432,1.0781463330572711,1247,3446,9,222
2667,2.906522056818479,13.143036855636195,-1.177648396006357,1247,6756,10,222
2668,1.5214573792816075,6.8798963225713,1.3696269688128386,1247,3589,11,222
2669,2.8847312443290583,13.044500719985392,-0.7001504226181026,1247,6689,12,222
2670,1.4167943143483908,6.406619157302906,1.514820399951587,1247,3367,13,222
2671,2.247040467639916,10.160919169016932,-0.18164464619924678,1247,5204,14,222
2672,1.4024301613603996,6.341665722086998,1.7402992592693496,1247,3362,15,222
2673,2.833511215778114,12.411570805753863,-3.4112350144512233,1286,6590,0,6
2674,2.1189844740653863,9.281744038882653,0.1661818140958136,1286,4761,1,6
2675,2.8565471870939,12.512474796347977,-2.96305528781739,1286,6586,2,6
2676,2.105734120633638,9.223703788714015,0.4958308494456498,1286,4737,3,6
2677,2.8769488598094384,12.601839823052199,-2.512572851118342,1286,6584,4,6
2678,1.9249956621485604,8.432018842376392,0.7566861585351682,1286,4341,5,6
2679,2.919333761068135,12.787497532870981,-2.0774496957342663,1286,6640,6,6
2680,2.923530222622774,12.80587920696812,1.6128188906237217,1286,6617,7,6
2681,2.9694796170844286,13.007150392932257,-1.6381677140519924,1286,6721,8,6
2682,1.5190208048931335,6.653735538564645,1.0809621534279954,1286,3455,9,6
2683,3.000793744703826,13.144315021046083,-1.1795658223468057,1286,6767,10,6
2684,1.5376644953932888,6.735400111986738,1.3429137094601225,1286,3519,11,6
2685,2.970787656363649,13.012879970440313,-0.6995223911431871,1286,6683,12,6
2686,1.5007065392263732,6.573513937953841,1.5566612960595458,1286,3460,13,6
2687,2.3054693500648393,10.09859989947745,-0.18080693069025716,1286,5180,14,6
2688,1.191450618956169,5.218886601326852,1.43437514795817,1286,2771,15,6
2689,2.8176047978176504,12.331976653078923,-3.3894942146626117,1287,6548,0,6
2690,2.1357484045795743,9.34765566928539,0.16736857773354888,1287,4795,1,6
2691,2.847445375730699,12.462581665685066,-2.951357832991509,1287,6560,2,6
2692,2.1851959841820983,9.564075799490267,0.5141484341306801,1287,4912,3,6
2693,2.874775305027322,12.582198174812712,-2.508756671210811,1287,6574,4,6
2694,1.92158567131888,8.410317037346639,0.7547687321947197,1287,4330,5,6
2695,2.9242055248190533,12.798542325312571,-2.079326909314749,1287,6646,6,6
2696,3.111914108820187,13.620097526126187,1.7154328777708558,1287,7038,7,6
2697,2.975287018790997,13.022113704646648,-1.6401176235464747,1287,6729,8,6
2698,1.5875012840125104,6.948110248228673,1.128831099730306,1287,3608,9,6
2699,3.016845125548671,13.2040035149844,-1.1849694783971605,1287,6798,10,6
2700,1.4885511314744453,6.515029295263533,1.299027640523517,1287,3404,11,6
2701,2.9872945915681575,13.074667954718475,-0.7028718923427356,1287,6715,12,6
2702,1.5617543387010755,6.835422078221778,1.6187477870584526,1287,3598,13,6
2703,2.329947842409959,10.197619771852318,-0.1825870761468601,1287,5231,14,6
2704,1.198385669200085,5.24504504869041,1.4416220812210405,1287,2785,15,6
2705,2.8962315281506106,12.299855536264367,-3.3858707480311767,1325,6541,0,45
2706,2.1793637394567638,9.255426886885656,0.1659723852185662,1325,4755,1,45
2707,2.919317468756496,12.397898020648372,-2.9405601823830034,1325,6536,2,45
2708,2.23209900014557,9.479385531709104,0.5103802452811882,1325,4876,3,45
2709,2.958609744549489,12.564766349802111,-2.509138289201564,1325,6575,4,45
2710,1.9818888995811912,8.416781226513514,0.7565118470496729,1325,4340,5,45
2711,3.0135513078383718,12.798094826763101,-2.0824555986155535,1325,6656,6,45
2712,2.2712797881918516,9.64578038933086,1.2167435245569924,1325,4992,7,45
2713,3.066136717272614,13.02141707606183,-1.6425550104145776,1325,6739,8,45
2714,1.673390269496788,7.1066343869766255,1.1563635655773867,1325,3696,9,45
2715,3.127183222196313,13.280672313171555,-1.1936850526719263,1325,6848,10,45
2716,1.5533263632220282,6.596741207531085,1.3173453040796652,1325,3452,11,45
2717,3.067076148682386,13.025406698615871,-0.7013018136554473,1325,6700,12,45
2718,1.6021407222199435,6.804048378223029,1.6137988638628875,1325,3587,13,45
2719,2.398445940815404,10.185835730614645,-0.18265688577260925,1325,5233,14,45
2720,1.2313743892045326,5.229460059066076,1.4395515288602205,1325,2781,15,45
2721,2.892174682989223,12.273025002881589,-3.378623814768306,1326,6527,0,45
2722,2.36536469630828,10.037491936247998,0.18000411999414215,1326,5157,1,45
2723,2.9214812656896307,12.397388314802765,-2.9405601823830034,1326,6536,2,45
2724,2.170075882438799,9.208778335544594,0.4958308494456498,1326,4737,3,45
2725,2.958100791747348,12.552784308531445,-2.506848581257046,1326,6569,4,45
2726,2.018546482292835,8.565759043659726,0.7699338314328122,1326,4417,5,45
2727,3.0185035070007173,12.809104937747499,-2.084332812196036,1326,6662,6,45
2728,2.2652228000376926,9.612536969318196,1.2125999668812175,1326,4975,7,45
2729,3.0738731905637113,13.044067754747166,-1.6454798746563013,1326,6751,8,45
2730,1.589902252486568,6.746795140581803,1.0978570756523403,1326,3509,9,45
2731,2.3676905874483083,10.047361921032612,-0.9031078063512339,1326,5181,10,45
2732,1.6305804486097042,6.919414215434976,1.3818387445169376,1326,3621,11,45
2733,3.08629960312227,13.096799587621687,-0.7051746744174251,1326,6737,12,45
2734,1.5595238886155325,6.617883694973507,1.5697084572114899,1326,3489,13,45
2735,3.143270169439721,13.338555795832368,-0.2392026826294078,1326,6853,14,45
2736,1.5411342956084755,6.539846937340611,1.8003452777331344,1326,3478,15,45
2737,2.969264295485417,12.226772405929793,-3.371376881505435,1365,6513,0,85
2738,2.348216964595005,9.669437115954919,0.1736863488638455,1365,4976,1,85
2739,3.0034998622247135,12.367746883461429,-2.9383106718395644,1365,6531,2,85
2740,2.362324033758233,9.727526900766513,0.524615625379269,1365,5012,3,85
2741,3.0471821674457695,12.547620936746704,-2.5099015251830705,1365,6577,4,85
2742,2.05799716616036,8.474376296158436,0.7629613720129995,1365,4377,5,85
2743,3.1186744666225454,12.84201038269132,-2.0930931422382892,1365,6690,6,85
2744,2.870268930361587,11.819131428852973,1.4933869340866772,1365,6127,7,85
2745,3.1766433192071037,13.080713272246127,-1.6527920352606102,1365,6781,8,85
2746,1.6311273480885333,6.716620975939751,1.0947283863515356,1365,3499,9,85
2747,2.432734141584122,10.017460122532272,-0.9018876259527667,1365,5174,10,85
2748,1.6813477399514516,6.923417421233661,1.3848916884429623,1365,3629,11,85
2749,3.1885718452462983,13.129832299218966,-0.7081054879670301,1365,6765,12,85
2750,1.5769409014804079,6.493493196047963,1.5427143306902262,1365,3429,13,85
2751,2.4770479998310253,10.199934771231385,-0.1832153627786023,1365,5249,14,85
2752,2.9695733216561493,12.218745154380384,-3.369306329144615,1366,6509,0,85
2753,2.3291256650884153,9.583529299209324,0.17215053709736458,1366,4932,1,85
2754,3.008419680209128,12.378584196532678,-2.941010084491691,1366,6537,2,85
2755,2.1310156351977816,8.768376512744258,0.4729077006112404,1366,4518,3,85
2756,3.060499497120065,12.592874244830472,-2.5190603569611447,1366,6601,4,85
2757,2.0495952237822768,8.433360283242296,0.7593008308175979,1366,4356,5,85
2758,3.132578387743894,12.889453416363384,-2.1009148654903007,1366,6715,6,85
2759,2.2169506571776605,9.12196876983748,1.1526402499258848,1366,4729,7,85
2760,3.1864270705934783,13.111021723109612,-1.6566918542495748,1366,6797,8,85
2761,1.641629686741737,6.754726220727141,1.100985764953145,1366,3519,9,85
2762,2.4184847222775256,9.95121025157608,-0.8959610354459259,1366,5140,10,85
2763,1.5736002565104532,6.474809148152496,1.2952114606159861,1366,3394,11,85
2764,3.249822427293652,13.371871220187684,-0.721189477027766,1366,6890,12,85
2765,1.6710374573717828,6.875728807956273,1.6335945566451477,1366,3631,13,85
2766,2.398546077247376,9.869169771022738,-0.1772815445899259,1366,5079,14,85
2767,1.5999836594020767,6.583367530559534,1.8153567823490806,1366,3507,15,85
2768,3.055019210195809,12.20761930001323,-3.3718945195956405,1405,6514,0,125
2769,2.4214901553566133,9.67608644052643,0.17410520661834034,1405,4988,1,125
2770,3.095446243041016,12.36916258090533,-2.9437094971438174,1405,6543,2,125
2771,2.196953584591012,8.778855756775261,0.47426843547355696,1405,4531,3,125
2772,3.163303102145734,12.640313315434407,-2.532798604628256,1405,6637,4,125
2773,2.1098534988518667,8.430810584373924,0.7603466997305699,1405,4362,5,125
2774,3.2485348672526966,12.980892823812445,-2.119374132365048,1405,6774,6,125
2775,2.371036424238729,9.474477252703062,1.199194339106651,1405,4920,7,125
2776,3.5946261561781876,14.363846712990274,-1.8180468649179902,1405,7459,8,125
2777,1.6875692645205551,6.743395607764393,1.100985764953145,1405,3519,9,125
2778,2.483745464604387,9.92485381723065,-0.8950894780184493,1405,5135,10,125
2779,1.6891285511533045,6.749626395946894,1.3524541592289496,1405,3544,11,125
2780,3.4542258522680145,13.802818011756118,-0.7456827045494637,1405,7124,12,125
2781,1.6146657538589313,6.452078845885662,1.5355158969512226,1405,3413,13,125
2782,2.4807166587554716,9.912750944484774,-0.1783635937890375,1405,5110,14,125
2783,1.6335019817488488,6.527346948410512,1.8029334681841596,1405,3483,15,125
2784,3.0580884349502733,12.210833866562494,-3.3729297957760505,1406,6516,0,125
2785,2.423664715844507,9.67760345161761,0.17414011143121488,1406,4989,1,125
2786,3.099972135737354,12.378073932671363,-2.945959007687256,1406,6548,2,125
2787,2.1912076030112067,8.749410808962935,0.47269835678626865,1406,4516,3,125
2788,3.1769559760825286,12.685467556126266,-2.54195743640633,1406,6661,4,125
2789,2.1166492155908565,8.45170192921188,0.7622641260710183,1406,4373,5,125
2790,4.529237419343815,18.085077278258918,-2.952856962099398,1406,9438,6,125
2791,2.2521264802724894,8.992657629778675,1.1382596674040775,1406,4670,7,125
2792,3.597133065600107,14.363219113601527,-1.8180468649179902,1406,7459,8,125
2793,1.6906657584602944,6.750765760892792,1.1022372406734668,1406,3523,9,125
2794,2.4806373724909987,9.905093159664048,-0.8933463631634962,1406,5125,10,125
2795,1.6926913014737865,6.758853679131079,1.354362249182715,1406,3549,11,125
2796,3.481380547299692,13.901023594842572,-0.7510209720862439,1406,7175,12,125
2797,1.599695456117367,6.387524712659825,1.5202192252558397,1406,3379,13,125
2798,2.4916769548138853,9.949173803036025,-0.17902678523365428,1406,5129,14,125
2799,3.2458163928968835,12.960424650267987,3.579985031858067,1406,6916,15,125
2800,3.1469182350129827,12.2121842707894,-3.379141452858511,1445,6528,0,165
2801,2.4919763878792875,9.670564207434028,0.1743146354955877,1445,4994,1,165
2802,3.198742916003726,12.41329930040542,-2.9594560709478883,1445,6578,2,165
2803,2.246226256584989,8.716886461839765,0.47175630957389564,1445,4507,3,165
2804,4.629562165004167,17.965851677704094,-3.606290012616697,1445,9450,4,165
2805,2.190535289055119,8.50076760939347,0.7680164050923637,1445,4406,5,165
2806,4.424994012415073,17.17198803436013,-2.808624385332305,1445,8977,6,165
2807,2.314770963771187,8.98288657129024,1.1389908834645084,1445,4673,7,165
2808,3.6893674594838006,14.317256405514597,-1.8153657393630769,1445,7448,8,165
2809,1.7469286821877044,6.779272094661056,1.1088074882051564,1445,3544,9,165
2810,2.5415379931116138,9.862896963054796,-0.8910803138520571,1445,5112,10,165
2811,1.7126930506724407,6.646414546587673,1.3341364956728012,1445,3496,11,165
2812,3.5724317300202357,13.863466198905579,-0.7502882686988427,1445,7168,12,165
2813,1.6358423790569372,6.3481816428342706,1.5134706936255238,1445,3364,13,165
2814,2.583791296844003,10.026868535461233,-0.18073712106450804,1445,5178,14,165
2815,1.5917775753696186,6.17718021785334,1.709240973857047,1445,3302,15,165
2816,3.1558030918191458,12.237824011808918,-3.3863883861213813,1446,6542,0,165
2817,2.4676989159657667,9.569438957077798,0.17249958522611022,1446,4942,1,165
2818,2.2811620923252156,8.846071638833935,0.4787693277104501,1446,4574,3,165
2819,4.3988567942301176,17.058236440825183,-3.424258231027473,1446,8973,4,165
2820,2.202466581189302,8.540899932051207,0.7716769462877655,1446,4427,5,165
2821,3.325555917610586,12.896105009418752,-2.109362326602473,1446,6742,6,165
2822,1.776537136081862,6.889196882458343,0.8735594535280972,1446,3584,7,165
2823,3.3146495058536303,12.853811259207292,-1.6298805987004423,1446,6687,8,165
2824,1.7446590448811397,6.7655774871424095,1.1066174056945932,1446,3537,9,165
2825,2.541766831555487,9.856665406110146,-0.8905573793955711,1446,5109,10,165
2826,1.7177749032633824,6.661324026373725,1.337189439598826,1446,3504,11,165
2827,3.5957977012822044,13.94407007345708,-0.75468448902325,1446,7210,12,165
2828,1.6388967540474102,6.355444071130437,1.5152703020602747,1446,3368,13,165
2829,2.523124771828211,9.784373745470278,-0.17637401945518716,1446,5053,14,165
2830,1.5943028459893425,6.182514270716674,1.710793888127662,1446,3305,15,165
2831,3.2439806972130723,12.23473308524523,-3.391564767023432,1485,6552,0,205
2832,2.5256033413821353,9.52535962607928,0.17201091784586628,1485,4928,1,205
2833,4.522941193488151,17.058356207275967,-4.074313496276083,1485,9056,2,205
2834,2.341833957707264,8.83227000306344,0.47887399962293603,1485,4575,3,205
2835,4.492726631529547,16.944401429071306,-3.407467039434337,1485,8929,4,205
2836,2.2079564638594276,8.327348563562577,0.7537228632817478,1485,4324,5,205
2837,3.7722032504135967,14.226934195926095,-2.3311863980295207,1485,7451,6,205
2838,1.8330552974560612,6.913401893586131,0.8781904885774927,1485,3603,7,205
2839,3.433608160569236,12.949916563922507,-1.6449923972826808,1485,6749,8,205
2840,1.7172612300903125,6.476682430892673,1.0612514108329263,1485,3392,9,205
2841,2.6031827134031826,9.817951659815453,-0.8886399530551227,1485,5098,10,205
2842,1.8033298518761227,6.801291826832967,1.3677188788590733,1485,3584,11,205
2843,3.7075198591636527,13.98297959173519,-0.7581386621352844,1485,7243,12,205
2844,1.7270683135028742,6.513670027027418,1.5557614918421705,1485,3458,13,205
2845,2.599915939697965,9.805630962479746,-0.17707211571267853,1485,5073,14,205
2846,3.6425467016783535,13.737932128838395,3.8082634296384903,1485,7357,15,205
2847,3.264942691712637,12.30512189683687,-3.4112350144512233,1486,6590,0,205
2848,2.575472566223142,9.706603411379067,0.1752919702560756,1486,5022,1,205
2849,4.471443424354688,16.85225793737663,-4.025274166429121,1486,8947,2,205
2850,2.334155606138786,8.797112835281236,0.47698990519819007,1486,4557,3,205
2851,3.41116122202401,12.856199514102485,-2.5854618873521824,1486,6775,4,205
2852,2.206344040658364,8.315408547774386,0.752676994368776,1486,4318,5,205
2853,3.4296907783656883,12.926034874477233,-2.118122656644726,1486,6770,6,205
2854,2.2527362877061177,8.490254573843938,1.078543689135555,1486,4425,7,205
2855,2.6401560198969327,9.950386490385235,-1.2640288297981896,1486,5186,8,205
2856,1.714338787886187,6.461108126326581,1.0587484593922825,1486,3384,9,205
2857,2.619203231221578,9.871418299187471,-0.8935206746489915,1486,5126,10,205
2858,1.7380558728305362,6.550494571613546,1.3173453040796652,1486,3452,11,205
2859,3.5158314857442674,13.250687404294583,-0.7184680073031329,1486,6864,12,205
2860,1.6962198482463184,6.392820324070223,1.5269677568861557,1486,3394,13,205
2861,3.3770384007525673,12.727595273582468,-0.22984819277902385,1486,6585,14,205
2862,1.5745049885072473,5.934093685606611,1.6450538506716217,1486,3178,15,205
2863,4.509718416181172,16.541455625085533,-4.594038050569743,1525,8875,0,245
2864,2.6562106506529246,9.74286785866805,0.17626930501656346,1525,5050,1,245
2865,4.5573441828543215,16.716144914600353,-4.0000796483426075,1525,8891,2,245
2866,2.6492970767825073,9.717509163327355,0.5278604546663315,1525,5043,3,245
2867,4.5871561536211205,16.825493957273604,-3.389912611859695,1525,8883,4,245
2868,2.2681342878421766,8.319420241285659,0.7544201092237292,1525,4328,5,245
2869,3.670873164543347,13.46460686741282,-2.210418991018462,1525,7065,6,245
2870,1.906859806082872,6.994280785337589,0.8901336842311972,1525,3652,7,245
2871,2.702603054842537,9.913033226973537,-1.2615914429300867,1525,5176,8,245
2872,1.7551605873782627,6.437854493718402,1.0568712458117997,1525,3378,9,245
2873,2.633928588423008,9.661138200716664,-0.8760895260994599,1525,5026,10,245
2874,1.939071412456074,7.112431589503814,1.4329755552778514,1525,3755,11,245
2875,2.6114724903204136,9.578770186575507,-0.5203240769673475,1525,4971,12,245
2876,1.752509252185235,6.428129508831245,1.5382153096033488,1525,3419,13,245
2877,2.6667302967941247,9.781453473949904,-0.17696740127405483,1525,5070,14,245
2878,1.6153684332439375,5.92510280925599,1.645571488761827,1525,3179,15,245
2879,4.452606791961182,16.320747280841342,-4.532956755925548,1526,8757,0,245
2880,2.604752840186793,9.547556031781971,0.1727439189162322,1526,4949,1,245
2881,4.544874402559016,16.658948344877146,-3.986582585081976,1526,8861,2,245
2882,2.5595251274098625,9.381776724331013,0.5096475418937869,1526,4869,3,245
2883,4.590092686418116,16.824693091228905,-3.389912611859695,1526,8883,4,245
2884,2.2564763638561325,8.270970737002099,0.7500623220863462,1526,4303,5,245
2885,3.809441732917106,13.963266623111329,-2.2923906506995433,1526,7327,6,245
2886,1.9106928867958313,7.003523372644538,0.8913523776652487,1526,3657,7,245
2887,2.680299291567573,9.824466749156816,-1.250379463336813,1526,5130,8,245
2888,1.758363851607159,6.445170973026138,1.0581227215321216,1526,3382,9,245
2889,2.595236236282594,9.512673524848568,-0.8626675417163205,1526,4949,10,245
2890,3.001671554137435,11.002436357868815,2.2168189082846976,1526,5809,11,245
2891,2.596848250031777,9.51858225882013,-0.517079247680285,1526,4940,12,245
2892,1.7567085914416694,6.439103722063449,1.5409147222554753,1526,3425,13,245
2893,3.471073950501495,12.723001016286542,-0.23019724090776952,1526,6595,14,245
2894,1.609284058074357,5.898728462243103,1.6383245554989563,1526,3165,15,245
2895,4.595905066516913,16.405395948226627,-4.565050317518261,1565,8819,0,29
2896,2.6000926081408915,9.281207536111236,0.16824119805541307,1565,4820,1,29
2897,3.6351643101928355,12.975966427168174,-3.111073081575653,1565,6915,2,29
2898,2.7865757352565845,9.946871751041373,0.541363131377011,1565,5172,3,29
2899,4.708214776548483,16.806293102374067,-3.3925839377949667,1565,8890,4,29
2900,2.3589445667004134,8.420413188814452,0.7650531098389434,1565,4389,5,29
2901,3.920384032586544,13.994077639299508,-2.301776718601957,1565,7357,6,29
2902,1.941183759871468,6.929187554584036,0.8835527396873192,1565,3625,7,29
2903,2.7503227008827205,9.817464077336169,-1.2518418954576749,1565,5136,8,29
2904,1.8677376694598118,6.6670167358630925,1.0966055999320183,1565,3505,9,29
2905,2.645414708885722,9.442987859499825,-0.857961131607947,1565,4922,10,29
2906,2.012510253192828,7.183792327224011,1.4501483648617406,1565,3800,11,29
2907,2.6459538739066297,9.444912445739403,-0.5140437622181944,1565,4911,12,29
2908,1.7700069750425564,6.318160370249494,1.514820399951587,1565,3367,13,29
2909,3.5700026723395064,12.743367525722855,-0.23100005160388457,1565,6618,14,29
2910,1.6520035220386227,5.8969390130262385,1.6409127459499815,1565,3170,15,29
2911,4.488739918261375,16.01210356937446,-4.455828680484998,1566,8608,0,29
2912,2.5666271110320564,9.155598202207223,0.1659723852185662,1566,4755,1,29
2913,4.668954403354465,16.654959482739496,-3.9933311167122914,1566,8876,2,29
2914,2.3742700975417064,8.46942781176588,0.46097510258784924,1566,4404,3,29
2915,4.718567086960171,16.831936416737687,-3.3979265896655098,1566,8904,4,29
2916,2.3598763678377903,8.418082914319037,0.7648787983534481,1566,4388,5,29
2917,3.886034906134656,13.862151633711392,-2.2801887624264054,1566,7288,6,29
2918,2.4466115592377755,8.727482187410361,1.1129108439758066,1566,4566,7,29
2919,3.891752026882165,13.882545581945127,-1.7702740823031722,1566,7263,8,29
2920,1.979808947101808,7.062317373212184,1.1616823373887544,1566,3713,9,29
2921,2.637382339990092,9.407994214179707,-0.8548235248690312,1566,4904,10,29
2922,1.9968060179319325,7.122948834037243,1.4379365891576417,1566,3768,11,29
2923,2.6502978654666283,9.454066104141933,-0.5145671217806238,1566,4916,12,29
2924,1.7868902780751597,6.3741434613413785,1.528317463212219,1566,3397,13,29
2925,3.602454119669389,12.850570431447109,-0.23295472112486032,1566,6674,14,29
2926,1.6545970911528047,5.9022310206348925,1.6424656602205967,1566,3173,15,29
2927,4.6690330741269195,16.240054526640638,-4.5277803750234975,1604,8747,0,68
2928,2.6366854980065866,9.171045819853536,0.16656576703743384,1604,4772,1,68
2929,4.784695314370159,16.642356471904723,-3.9978301377991694,1604,8886,2,68
2930,2.6765181368306843,9.309593612549198,0.5076587755565551,1604,4850,3,68
2931,3.9567296844348356,13.762486750945769,-2.783521624553036,1604,7294,4,68
2932,2.372164300854669,8.250975519001642,0.7511081909993181,1604,4309,5,68
2933,3.9462288755276265,13.725962334322569,-2.2620423644817387,1604,7230,6,68
2934,2.47482130764455,8.608042038201901,1.099748954888051,1604,4512,7,68
2935,3.9656378666378767,13.793471617065547,-1.7622307056384325,1604,7230,8,68
2936,2.06262778985047,7.174330796874825,1.182331686774065,1604,3779,9,68
2937,2.68815926690029,9.350084348870972,-0.8511629836736296,1604,4883,10,68
2938,3.0372538392035433,10.564321814991139,2.1366791302265487,1604,5599,11,68
2939,2.7079741231810655,9.41900533129462,-0.5136250745682507,1604,4907,12,68
2940,1.8689711271864529,6.500744914920244,1.561610219255111,1604,3471,13,68
2941,2.6377905631775866,9.174889510473758,-0.16663557666318296,1604,4774,14,68
2942,3.9740426702726555,13.822705607732884,3.853815581576534,1604,7445,15,68
2943,4.617922233423225,16.05172786936992,-4.475498927912789,1605,8646,0,68
2944,2.6465791273290193,9.199411724425744,0.16708933923055233,1605,4787,1,68
2945,4.790832561178193,16.652757810246346,-4.0005295504512945,1605,8892,2,68
2946,2.6521897890225277,9.218914178152543,0.5027391956697184,1605,4803,3,68
2947,3.984100106007656,13.848585461898503,-2.801076052127678,1605,7340,4,68
2948,2.364790762497809,8.219925730424432,0.748319207231393,1605,4293,5,68
2949,3.9699240817189643,13.799310122763357,-2.2742442527548765,1605,7269,6,68
2950,2.438454345460971,8.475977635986926,1.0829309854981406,1605,4443,7,68
2951,2.992773249110663,10.40276976120565,-1.3291070591765384,1605,5453,8,68
2952,2.0502263038620154,7.126511239627685,1.1745099635220533,1605,3754,9,68
2953,2.7019097810509556,9.391739042099191,-0.8549978363545266,1605,4905,10,68
2954,2.0658698914802645,7.180887774929933,1.4524380728062591,1605,3806,11,68
2955,2.7040960643021688,9.399338482284614,-0.5125783554433919,1605,4897,12,68
2956,1.7235575082331356,5.991022518553539,1.4392368456920483,1605,3199,13,68
2957,2.6371803712887867,9.166741994048634,-0.16649595741168471,1605,4770,14,68
2958,3.9566930262779607,13.753319460593609,3.8346629722389474,1605,7408,15,68
2959,4.72652832089186,16.018070186122454,-4.474981289822583,1644,8645,0,108
2960,2.887971525537781,9.787253445010238,0.17811926009891552,1644,5103,1,108
2961,4.913999700050697,16.653405363525724,-4.008627788407675,1644,8910,2,108
2962,2.7312711709401714,9.256200395557407,0.5057746811318091,1644,4832,3,108
2963,4.966712283809009,16.832046812176387,-3.411283219341868,1644,8939,4,108
2964,2.258292723666833,7.6532898763376735,0.6981174994087419,1644,4005,5,108
2965,4.095626366181079,13.879961387228754,-2.292077781769463,1644,7326,6,108
2966,2.49272074108825,8.447759766648462,1.0814685533772788,1644,4437,7,108
2967,2.9562083704319075,10.018506173564168,-1.282552969995772,1644,5262,8,108
2968,2.1495609306533234,7.284800919177527,1.2029810361593753,1644,3845,9,108
2969,2.756752341075443,9.342555357157275,-0.8522088525866016,1644,4889,10,108
2970,1.7885498200672558,6.0613445226978175,1.2284283122341955,1644,3219,11,108
2971,2.8058837112059214,9.509060174575119,-0.5195913735799463,1644,4964,12,108
2972,1.7532665596477182,5.941770555628316,1.4302388035182938,1644,3179,13,108
2973,3.971486607629667,13.459255272642395,3.7601230872494216,1644,7264,15,108
2974,4.687747455428363,15.876434062224098,-4.435640794967001,1645,8569,0,108
2975,2.7367865747799063,9.268931829200438,0.16869496062278244,1645,4833,1,108
2976,4.924080129950098,16.67684410126075,-4.014476515820615,1645,8923,2,108
2977,2.706304341367824,9.165694789782746,0.5008551012449725,1645,4785,3,108
2978,4.051774121098307,13.722523510551412,-2.781231916608517,1645,7288,4,108
2979,2.241009779027682,7.58983804648691,0.6923652203873965,1645,3972,5,108
2980,4.063926376478755,13.763680693844545,-2.272992777034555,1645,7265,6,108
2981,2.3070040012050463,7.813346869615469,1.0003035706694505,1645,4104,7,108
2982,2.9264772978249205,9.91137519571592,-1.2689036035343957,1645,5206,8,108
2983,2.0277678065706106,6.867631454258289,1.1341498715416738,1645,3625,9,108
2984,2.7425852305774323,9.288570680758525,-0.8473281309927326,1645,4861,10,108
2985,1.7790446195821328,6.025257304303583,1.2211775704098868,1645,3200,11,108
2986,2.8052809891712447,9.500908287841675,-0.5191726859300028,1645,4960,12,108
2987,1.7526480435639933,5.935857544055154,1.4288890971922306,1645,3176,13,108
2988,2.7186659105148623,9.207560875644797,-0.16757800661079628,1645,4801,14,108
2989,4.33489448439892,14.681393804301988,4.1017642267847485,1645,7924,15,108
2990,4.738125270177903,15.663782345830484,-4.384912262126907,1683,8471,0,147
2991,2.7848833270800437,9.206554028546437,0.1678921499266674,1683,4810,1,147
2992,5.0424751852289305,16.669933630250256,-4.020775145342243,1683,8937,2,147
2993,2.768768382321906,9.153279585003268,0.5011691169824302,1683,4788,3,147
2994,4.149516687773173,13.717899492182474,-2.785811332497554,1683,7300,4,147
2995,2.25783981019162,7.464199307095323,0.6822551542286681,1683,3914,5,147
2996,4.136246602467722,13.674029877918901,-2.2626681023418995,1683,7232,6,147
2997,2.3375072208652137,7.72757203569357,0.9912852392574696,1683,4067,7,147
2998,3.007665425814522,9.943050027731607,-1.2754845480782737,1683,5233,8,147
2999,2.0092138156069006,6.642265896173824,1.099108551372662,1683,3513,9,147
3000,2.813935256544385,9.30259688809683,-0.8502914262461531,1683,4878,10,147
3001,1.8155556576366458,6.002050818908332,1.2188878624653683,1683,3194,11,147
3002,2.8503047945832654,9.422831051478928,-0.5159278566429403,1683,4929,12,147
3003,1.8376794985219458,6.075190089932315,1.4653311679959367,1683,3257,13,147
3004,2.8202009742633876,9.323310742837775,-0.17002134351201598,1683,4871,14,147
3005,4.151383042764774,13.724069480669797,3.841909905501818,1683,7422,15,147
3006,4.6916091799979425,15.500242357339474,-4.3393601101888635,1684,8383,0,147
3007,2.8675937943312717,9.474019912834446,0.17277882372910677,1684,4950,1,147
3008,5.049900961775996,16.68397468437982,-4.024374362211745,1684,8945,2,147
3009,2.784252434612723,9.198674882064367,0.5036812428820914,1684,4812,3,147
3010,4.155892134062639,13.73032851149803,-2.7884826584328257,1684,7307,4,147
3011,2.229705562470095,7.366550639200846,0.6733652684684069,1684,3863,5,147
3012,4.003578155808104,13.227110215434237,-2.1888310348429103,1684,6996,6,147
3013,2.31987821604794,7.664465049979118,0.9832418625927298,1684,4034,7,147
3014,3.0646085803964986,10.124921728145443,-1.2988834620120617,1684,5329,8,147
3015,2.1030802919660925,6.9482032649686705,1.149793318045697,1684,3675,9,147
3016,2.815558823124288,9.302105622061022,-0.8502914262461531,1684,4878,10,147
3017,1.81148439126721,5.984822267568253,1.2154533005485904,1684,3185,11,147
3018,2.851949345429366,9.422333435930021,-0.5159278566429403,1684,4929,12,147
3019,1.8268842383797792,6.03570062366161,1.4558832237134944,1684,3236,13,147
3020,2.821248844119857,9.320904439495706,-0.1699864386991414,1684,4870,14,147
3021,4.226533762059462,13.96371588722745,3.9092028572284736,1684,7552,15,147
3022,4.796270761466337,15.456040941573484,-4.336254281647633,1724,8377,0,188
3023,2.915292067753189,9.394564193048625,0.1716967745299952,1724,4919,1,188
3024,5.638695216975869,18.170764009158887,-4.392394287118308,1724,9763,2,188
3025,4.2144068604550675,13.580977434169586,-2.7640591070246283,1724,7243,4,188
3026,2.2869839754709025,7.369833713640073,0.6751083833233602,1724,3873,5,188
3027,4.092309778580031,13.187518100833225,-2.1869538212624278,1724,6990,6,188
3028,2.2533096799492514,7.261317886209564,0.9335191704834297,1724,3830,7,188
3029,3.092858743470813,9.966774968094954,-1.2813342765617204,1724,5257,8,188
3030,2.2024705846950035,7.097488282594362,1.177012914962697,1724,3762,9,188
3031,2.8910595259244865,9.316474531882726,-0.8534290329850688,1724,4896,10,188
3032,1.8834785320023544,6.06953250785682,1.235297436067751,1724,3237,11,188
3033,2.9472564794211444,9.497569898936295,-0.5211614522672346,1724,4979,12,188
3034,1.8516497865025745,5.966963987848345,1.4423861604528623,1724,3206,13,188
3035,2.947295680613256,9.497696225255297,-0.17358163442522181,1724,4973,14,188
3036,4.303303216328159,13.867447023620187,3.890567885981092,1724,7516,15,188
3037,4.795531030448748,15.444133857855054,-4.333148453106403,1725,8371,0,188
3038,2.9981717005225335,9.655690845851945,0.17647873389381089,1725,5056,1,188
3039,2.912785581823698,9.380702604004595,0.5147764656055955,1725,4918,3,188
3040,4.201640273879643,13.53149305057875,-2.7541370392650477,1725,7217,4,188
3041,2.3107216182692265,7.441739768588239,0.6817322197721821,1725,3911,5,188
3042,4.132101376330614,13.30754120139754,-2.206977432787577,1725,7054,6,188
3043,2.2227892151777167,7.158551150859481,0.9203572813956739,1725,3776,7,188
3044,3.091654914754599,9.956755996905187,-1.280115583127669,1725,5252,8,188
3045,2.1416164774404205,6.897132213256223,1.1438488083741682,1725,3656,9,188
3046,3.1479224705033086,10.137967140638747,-0.9287315947190454,1725,5328,10,188
3047,1.9031678059183252,6.129201992842169,1.24750921177185,1725,3269,11,188
3048,2.9394377475784896,9.466536605057911,-0.5194867016674605,1725,4963,12,188
3049,1.8405556581623477,5.927557923617862,1.43293821617042,1725,3185,13,188
3050,4.432901578498675,14.27627616677606,4.005483542006611,1725,7738,15,188
3051,4.899373171228783,15.407452156386787,-4.332113176925992,1764,8369,0,228
3052,4.566651954745696,14.361117034481332,0.2630426698227371,1764,7536,1,228
3053,3.0292259029793147,9.526249897665103,0.5238829219918677,1764,5005,3,228
3054,2.3534730772394092,7.401155733931605,0.6794661704607431,1764,3898,5,228
3055,4.223783729567329,13.28287179968204,-2.207603170647738,1764,7056,6,228
3056,2.2883075411360463,7.196224440750268,0.927181964626362,1764,3804,7,228
3057,3.167777999900741,9.961965800470796,-1.2835279247430131,1764,5266,8,228
3058,2.1645694396422144,6.807095298703268,1.1313340511709498,1764,3616,9,228
3059,3.2228936085951685,10.135292280073605,-0.9304747095739986,1764,5338,10,228
3060,1.9442486140927389,6.114234710201126,1.2471275937810968,1764,3268,11,228
3061,2.99956914588721,9.432985912652999,-0.5187539982800593,1764,4956,12,228
3062,1.8814508520789817,5.916749546295462,1.4333881182791077,1764,3186,13,228
3063,2.992926486795248,9.412096209302454,-0.17239487078748653,1764,4939,14,228
3064,4.2665350306984555,13.417315248625512,3.7725464014143424,1764,7288,15,228
3065,4.899719242307354,15.399233169739713,-4.330042624565172,1765,8365,0,228
3066,3.793080517666923,11.921199651358704,0.2183645093432913,1765,6256,1,228
3067,5.281707447036999,16.599776535965734,-4.0216749495596185,1765,8939,2,228
3068,3.032705217478217,9.53143077582561,0.5241969377293254,1765,5008,3,228
3069,4.166832937028255,13.095858926486711,-2.671325935271627,1765,7000,4,228
3070,2.3535565954767272,7.396947661608773,0.6791175474897524,1765,3896,5,228
3071,4.21052959251249,13.233192302801276,-2.199468578465646,1765,7030,6,228
3072,2.3058143292994577,7.246899413421937,0.93376290917024,1765,3831,7,228
3073,3.2393350875201468,10.180843811808108,-1.3118016124130074,1765,5382,8,228
3074,2.1579712833317926,6.782246353768563,1.1272667550799038,1765,3603,9,228
3075,3.056119819434488,9.605020077022276,-0.8818418051208053,1765,5059,10,228
3076,1.904242652221913,5.984807529404427,1.2207959524191339,1765,3199,11,228
3077,3.0133269093793147,9.47052706479797,-0.5208474365297769,1765,4976,12,228
3078,1.8854377965650595,5.925706111004213,1.4356376288225465,1765,3191,13,228
3079,2.967891485610548,9.327728947154869,-0.1708590590210056,1765,4895,14,228
3080,1.945244184543063,6.1136704550753835,1.719076097570943,1765,3321,15,228
3081,5.008013726038959,15.376546654016533,-4.333148453106403,1804,8371,0,12
3082,3.1279197972183415,9.603928288349824,0.17630420982943804,1804,5051,1,12
3083,3.1123571627208797,9.556144957771993,0.5267090636289867,1804,5032,3,12
3084,4.267428068172153,13.102661129247531,-2.678576677095936,1804,7019,4,12
3085,2.466785609938686,7.573989627756016,0.6968973190102747,1804,3998,5,12
3086,4.3292584487148185,13.292504405056972,-2.2141734181794277,1804,7077,6,12
3087,2.3538591210482,7.227261459686029,0.9332754317966194,1804,3829,7,12
3088,4.592146156758958,14.099671742975877,-1.8207279904729032,1804,7470,8,12
3089,2.193686702994395,6.7354699444021895,1.1219479832685357,1804,3586,9,12
3090,3.092428583544946,9.494956481819198,-0.8736491653025256,1804,5012,10,12
3091,3.447259886954852,10.584426357434605,2.163774007570018,1804,5670,11,12
3092,3.103079468475885,9.527658834090241,-0.5251389849416984,1804,5017,12,12
3093,1.928746246765077,5.921999872512286,1.4378871393659851,1804,3196,13,12
3094,3.036887484767125,9.324423743034554,-0.1711732023368767,1804,4904,14,12
3095,2.0556128494409105,6.311529602580433,1.7786044779445225,1804,3436,15,12
3096,5.012493097747564,15.381182691870377,-4.334701367377018,1805,8374,0,12
3097,4.449962011877989,13.655017042783648,0.2506863660651404,1805,7182,1,12
3098,3.0620420483687387,9.396088381111715,0.5179166229801722,1805,4948,3,12
3099,4.269714848938682,13.101916122982555,-2.678576677095936,1805,7019,4,12
3100,2.6452827824755483,8.117233671044687,0.7469247153474305,1805,4285,5,12
3101,4.531723356721545,13.905907399667505,-2.3164815583157385,1805,7404,6,12
3102,2.34404913824106,7.192877342855306,0.928888135434034,1805,3811,7,12
3103,4.3824062214556685,13.447717414810826,-1.7366381435233516,1805,7125,8,12
3104,2.2211809915643554,6.8158479137484305,1.1354013472619957,1805,3629,9,12
3105,3.0934683834270644,9.492522269686095,-0.8734748538170302,1805,5011,10,12
3106,1.9843011593158542,6.088965720639564,1.2448378858365783,1805,3262,11,12
3107,3.0669928034994887,9.411280116570264,-0.5187539982800593,1805,4956,12,12
3108,1.9340064780053916,5.934633003051734,1.441036454126799,1805,3203,13,12
3109,3.0341776625127412,9.310584580689435,-0.17092886864675472,1805,4897,14,12
3110,2.12435371434274,6.5187266985249535,1.8370975821376923,1805,3549,15,12
3111,5.123794292774686,15.366866952482992,-4.340395386369273,1844,8385,0,52
3112,4.5029557923819645,13.504898635767525,0.24848736285404263,1844,7119,1,52
3113,13.402574785721498,40.19591181545161,-9.782221549197315,1844,21743,2,52
3114,3.1126608917784964,9.335239289291385,0.5157185128179685,1844,4927,3,52
3115,8.707037328251102,26.11343791889059,-5.350665848349069,1844,14021,4,52
3116,2.677155359208789,8.029106530311159,0.7404751903841038,1844,4248,5,52
3117,6.421420706878009,19.258602514090605,-3.2153539944369056,1844,10277,6,52
3118,2.3998618013687554,7.1974702532425665,0.9315692609889473,1844,3822,7,52
3119,3.41393213344896,10.238787484793258,-1.3252072401875736,1844,5437,8,52
3120,2.241280147472163,6.721865059651941,1.1222608521986164,1844,3587,9,52
3121,3.177546450360337,9.529838777266681,-0.8788785098673849,1844,5042,10,52
3122,2.033153142621361,6.097667480668125,1.2494173017256154,1844,3274,11,52
3123,3.1480392173193112,9.441343084745073,-0.5215801399171782,1844,4983,12,52
3124,1.971891493332248,5.913936526589233,1.4392368456920483,1844,3199,13,52
3125,3.0835664402109955,9.247981577379784,-0.17016096276351425,1844,4875,14,52
3126,5.12280791964927,15.354977118508984,-4.337289557828043,1845,8379,0,52
3127,3.250989144006545,9.744434049004765,0.1793060237366508,1845,5137,1,52
3128,3.0965917291784475,9.281647075722212,0.5127876992683637,1845,4899,3,52
3129,4.375369155976592,13.114622747684484,-2.687353890883257,1845,7042,4,52
3130,2.6930592050073643,8.072108718553947,0.744484354550496,1845,4271,5,52
3131,4.422390478091998,13.255563289763899,-2.2132348113891864,1845,7074,6,52
3132,2.4030026683228822,7.202700465556416,0.9323004770493782,1845,3825,7,52
3133,3.4276555708155936,10.273969605248576,-1.3298382752369693,1845,5456,8,52
3134,2.2587074918499277,6.770193690403869,1.1303954443807083,1845,3613,9,52
3135,3.02913987844893,9.079468575025325,-0.8373923763194997,1845,4804,10,52
3136,2.0603129964808833,6.175530961562305,1.2654452573372452,1845,3316,11,52
3137,3.1579041189988826,9.465423308901444,-0.5229408747794948,1845,4996,12,52
3138,1.9729236399348125,5.913592276526069,1.4392368456920483,1845,3199,13,52
3139,3.051006163763977,9.145010035088955,-0.16827610286828762,1845,4821,14,52
3140,1.8488329334072557,5.541645877356627,1.5653375847800455,1845,3024,15,52
3141,5.225597777614395,15.33254694291121,-4.340395386369273,1882,8385,0,90
3142,3.3280397970894238,9.764878314083605,0.18007392961989127,1882,5159,1,90
3143,3.156465007131629,9.261456766310179,0.5127876992683637,1882,4899,3,90
3144,4.462501227952604,13.093527759348175,-2.6888803628462696,1882,7046,4,90
3145,2.814545698664485,8.25822343859058,0.7633099949839903,1882,4379,5,90
3146,3.381242397916665,9.92098129203631,-1.66008254300693,1882,5306,6,90
3147,2.5070997266507593,7.356139122322857,0.9542369588623048,1882,3915,7,90
3148,3.469595483778752,10.180220118708874,-1.3205762051381782,1882,5418,8,90
3149,2.264145163927235,6.643280537241802,1.1116233085758804,1882,3553,9,90
3150,3.0819243263521816,9.042745235908159,-0.8358235729500418,1882,4795,10,90
3151,2.105216304529443,6.176963705942852,1.26849820126327,1882,3324,11,90
3152,3.222828733552237,9.45617610636528,-0.52356890625441,1882,5002,12,90
3153,2.1015970140246223,6.166344262210899,1.5040227493430813,1882,3343,13,90
3154,3.1009667192496337,9.098617960030992,-0.1677874354880437,1882,4807,14,90
3155,1.8789716517003459,5.513134052817805,1.5606788419682,1882,3015,15,90
3156,5.232638421143264,15.344433888493565,-4.344018853000708,1883,8392,0,90
3157,3.320062674448773,9.735907225671369,0.17955035742677278,1883,5144,1,90
3158,3.1941811142019234,9.366766244864564,0.5186493263675733,1883,4955,3,90
3159,4.701776209852805,13.7877086861307,-2.8316054913879247,1883,7420,4,90
3160,2.7690431534511184,8.120071784595627,0.7505852565428321,1883,4306,5,90
3161,4.688727844911551,13.74944504987695,-2.3008381118117156,1883,7354,6,90
3162,2.5122278429564178,7.366974544489002,0.9556993909831666,1883,3921,7,90
3163,3.2874881566461056,9.640384184588898,-1.2506232020236234,1883,5131,8,90
3164,2.2678549013258613,6.6503638893680055,1.1128747842962023,1883,3557,9,90
3165,3.0989361255181,9.08746538085609,-0.8400070486019294,1883,4819,10,90
3166,2.124036907739434,6.228625271685997,1.2791835050043563,1883,3352,11,90
3167,3.413358022139089,10.009490871151941,-0.5542377766127752,1883,5295,12,90
3168,1.9064320986871361,5.590510741771332,1.3636532914325097,1883,3031,13,90
3169,3.0915824670703,9.065901168539241,-0.16719405366917603,1883,4790,14,90
3170,1.8998867098693428,5.5713167371591865,1.5772432608547615,1883,3047,15,90
3171,5.349945120161471,15.32848478227388,-4.350230510083168,1924,8404,0,132
3172,3.3758077889840465,9.672252174385259,0.17881735635640686,1924,5123,1,132
3173,5.647157485369456,16.18004776373802,-3.956439143799898,1924,8794,2,132
3174,3.2538863014443633,9.322926784234749,0.5174979353302286,1924,4944,3,132
3175,4.731741794568731,13.557229179484928,-2.7911539843680973,1924,7314,4,132
3176,2.830360496123846,8.109454736214955,0.7514568139703087,1924,4311,5,132
3177,3.4649414346003025,9.927634930606155,-1.665401314818298,1924,5323,6,132
3178,2.4641425908465133,7.060179376943534,0.9181636332143811,1924,3767,7,132
3179,3.3276064134951455,9.534147196844108,-1.2398986998039703,1924,5087,8,132
3180,2.3837338969577884,6.829795062160387,1.1457260219546508,1924,3662,9,132
3181,3.510539914816564,10.058282179202358,-0.9320435129434566,1924,5347,10,132
3182,2.2287189612099096,6.385651425119713,1.314673978144394,1924,3445,11,132
3183,3.3269407875811603,9.532240067618659,-0.5291165176161621,1924,5055,12,132
3184,1.9431770014473477,5.567526101099756,1.361403780889071,1924,3026,13,132
3185,3.1544001338798804,9.037882326523956,-0.16708933923055233,1924,4787,14,132
3186,2.0937612446705236,5.998975065313994,1.7025116786843815,1924,3289,15,132
3187,5.360263324966177,15.349436886451691,-4.356442167165629,1925,8416,0,132
3188,3.380792268342052,9.681102289773724,0.1789918804207797,1925,5128,1,132
3189,5.670540754914628,16.237934995509463,-3.970836011277905,1925,8826,2,132
3190,3.2686829621873223,9.36007053911495,0.5195913735799463,1925,4964,3,132
3191,4.586531120774096,13.133808116882532,-2.7041450824763933,1925,7086,4,132
3192,2.82914833128212,8.101436649793511,0.7507595680283276,1925,4307,5,132
3193,3.4881657669999178,9.988572770421579,-1.675725989510953,1925,5356,6,132
3194,2.5144597642464697,7.200306983998201,0.9364440347251533,1925,3842,7,132
3195,3.3286159190415265,9.531692170904439,-1.2396549611171601,1925,5086,8,132
3196,2.607006640272717,7.465320537714261,1.2524143271120884,1925,4003,9,132
3197,4.657223512605115,13.336240038782446,-1.2358684321617928,1925,7090,10,132
3198,1.9825775928494296,5.677230350269714,1.1688959056767136,1925,3063,11,132
3199,3.27790164902669,9.386468804132598,-0.5210567803547487,1925,4978,12,132
3200,1.9589257604503396,5.609501903615267,1.3717515293888887,1925,3049,13,132
3201,3.2139942098610574,9.20346600285626,-0.17016096276351425,1925,4875,14,132
3202,1.9897175174898216,5.69767595452413,1.6171013938005496,1925,3124,15,132
3203,5.461297013858176,15.311729374026399,-4.355924529075424,1963,8415,0,171
3204,3.4348481361933607,9.630215124505131,0.17846830822766122,1963,5113,1,171
3205,5.8357201938663685,16.361492166472956,-4.0104273968424256,1963,8914,2,171
3206,3.3756438639886506,9.46422528885173,0.5266043917165008,1963,5031,3,171
3207,2.8962031341767354,8.12002688925222,0.7542457977382337,1963,4327,5,171
3208,4.891524535237248,13.714269654242983,-2.3061568836230837,1963,7371,6,171
3209,2.5581570687950146,7.1722538866220855,0.9349816026042915,1963,3836,7,171
3210,3.414432792552261,9.57297703323907,-1.2479420764687101,1963,5120,8,171
3211,2.6604425263554643,7.4590295813132705,1.2542915406925712,1963,4009,9,171
3212,4.655209798520729,13.051718746186546,-1.212336381619925,1963,6955,10,171
3213,2.0215056210848523,5.667654939766332,1.1696591416582196,1963,3065,11,171
3214,3.4977601794817805,9.806600363900632,-0.5456546797889323,1963,5213,12,171
3215,2.0026327207804826,5.614741366080411,1.376250550475766,1963,3059,13,171
3216,3.25279379531552,9.119793004665333,-0.16900910393865354,1963,4842,14,171
3217,1.9684033087381874,5.518773047108979,1.5699963275918907,1963,3033,15,171
3218,5.47370902736003,15.338067900442965,-4.363689100428499,1964,8430,0,171
3219,3.435856757530945,9.627732124559488,0.17843340341478664,1964,5112,1,171
3220,5.838575724057212,16.360473391962273,-4.0104273968424256,1964,8914,2,171
3221,3.134286086946925,8.782690599867648,0.48871315939660953,1964,4669,3,171
3222,6.382241284874683,17.88389731626476,-3.691009206563883,1964,9672,4,171
3223,2.8976203021035234,8.119521282774725,0.7542457977382337,1964,4327,5,171
3224,4.95964833141367,13.897600783911377,-2.337130907701049,1964,7470,6,171
3225,2.5494007084363055,7.143763209914863,0.931325522302137,1964,3821,7,171
3226,3.4034265934921737,9.536858449038398,-1.2433110414193145,1964,5101,8,171
3227,2.497750605458933,6.999032683945729,1.177012914962697,1964,3762,9,171
3228,3.413928426189915,9.566285994819863,-0.8886399530551227,1964,5098,10,171
3229,2.0290934606068705,5.685792415996086,1.1734753215657505,1964,3075,11,171
3230,3.5115550483656808,9.839848902957305,-0.5475387742136784,1964,5231,12,171
3231,2.0638716745012653,5.7832456425929015,1.4176415444750374,1964,3151,13,171
3232,3.230189275566065,9.051424215695013,-0.16775253067516913,1964,4806,14,171
3233,2.001182825898412,5.607583068702873,1.5953605940119377,1964,3082,15,171
3234,5.58325020504769,15.323209210780233,-4.36990075751096,2002,8442,0,210
3235,3.524279572821237,9.672372046446327,0.17968997667827102,2002,5148,1,210
3236,5.845546859584621,16.043081393675322,-3.9420422763218905,2002,8762,2,210
3237,3.1856281573123457,8.74294450893813,0.48766644027175055,2002,4659,3,210
3238,6.902636199606191,18.944259115746934,-3.91921676503423,2002,10270,4,210
3239,3.239931291130775,8.891979255679107,0.8279795561027525,2002,4750,5,210
3240,7.39835580371818,20.304759706751394,-3.422786095080251,2002,10940,6,210
3241,4.118331470950612,11.302745248934709,1.4770564420703876,2002,6060,7,210
3242,3.5508716065539523,9.74535378311615,-1.2735346385837913,2002,5225,8,210
3243,2.774721559657741,7.61521289550283,1.2837012201201345,2002,4103,9,210
3244,3.595982687756094,9.869160975987421,-0.9189701515313078,2002,5272,10,210
3245,2.0835610729093665,5.718325536398782,1.183015771334578,2002,3100,11,210
3246,3.571951383086434,9.803207150610174,-0.5468060708262771,2002,5224,12,210
3247,2.1735667277478536,5.965345717940448,1.4657810701046243,2002,3258,13,210
3248,3.51401069294705,9.644189144213094,-0.17916640448515253,2002,5133,14,210
3249,2.0356839766805006,5.586927025678932,1.5932900416511175,2002,3078,15,210
3250,5.597834811356023,15.35490452603882,-4.379218243134651,2003,8460,0,210
3251,3.5074748291098765,9.621030799124304,0.17874754673065774,2003,5121,1,210
3252,5.818978263629304,15.961502739570651,-3.9222465835396303,2003,8718,2,210
3253,3.1727882463351196,8.702982893489931,0.48546833010954693,2003,4638,3,210
3254,6.895183476823179,18.913542029028385,-3.9131108771821808,2003,10254,4,210
3255,3.1793831912781667,8.721072878880271,0.8121172109226787,2003,4659,5,210
3256,5.054807263644011,13.865375729438428,-2.3374437766311296,2003,7471,6,210
3257,3.4220281489504796,9.386649889338814,1.2267368107162147,2003,5033,7,210
3258,3.536254401488465,9.69997339051285,-1.2676849101003442,2003,5201,8,210
3259,2.7510167760643216,7.546060462574841,1.2721250697071573,2003,4066,9,210
3260,3.3199611988770727,9.106679449614193,-0.848025376934714,2003,4865,10,210
3261,2.0771622547207724,5.697672257428192,1.1788179734362938,2003,3089,11,210
3262,3.5722941402246646,9.798830674817683,-0.5465967270013053,2003,5222,12,210
3263,2.087837119595373,5.7269534949962155,1.4072937959752194,2003,3128,13,210
3264,3.350628171061417,9.190799193383342,-0.1707543445823819,2003,4892,14,210
3265,2.0293805397670117,5.56660664082282,1.5875960226588623,2003,3067,15,210
3266,5.7096541157525325,15.344599429892574,-4.386982814487727,2041,8475,0,249
3267,5.21419832114392,14.013070312828665,0.2609832858631376,2041,7477,1,249
3268,5.947816437933219,15.984656666122195,-3.9375432552350134,2041,8752,2,249
3269,3.2206871959174155,8.655542684098844,0.4840029233347445,2041,4624,3,249
3270,6.54805711587749,17.597793395223,-3.649794463562549,2041,9564,4,249
3271,3.1377943327326867,8.432769508109546,0.7871906684968486,2041,4516,5,249
3272,7.613548494440401,20.461283559179638,-3.457827415249263,2041,11052,6,249
3273,3.480053415994609,9.35258503938788,1.2252743785953528,2041,5027,7,249
3274,3.576971553698855,9.613050904817422,-1.259397794748794,2041,5167,8,249
3275,2.537160613918205,6.818576488278919,1.1522962694863406,2041,3683,9,249
3276,3.3754218043435325,9.07138934242608,-0.8468051965362469,2041,4858,10,249
3277,2.467502911503814,6.631372584314482,1.375351238674135,2041,3604,11,249
3278,3.691531604317107,9.92092911455966,-0.5547611361752045,2041,5300,12,249
3279,2.13053068246351,5.7257653848598125,1.4104431107360336,2041,3135,13,249
3280,2.15316277922656,5.786588764358309,1.6543713362953127,2041,3196,15,249
3281,5.716376295567948,15.354465401107815,-4.390088643028957,2042,8481,0,249
3282,3.5986959567725405,9.666272774976688,0.18003902480701672,2042,5158,1,249
3283,5.937007918801223,15.94709269682173,-3.928545213061258,2042,8732,2,249
3284,5.341991461740591,14.348849486326522,0.8024148811168148,2042,7666,3,249
3285,6.55660823349931,17.611369347385036,-3.652847407488574,2042,9572,4,249
3286,3.1100700721399472,8.353799828523917,0.7798695861060453,2042,4474,5,249
3287,7.0285364758846125,18.87899161275775,-3.190637348960549,2042,10198,6,249
3288,3.0536606799492043,8.20228145116275,1.0746438701465904,2042,4409,7,249
3289,3.562026962344921,9.567778068344301,-1.2535480662653469,2042,5143,8,249
3290,2.539729056053618,6.821836055404228,1.1529220073465016,2042,3685,9,249
3291,3.361711861615732,9.029721942499254,-0.8429703438553499,2042,4836,10,249
3292,2.382353054336669,6.399116442771119,1.3272673718392458,2042,3478,11,249
3293,3.695353603132058,9.925899925122561,-0.5550751519126622,2042,5303,12,249
3294,2.1464880897452434,5.765571649549497,1.4203409571271637,2042,3157,13,249
3295,2.9505399769660863,7.925294215854287,-0.14761245364654393,2042,4229,14,249
3296,2.184503663947144,5.867683335100865,1.6776650503545394,2042,3241,15,249
3297,5.832356887422136,15.33765787713522,-4.396817938201623,2082,8494,0,34
3298,2.941828374236493,7.7362819196805575,0.14447102048783292,2082,4139,1,34
3299,7.0684631483101095,18.58831199437055,-4.5912510191582845,2082,10205,2,34
3300,5.461201426385534,14.361610699211939,0.8052410227539338,2082,7693,3,34
3301,7.11831791385708,18.719417712395668,-3.8928851236722672,2082,10201,4,34
3302,3.1513184581754987,8.287189091194367,0.7756861104541577,2082,4450,5,34
3303,6.719236402205736,17.669931919782638,-2.994155660870019,2082,9570,6,34
3304,3.105909551487699,8.167774883731479,1.0729376993389184,2082,4402,7,34
3305,3.616035086636633,9.509279027515637,-1.2491607699027616,2082,5125,8,34
3306,2.583781605027911,6.794707363093011,1.1513576626960993,2082,3680,9,34
3307,3.4459136219060618,9.061901599494783,-0.8481996884202092,2082,4866,10,34
3308,2.510705602789704,6.602535528791256,1.3730615307296163,2082,3598,11,34
3309,3.7709478716963414,9.916661384923152,-0.5560171991250352,2082,5312,12,34
3310,2.169370561539173,5.704908688522152,1.4090934044099703,2082,3132,13,34
3311,3.0001105502904655,7.8895496455597085,-0.1473332151435474,2082,4221,14,34
3312,2.1869621717023193,5.75117027768727,1.648677317303057,2082,3185,15,34
3313,5.844651157429739,15.361917896404986,-4.404064871464493,2083,8508,0,34
3314,2.946022903162525,7.743244334057659,0.14461063973933116,2083,4143,1,34
3315,7.091803296647,18.639897753701835,-4.604298180310229,2083,10234,2,34
3316,3.472256337813467,9.126381599174778,0.5117409801435048,2083,4889,3,34
3317,6.651746054342153,17.483263586166967,-3.636056215895438,2083,9528,4,34
3318,3.152056311053243,8.284776790089749,0.7755117989686623,2083,4449,5,34
3319,6.68649600737671,17.574599392366828,-2.9781993454359155,2083,9519,6,34
3320,2.6294464017652186,6.91116349785336,0.9079266083683487,2083,3725,7,34
3321,5.295599169407428,13.918804982790846,-1.8285276284508327,2083,7502,8,34
3322,2.5800504081410502,6.781332447543162,1.1491675801855359,2083,3673,9,34
3323,3.404277494855211,8.947707906581535,-0.8375666878049949,2083,4805,10,34
3324,2.502084158140457,6.576408133167758,1.3677188788590733,2083,3584,11,34
3325,3.76202532652852,9.888002317616854,-0.5544471204377469,2083,5297,12,34
3326,2.199470750787334,5.7810275034443634,1.427989292974855,2083,3174,13,34
3327,3.6876839912625763,9.69260562790804,-0.1810163595675046,2083,5186,14,34
3328,2.1233917169270478,5.581063495273602,1.6000193368237834,2083,3091,15,34
3329,5.956889755596549,15.34983196674012,-4.411829442817568,2121,8523,0,73
3330,3.0096117693631714,7.755227449265044,0.1452040215581988,2121,4160,1,73
3331,7.184249607964821,18.51251723867684,-4.584502487527969,2121,10190,2,73
3332,3.510307911563057,9.045431224136415,0.5084961508564423,2121,4858,3,73
3333,6.782468195447876,17.47719890603515,-3.6440701937012525,2121,9549,4,73
3334,3.2134206949449067,8.280406341162832,0.7770806023381203,2121,4458,5,73
3335,5.014097833764881,12.920426996450077,-2.1950884134445197,2121,7016,6,73
3336,2.652961191796372,6.836203149487158,0.9003707090772295,2121,3694,7,73
3337,5.400722296239501,13.916688598847706,-1.8329149248134182,2121,7520,8,73
3338,2.6292568315879414,6.775121282773637,1.1510447937660189,2121,3679,9,73
3339,3.6934875820766484,9.517452241390387,-0.8931720516780008,2121,5124,10,73
3340,2.5335704317899856,6.528554665182466,1.3612313730162706,2121,3567,11,73
3341,5.2069326493872765,13.41732758359963,-0.7542658013733065,2121,7206,12,73
3342,2.1954615583123114,5.657308997177593,1.4009951664535911,2121,3114,13,73
3343,3.0486788452154823,7.855896267116083,-0.14708888145342544,2121,4214,14,73
3344,2.1575640825444737,5.559654028080107,1.5979487844629632,2121,3087,15,73
3345,5.970756454923859,15.377605936475707,-4.420111652260849,2122,8539,0,73
3346,3.011689055777014,7.756566165873888,0.1452389263710734,2122,4161,1,73
3347,6.7459336512931145,17.374064768233644,-4.30286376748945,2122,9564,2,73
3348,2.9689827499169796,7.646576628119984,0.42988754457954065,2122,4107,3,73
3349,6.742171844919233,17.364376284627994,-3.620791496265314,2122,9488,4,73
3350,3.216308140180757,8.283559968216702,0.7774292253091108,2122,4460,5,73
3351,5.344532092337366,13.764773199388532,-2.3386952523514517,2122,7475,6,73
3352,3.2339871350615748,8.329091990613295,1.0970678293331377,2122,4501,7,73
3353,3.578150618219649,9.215480585037591,-1.213818660315269,2122,4980,8,73
3354,2.613994559141861,6.732309139393241,1.1438488083741682,2122,3656,9,73
3355,3.538660099521743,9.113773265479676,-0.8553464593255172,2122,4907,10,73
3356,2.5496324388248537,6.566545331918766,1.3692453508220856,2122,3588,11,73
3357,3.556706873530932,9.160252498259148,-0.5149858094305673,2122,4920,12,73
3358,2.2218413845225125,5.722323716011708,1.4171916423663495,2122,3150,13,73
3359,3.107953089523311,8.00449293829908,-0.1498812664833908,2122,4294,14,73
3360,2.215871554708246,5.7069484966262465,1.6403951078597765,2122,3169,15,73
3361,6.080981175100042,15.35097689042661,-4.42425275698249,2161,8547,0,113
3362,3.060733842885974,7.726591011707288,0.14506440230670054,2161,4156,1,113
3363,6.85686101572655,17.30962684513716,-4.298364746402573,2161,9554,2,113
3364,3.023904421222804,7.6336179232270736,0.4303062322294841,2161,4111,3,113
3365,6.833457796266974,17.250547188295496,-3.60667163060745,2161,9451,4,113
3366,3.2630785798049042,8.23739499068702,0.7751631759976717,2161,4447,5,113
3367,5.467929109510947,13.803373334273243,-2.3515228784847504,2161,7516,6,113
3368,3.279639859207976,8.279202687516188,1.0934117490309831,2161,4486,7,113
3369,3.724138529381505,9.401305949667291,-1.2416048706116425,2161,5094,8,113
3370,2.7747048461515105,7.004532450361649,1.1932820993268811,2161,3814,9,113
3371,5.209772412101376,13.151676283759354,-1.2376115470167461,2161,7100,10,113
3372,2.5906548813908126,6.539912239515687,1.36733726086832,2161,3583,11,113
3373,5.465241997004484,13.796589922057203,-0.7777123097701453,2161,7430,12,113
3374,2.3238974219094173,5.8665032158838315,1.4567830279308698,2161,3238,13,113
3375,3.080618302404242,7.776787825305965,-0.14600683225431385,2161,4183,14,113
3376,2.2475511328116338,5.673772785405132,1.635218726957726,2161,3159,15,113
3377,6.095760745872639,15.380446337303493,-4.433052604515975,2162,8564,0,113
3378,3.045136264315622,7.683299403572392,0.14426159161058552,2162,4133,1,113
3379,6.2581883617957175,15.790273647552269,-3.9213467793222545,2162,8716,2,113
3380,3.0208213631836567,7.621949549526653,0.42967820075456886,2162,4105,3,113
3381,6.816214421015388,17.198250472176877,-3.595986326866363,2162,9423,4,113
3382,3.2725912612581634,8.257199778024422,0.7770806023381203,2162,4458,5,113
3383,5.436130360141458,13.716107762817519,-2.3368180387709687,2162,7469,6,113
3384,3.3096096148624357,8.350602197319068,1.1029175578165848,2162,4525,7,113
3385,3.71627103936266,9.376665141343244,-1.2384362676831087,2162,5081,8,113
3386,2.727163001666895,6.8810089419302765,1.17231988101149,2162,3747,9,113
3387,5.22307914397753,13.178550116788639,-1.2402262192991758,2162,7115,10,113
3388,2.3393438859772644,5.902487745624536,1.2341525820954917,2162,3234,11,113
3389,5.38523038630402,13.587680098279185,-0.7659890555717259,2162,7318,12,113
3390,2.2638903057299102,5.712107940653087,1.4185413486924128,2162,3153,13,113
3391,3.08492270473978,7.783686088254926,-0.14614645150581212,2162,4187,14,113
3392,2.2335937903489422,5.6356656476481035,1.62434832706342,2162,3138,15,113
3393,6.209935549427297,15.370129838950005,-4.441852452049461,2200,8581,0,152
3394,3.089284597814583,7.646247694512323,0.1439474482947144,2200,4124,1,152
3395,6.889112876429481,17.05115271215153,-4.245726199686108,2200,9437,2,152
3396,3.059334255833034,7.572117996818469,0.4280034501547947,2200,4089,3,152
3397,6.952190231291529,17.20727464391886,-3.6074348665889557,2200,9453,4,152
3398,3.3989334791212387,8.412655569809491,0.7938145049456706,2200,4554,5,152
3399,7.043216532238804,17.43257264470858,-2.977886476505835,2200,9518,6,152
3400,3.6668329488352174,9.075730025335757,1.2018754646615644,2200,4931,7,152
3401,3.7791208773028946,9.353652400883453,-1.2386800063699188,2200,5082,8,152
3402,2.7438796912735324,6.791340551227085,1.1601179927383523,2200,3708,9,152
3403,3.596719463303744,8.902193059049612,-0.8400070486019294,2200,4819,10,152
3404,2.393147890894175,5.923248883033109,1.2417849419105536,2200,3254,11,152
3405,5.565758750095851,13.775736311648958,-0.7786543569825183,2200,7439,12,152
3406,2.308294470199218,5.713229297003617,1.4225904676706023,2200,3162,13,152
3407,3.1552053166816254,7.809407199147892,-0.1470190718276763,2200,4212,14,152
3408,2.257171539291894,5.586695602806791,1.6145132033495244,2200,3119,15,152
3409,6.2242020001637695,15.39770265188084,-4.450134661492742,2201,8597,0,152
3410,3.092117918063338,7.649416305196936,0.14401725792046355,2201,4126,1,152
3411,6.876021581693065,17.010202390609987,-4.235828353294979,2201,9415,2,152
3412,3.1025723312644113,7.675278889005397,0.43386507725400436,2201,4145,3,152
3413,6.977266332999075,17.260666076658822,-3.618883406311549,2201,9483,4,152
3414,3.4071218742179705,8.428686844762895,0.7953833083151284,2201,4563,5,152
3415,7.069948863856247,17.48994816794136,-2.98789828226841,2201,9550,6,152
3416,3.435560591175029,8.499039784383793,1.1255852556899422,2201,4618,7,152
3417,3.778521490380678,9.347471430248003,-1.237948790309488,2201,5079,8,152
3418,2.742103726882046,6.783535917702073,1.1588665170180303,2201,3704,9,152
3419,3.6430742108940355,9.012396036729822,-0.8504657377316485,2201,4879,10,152
3420,2.372108684761048,5.86822602880397,1.230336402187961,2201,3224,11,152
3421,3.6654515575878936,9.067754093958847,-0.5125783554433919,2201,4897,12,152
3422,2.346538220072206,5.804968696869875,1.4455354752136766,2201,3213,13,152
3423,3.122844247350927,7.725428440076496,-0.14544835524832078,2201,4167,14,152
3424,2.2581465672340117,5.586301566967122,1.6145132033495244,2201,3119,15,152
3425,6.3399084094229154,15.381770762494195,-4.457899232845818,2240,8612,0,192
3426,3.148685956985958,7.639284744470177,0.14422668679771092,2240,4132,1,192
3427,7.008726136206634,17.004444197332674,-4.246176101794796,2240,9438,2,192
3428,3.1159281100843605,7.559808250619833,0.42852680971722407,2240,4094,3,192
3429,7.105815488248227,17.240000621832948,-3.624607676172845,2240,9498,4,192
3430,3.4591000689939584,8.392405831401602,0.7941631279166612,2240,4556,5,192
3431,7.212922703577418,17.499862204494626,-2.997910088030985,2240,9582,6,192
3432,3.7626313988610973,9.128828037172285,1.2123562281944071,2240,4974,7,192
3433,3.8382773859712915,9.312358958707714,-1.2367300968754364,2240,5074,8,192
3434,2.8160659396872387,6.832288092988352,1.1704426674310073,2240,3741,9,192
3435,3.7650740215410545,9.134754284003632,-0.8644106565712738,2240,4959,10,192
3436,3.7217607372526915,9.029668379465308,-0.5118456520559906,2240,4890,12,192
3437,2.372629794996842,5.756431363686999,1.4374372372572974,2240,3195,13,192
3438,3.1974555361841914,7.757608612729154,-0.14646059482168322,2240,4196,14,192
3439,2.352803910417515,5.708330162207554,1.6543713362953127,2240,3196,15,192
3440,6.349221286695652,15.396737620887908,-4.4625579756576625,2241,8621,0,192
3441,3.1545932997847967,7.649827143239356,0.14443611567495834,2241,4138,1,192
3442,7.036210276944503,17.06267250544839,-4.261022871381491,2241,9471,2,192
3443,3.1096333126787528,7.540800052569072,0.42748009059236525,2241,4084,3,192
3444,7.13052951889015,17.291394825125792,-3.635674597904685,2241,9527,4,192
3445,3.4537287088570126,8.375224668169352,0.7925943245472034,2241,4547,5,192
3446,7.242334565574129,17.562519879798483,-3.008860500583801,2241,9617,6,192
3447,3.620436388127516,8.7794875346241,1.166045877700451,2241,4784,7,192
3448,3.8376323002079085,9.306183379615135,-1.2359988808150055,2241,5071,8,192
3449,2.8360852629668476,6.877451374370498,1.1782643906830188,2241,3766,9,192
3450,3.809203755205172,9.237244713188762,-0.8741720997590113,2241,5015,10,192
3451,2.796975838363859,6.782611783509506,1.426106431444296,2241,3737,11,192
3452,5.674090951538214,13.759559743326328,-0.7800150918448348,2241,7452,12,192
3453,2.423410191467952,5.876722385468551,1.4675806785393752,2241,3262,13,192
3454,3.930662893593623,9.531780751701817,-0.17996921518126757,2241,5156,14,192
3455,2.3633744471646385,5.731136878022189,1.6611006314679782,2241,3209,15,192
3456,6.463607753637583,15.376315231482154,-4.469287270830328,2280,8634,0,232
3457,3.1763689276688596,7.556283082901297,0.14307482797285023,2280,4099,1,232
3458,7.175598488804163,17.070074259426704,-4.27496983675081,2280,9502,2,232
3459,3.174046949451855,7.550759315001675,0.4292595131046253,2280,4101,3,232
3460,6.202734463840103,14.75572219856762,-3.11133147860994,2280,8153,4,232
3461,3.528414490034696,8.393766381564507,0.7966034887135957,2280,4570,5,232
3462,6.316817316377033,15.027114580341918,-2.5817944110239703,2280,8252,6,232
3463,3.712420808136794,8.83150011473078,1.1762829025464836,2280,4826,7,232
3464,3.890118530200532,9.254226290964269,-1.2325865391996618,2280,5057,8,232
3465,2.9302928607720897,6.970891252247802,1.1976622643480077,2280,3828,9,232
3466,3.8503726612260456,9.15967460500267,-0.8692913781651426,2280,4987,10,232
3467,2.889486752565278,6.873817356820779,1.4493851288802344,2280,3798,11,232
3468,5.796253987916348,13.78874335772922,-0.7838879526068127,2280,7489,12,232
3469,2.532075534935841,6.023569668686355,1.5085217704299587,2280,3353,13,232
3470,3.153896446843684,7.502823163554106,-0.1420625883994878,2280,4070,14,232
3471,2.37313372469668,5.645462043525415,1.6409127459499815,2280,3170,15,232
3472,6.479772130389344,15.4072407839203,-4.478604756454019,2281,8652,0,232
3473,3.197843805886251,7.60365465254364,0.14398235310758897,2281,4125,1,232
3474,7.19670920643902,17.111933778572475,-4.285767487359316,2281,9526,2,232
3475,3.1714933054235415,7.5409999021548515,0.42873615354219585,2281,4096,3,232
3476,7.311198976329502,17.384161168132284,-3.665822419174179,2281,9606,4,232
3477,4.7332825198477355,11.254535192618444,1.0681807831152985,2281,6128,5,232
3478,9.447761829733412,22.464361161275544,-3.8598639904026566,2281,12337,6,232
3479,3.777067173409049,8.980899671584254,1.1962694748649276,2281,4908,7,232
3480,3.8978902268371707,9.268185989522054,-1.234536448694144,2281,5065,8,232
3481,3.3618930398419127,7.993721771743507,1.373494603053227,2281,4390,9,232
3482,3.87359853737539,9.210426565107946,-0.8741720997590113,2281,5015,10,232
3483,2.887641985862391,6.86607406536476,1.447858656917222,2281,3794,11,232
3484,3.943460792119653,9.376541138104166,-0.5330940502906258,2281,5093,12,232
3485,2.4696664282856555,5.872235095754086,1.4707299933001894,2281,3269,13,232
3486,3.1381507215097075,7.4617197656961585,-0.1412946825162473,2281,4048,14,232
3487,2.3778636747556834,5.653951628403485,1.643500936401007,2281,3175,15,232
3488,6.595149493660528,15.38763665330493,-4.48585168971689,2320,8666,0,16
3489,3.290489478896987,7.677287158002933,0.14579740337706648,2320,4177,1,16
3490,6.8723645318744815,16.03442779685197,-4.027523676972559,2320,8952,2,16
3491,3.2188153758740343,7.51005894644702,0.4282127939797664,2320,4091,3,16
3492,8.060459992632966,18.806462195339176,-3.9772226996287,2320,10422,4,16
3493,4.8105643534439055,11.223887561500932,1.0683550946007938,2320,6129,5,16
3494,8.533562036938575,19.91029196670496,-3.430920687262344,2320,10966,6,16
3495,3.633223350702331,8.47694519353199,1.1324099389206304,2320,4646,7,16
3496,3.9976405012463014,9.327194108767872,-1.2459921669742278,2320,5112,8,16
3497,2.9376433238594855,6.854035397985704,1.181080211053743,2320,3775,9,16
3498,3.8922481038878005,9.08129522230105,-0.8644106565712738,2320,4959,10,16
3499,3.9741472655927033,9.27238028318355,-0.5286978299662186,2320,5051,12,16
3500,2.54642908313535,5.9412641870149665,1.4923252945172005,2320,3317,13,16
3501,3.1935945289558023,7.451214301782114,-0.14150411139349472,2320,4054,14,16
3502,2.394223437232405,5.586141808365719,1.6284894317850604,2320,3146,15,16
3503,6.612300639688386,15.420219853358809,-4.495686813430786,2321,8685,0,16
3504,3.27764384538448,7.643631385039222,0.14516911674532423,2321,4159,1,16
3505,7.355932848242108,17.154407811648248,-4.309162397011078,2321,9578,2,16
3506,9.787892397291282,22.825860603090128,1.301595231762013,2321,12435,3,16
3507,6.930237865578035,16.161665560373187,-3.4181523431754237,2321,8957,4,16
3508,7.242733588463158,16.890421406893495,1.607849142208798,2321,9224,5,16
3509,8.241206703703085,19.218911261431224,-3.312030493831768,2321,10586,6,16
3510,3.819332560574718,8.90687689299159,1.18993226900786,2321,4882,7,16
3511,4.108012141658715,9.580092291089484,-1.2798718444408588,2321,5251,8,16
3512,3.6464965237242812,8.503814504869057,1.465478068496883,2321,4684,9,16
3513,3.827090580027041,8.924968987120435,-0.8495941803041718,2321,4874,10,16
3514,3.388133483684963,7.901298815325911,1.6711051815077795,2321,4379,11,16
3515,3.9615973008095717,9.238645469670494,-0.5268137355414726,2321,5033,12,16
3516,2.4437855839534754,5.69903170355656,1.4315885098443568,2321,3182,13,16
3517,3.1751928475725104,7.4047104713448,-0.14063149107163053,2321,4029,14,16
3518,2.3799714219534707,5.55021384704659,1.6181366699809596,2321,3126,15,16
3519,6.722156294178042,15.393730712940988,-4.500863194332836,2359,8695,0,55
3520,3.3178625389976997,7.597901660233625,0.14471535417795486,2359,4146,1,55
3521,8.032604772640308,18.394656324876347,-4.633991719483619,2359,10300,2,55
3522,9.901496639139278,22.674416697215115,1.2966756518751763,2359,12388,3,55
3523,7.009774331793676,16.052375710986365,-3.4047957134990656,2359,8922,4,55
3524,7.360176320066947,16.854795888784,1.609069322607265,2359,9231,5,55
3525,8.442798439050188,19.333999381558392,-3.3414401732593313,2359,10680,6,55
3526,6.611893442948913,15.141228901739078,2.028637090322085,2359,8323,7,55
3527,4.036408816967851,9.243371867083534,-1.2384362676831087,2359,5081,8,55
3528,3.705977442159858,8.486684372729002,1.4667295442172046,2359,4688,9,55
3529,3.9340385617170748,9.008944092217556,-0.8600528694338908,2359,4934,10,55
3530,3.4522470762050452,7.905642106486672,1.6768294513690758,2359,4394,11,55
3531,4.015589208511118,9.195694986019433,-0.5258716883290996,2359,5024,12,55
3532,2.4830886986491985,5.686270460039446,1.4324883140617324,2359,3184,13,55
3533,3.2314348607025356,7.3999823695184235,-0.14094563438750166,2359,4038,14,55
3534,2.419048538755962,5.539618562483305,1.6196895842515748,2359,3129,15,55
3535,6.739537788494077,15.426192501101196,-4.510698318046732,2360,8714,0,55
3536,3.301575897930925,7.557008649084043,0.1439474482947144,2360,4124,1,55
3537,7.960918205801341,18.221821819572185,-4.5908011170495975,2360,10204,2,55
3538,9.853479872728299,22.5537243194829,1.2898719775635936,2360,12323,3,55
3539,16.238491140049643,37.168437675576094,-7.884227688958831,2360,20660,4,55
3540,7.365510878281942,16.858988293130487,1.609592257063751,2360,9234,5,55
3541,8.675516371452245,19.857472395355636,-3.4321721629826656,2360,10970,6,55
3542,6.681293286986984,15.292876104550528,2.0491111400141495,2360,8407,7,55
3543,4.011001215585025,9.18081904361443,-1.2301491523315586,2360,5047,8,55
3544,3.73355631628314,8.545772760116131,1.4770542189098599,2360,4721,9,55
3545,4.103117604275754,9.391665126690842,-0.8966582813879073,2360,5144,10,55
3546,3.0818549738690537,7.0540873245853755,1.4963241417428645,2360,3921,11,55
3547,4.014795296678471,9.189503352115853,-0.5255576725916419,2360,5021,12,55
3548,2.4825207497902655,5.682265487052009,1.4315885098443568,2360,3182,13,55
3549,3.2951712890115634,7.542349078474763,-0.14366820979171785,2360,4116,14,55
3550,2.410734368457199,5.517952952252975,1.6134779271691142,2360,3117,15,55
3551,6.853023525707611,15.399375598186877,-4.516392337038987,2399,8725,0,95
3552,3.674085005242267,8.256007696916527,0.15773484938016838,2399,4519,1,95
3553,8.316120312856112,18.68708895234085,-4.722172532786415,2399,10496,2,95
3554,5.9205835409572565,13.304096996840517,0.7631629139346069,2399,7291,3,95
3555,16.564546263787832,37.22206243313212,-7.919336544108115,2399,20752,4,95
3556,9.941057403661697,22.3384723878233,2.139150549998522,2399,12272,5,95
3557,7.752740406024086,17.421122367338928,-3.0201237820666975,2399,9653,6,95
3558,3.9789697557973502,8.941111836767332,1.201631725974754,2399,4930,7,95
3559,4.010446392810757,9.011842741764072,-1.2111375347603557,2399,4969,8,95
3560,3.8213549002240343,8.586936726799816,1.4886303693228369,2399,4758,9,95
3561,4.156418313085738,9.339855102829315,-0.8943922320764681,2399,5131,10,95
3562,2.7578309243151007,6.197100313534672,1.3184901580519246,2399,3455,11,95
3563,4.173073490190555,9.377280821116912,-0.5379089582649766,2399,5139,12,95
3564,2.532233281239342,5.690161613155618,1.4378871393659851,2399,3196,13,95
3565,3.3529379423808603,7.534360642196007,-0.1439474482947144,2399,4124,14,95
3566,2.558985747479129,5.750276870933279,1.6864648978880252,2399,3258,15,95
3567,6.870640461651556,15.431711137143637,-4.5262274607528825,2400,8744,0,95
3568,3.678779292010168,8.262673572932155,0.15787446863166663,2400,4523,1,95
3569,8.664965770554579,19.46183176528687,-4.918329852174264,2400,10932,2,95
3570,5.924530170634389,13.306712631349859,0.7633722577595787,2400,7293,3,95
3571,7.015862533245487,15.757885250326156,-3.352895666756645,2400,8786,4,95
3572,4.377660738948273,9.832387003354526,0.9416306446456989,2400,5402,5,95
3573,8.665295394067753,19.462572111819,-3.3742914109177797,2400,10785,6,95
3574,3.6171958127549027,8.124354813859862,1.0919493169101215,2400,4480,7,95
3575,3.9345078561505895,8.837049332129265,-1.1877386208265674,2400,4873,8,95
3576,7.086500266636771,15.916540197148223,2.7595039633096725,2400,8820,9,95
3577,4.064854917912724,9.129813626217382,-0.8743464112445067,2400,5016,10,95
3578,2.755718370388138,6.189444798415157,1.3169636860889122,2400,3451,11,95
3579,3.3932212426628063,7.621299693013625,-0.43721457845355277,2400,4177,12,95
3580,2.527677995087683,5.677257729555417,1.434737824605171,2400,3189,13,95
3581,3.358319632259559,7.542909392579454,-0.14412197235908725,2400,4129,14,95
3582,2.6872816078280333,6.035733313018212,1.7703222685012419,2400,3420,15,95
3583,6.98988029987642,15.416257050036416,-4.535544946376573,2439,8762,0,135
3584,3.7431935215348178,8.255654037027215,0.15822351676041232,2439,4533,1,135
3585,8.805283735383503,19.420149078314953,-4.922828873261142,2439,10942,2,135
3586,3.402131302536355,7.503437602329604,0.43177163900428656,2439,4125,3,135
3587,7.223488607459507,15.931482714027903,-3.4002162976100285,2439,8910,4,135
3588,4.982563063226888,10.989097045350059,1.0556303561596356,2439,6056,5,135
3589,8.95826856178508,19.75755877739143,-3.435926590143631,2439,10982,6,135
3590,3.678150462803867,8.112200863339151,1.0936554877177935,2439,4487,7,135
3591,4.077361355468338,8.992664830454409,-1.2123562281944071,2439,4974,8,135
3592,4.961226497247937,10.942039016945426,1.9028688327493681,2439,6082,9,135
3593,4.131841430568929,9.112821228822325,-0.8753922801574786,2439,5022,10,135
3594,2.6648268297103703,5.877304565769889,1.2543783356054055,2439,3287,11,135
3595,4.351429030831953,9.597124070276603,-0.5522490102755433,2439,5276,12,135
3596,2.564653561018756,5.656371331803123,1.4338380203877956,2439,3187,13,135
3597,3.400500975442396,7.499841898186206,-0.143738019417467,2439,4118,14,135
3598,2.678044757667786,5.906456849688683,1.7377110688183244,2439,3357,15,135
3599,6.996561120216581,15.423833379659577,-4.538133136827598,2440,8767,0,135
3600,3.4728530330554426,7.655862017572773,0.14673983332467977,2440,4204,1,135
3601,8.07126266370679,17.792999782245484,-4.510718541703181,2440,10026,2,135
3602,3.4009656179187036,7.497387090517587,0.4314576232668289,2440,4122,3,135
3603,8.475253842494938,18.683593392651588,-3.9879080033697867,2440,10450,4,135
3604,3.5227177099350526,7.765788087610144,0.746053157919954,2440,4280,5,135
3605,7.432463698763994,16.384775280367382,-2.8496102151728455,2440,9108,6,135
3606,3.812414421625386,8.40442094380517,1.1331411549810613,2440,4649,7,135
3607,4.078110759032705,8.990145268561648,-1.2121124895075968,2440,4973,8,135
3608,3.9822598649504046,8.778843145387881,1.5268003787926532,2440,4880,9,135
3609,8.829840091631599,19.465274440159256,-1.8700136163937535,2440,10728,10,135
3610,2.674773892109885,5.896506316647362,1.2585761335036896,2440,3298,11,135
3611,4.336602447302453,9.559987032450374,-0.5501555720258255,2440,5256,12,135
3612,2.5809363754083354,5.689642659273791,1.4423861604528623,2440,3206,13,135
3613,3.391896896699726,7.4773952055551405,-0.1433191616629722,2440,4106,14,135
3614,2.592885488717198,5.715984333353938,1.6818061550761798,2440,3249,15,135
3615,6.6647878642821095,14.430536465555187,-4.259126206207081,2479,8228,0,175
3616,3.2272308352585664,6.98757007714291,0.13434862475420847,2479,3849,1,175
3617,8.485524724972574,18.37277891908965,-4.672233398722076,2479,10385,2,175
3618,3.45861903614413,7.488569649608371,0.432294998566716,2479,4130,3,175
3619,8.51003554068279,18.42584950844814,-3.945166788405441,2479,10338,4,175
3620,3.5763311331846155,7.743438783235726,0.7462274694054492,2479,4281,5,175
3621,7.5405052326743816,16.326631536461978,-2.848358739452524,2479,9104,6,175
3622,4.062634825471787,8.796378997956282,1.1896885303210498,2479,4881,7,175
3623,4.039329401355169,8.745918311223486,-1.1828638470903614,2479,4853,8,175
3624,4.098244715649477,8.873481199737903,1.5480754660381248,2479,4948,9,175
3625,8.399073397112385,18.185595311060965,-1.7525276751699104,2479,10054,10,175
3626,2.715671043597651,5.879945591833083,1.2589577514944426,2479,3299,11,175
3627,4.4107860686128655,9.550192819488448,-0.5513069630631703,2479,5267,12,175
3628,2.619604455297263,5.671943111661187,1.4423861604528623,2479,3206,13,175
3629,3.45026107744583,7.470473075459358,-0.1436333049788433,2479,4115,14,175
3630,2.568551569960935,5.56140388092799,1.6414303840401867,2479,3171,15,175
3631,6.707822326432879,14.517057591953519,-4.2850081107173335,2480,8278,0,175
3632,3.4758893838832297,7.5225138522603645,0.14464554455220574,2480,4144,1,175
3633,8.482192025719195,18.357145456602545,-4.668634181852575,2480,10377,2,175
3634,3.4264158063906147,7.415443220572628,0.4281081220672805,2480,4090,3,175
3635,7.54400226543526,16.3267167840134,-3.496002413289054,2480,9161,4,175
3636,3.5768468518477845,7.7410058315431,0.746053157919954,2480,4280,5,175
3637,7.91621379071556,17.132256329625726,-2.9891497579887316,2480,9554,6,175
3638,4.1299494582805245,8.938029545215853,1.208943886579063,2480,4960,7,175
3639,4.0483496504354655,8.761431380814411,-1.1850574952716542,2480,4862,8,175
3640,4.084050426463993,8.838694939159012,1.542130956366596,2480,4929,9,175
3641,10.095399525775989,21.8484463656637,-2.1056827447834214,2480,12080,10,175
3642,2.6870515655621934,5.8153123967073155,1.2452195038273313,2480,3263,11,175
3643,4.370565100718787,9.45876950653482,-0.5460733674388759,2480,5217,12,175
3644,2.632037999693149,5.696252131662349,1.4486847899744908,2480,3220,13,175
3645,10.07034940707096,21.794232941659732,-0.4190671833720517,2480,12006,14,175
3646,2.5768150517101422,5.576738722204904,1.646089126852032,2480,3180,15,175
3647,6.938751748533672,14.758968376608376,-4.36990075751096,2518,8442,0,214
3648,3.2840773561823022,6.98534774017143,0.1347325776958287,2518,3860,1,214
3649,8.61867789857092,18.332230228594476,-4.676732419808953,2518,10395,2,214
3650,3.460225477352828,7.360020973077356,0.42622402764253453,2518,4072,3,214
3651,7.706412480210735,16.391809681988715,-3.520807582688005,2518,9226,4,214
3652,4.530896685576197,9.637376191507407,0.9316948899724657,2518,5345,5,214
3653,8.981894721633378,19.10480515268854,-3.3436302557698943,2518,10687,6,214
3654,4.2009616275743955,8.935592749202803,-1.2123562281944071,2518,4974,8,214
3655,4.161910981709412,8.852530655573467,1.5493269417584465,2518,4952,9,214
3656,8.899884808580822,18.930367190764503,-1.8300962862153263,2518,10499,10,214
3657,2.718878454702573,5.783149849867034,1.2421665599013065,2518,3255,11,214
3658,4.485036853995144,9.539830720997617,-0.5524583541005151,2518,5278,12,214
3659,2.6573220456873305,5.652217208527686,1.4419362583441746,2518,3205,13,214
3660,3.3010933010329877,7.021541251778535,-0.13543067395332004,2518,3880,14,214
3661,2.7370342718096574,5.821767909749573,1.7237348403827881,2518,3330,15,214
3662,7.262822366129639,15.44127796293255,-4.572297250781132,2519,8833,0,214
3663,3.253805295462143,6.9178219529093745,0.13344109961946973,2519,3823,1,214
3664,17.374803908046935,36.94007138970836,-9.424549372790569,2519,20948,2,214
3665,3.446208620341433,7.326885133954341,0.42433993321778857,2519,4054,3,214
3666,9.054594102496198,19.25071237184626,-4.135212547800479,2519,10836,4,214
3667,3.621822907361046,7.700253623975272,0.744484354550496,2519,4271,5,214
3668,8.06375328543764,17.144114178756528,-3.000725908401709,2519,9591,6,214
3669,3.7378273882651625,7.946887417876075,1.078299950448745,2519,4424,7,214
3670,4.201676221031341,8.933063094280678,-1.2121124895075968,2519,4973,8,214
3671,5.140422019306196,10.928903564687456,1.912880638511943,2519,6114,9,214
3672,4.736099493704388,10.069285059682016,-0.9735296464913417,2519,5585,10,214
3673,2.7132029393507895,5.768462815742414,1.239113615975282,2519,3247,11,214
3674,4.516454464695123,9.60230407417351,-0.5561218710375211,2519,5313,12,214
3675,2.6724087355225903,5.681731431050236,1.4495845941918661,2519,3222,13,214
3676,3.2504008431519553,6.910583844666728,-0.13330148036797146,2519,3819,14,214
3677,2.7520283549684033,5.85100841638574,1.7325346879162737,2519,3347,15,214
3678,7.385275213356233,15.428076623765786,-4.5831676506754375,2558,8854,0,254
3679,3.457094943249738,7.221982138679371,0.13975887074976637,2558,4004,1,254
3680,8.036300467818874,16.788089246137883,-4.297015040076509,2558,9551,2,254
3681,3.5925850652526092,7.505025346093399,0.43606318741620803,2558,4166,3,254
3682,8.842957608807389,18.47322186756973,-3.981038879536231,2558,10432,4,254
3683,3.6732923072239396,7.673625361293189,0.7443100430650008,2558,4270,5,254
3684,7.775129510729785,16.242494746072992,-2.852113166613489,2558,9116,6,254
3685,3.7232647156202416,7.778019324082544,1.0588008555039214,2558,4344,7,254
3686,4.228956746517097,8.834426184397623,-1.2026066807219953,2558,4934,8,254
3687,3.287115964716169,6.86689060458154,1.2057968565300996,2558,3854,9,254
3688,4.749472325101491,9.921799910936695,-0.9623737114196415,2558,5521,10,254
3689,3.0931702755500536,6.461731843823039,1.392524048258024,2558,3649,11,254
3690,4.5929208011366764,9.594758759791992,-0.5574826058998377,2558,5326,12,254
3691,2.713545074726821,5.668682632058912,1.4509343005179294,2558,3225,13,254
3692,3.3085883672659833,6.911747141713124,-0.13375524293534086,2558,3832,14,254
3693,2.7676014409211636,5.781608113581983,1.7175231833003277,2558,3318,15,254
3694,7.39964970896013,15.451180347541506,-4.590414583938308,2559,8868,0,254
3695,3.297702492690781,6.885920003132539,0.13326657555509688,2559,3818,1,254
3696,8.040913851918024,16.790201559755953,-4.297914844293885,2559,9553,2,254
3697,3.209142815781326,6.700998879394604,0.3893795144475021,2559,3720,3,254
3698,9.054786020008953,18.907264168754416,-4.0749169052614915,2559,10678,4,254
3699,4.556715237813106,9.514859716479064,0.9229793156977,2559,5295,5,254
3700,10.101285505258772,21.092455754327002,-3.7040552632225867,2559,11839,6,254
3701,4.3565389717719425,9.096872418491941,1.2384362676831087,2559,5081,7,254
3702,4.635199701121653,9.678742825106754,-1.3176513408964545,2559,5406,8,254
3703,3.2174970555224958,6.718443335549211,1.1798287353334211,2559,3771,9,254
3704,4.8045592394165375,10.03238183136971,-0.9731810235203511,2559,5583,10,254
3705,3.0239152413702874,6.314225887411336,1.3608497550255176,2559,3566,11,254
3706,4.560951093289212,9.52370459015034,-0.553400401312888,2559,5287,12,254
3707,2.717059553437808,5.673481695267686,1.4522840068439926,2559,3228,13,254
3708,3.3262054215170767,6.945436860152805,-0.1344184343799576,2559,3851,14,254
3709,2.7585974219465705,5.760216760145717,1.711311526217867,2559,3306,15,254
3710,7.521419375331967,15.44171048830584,-4.602320260013024,2597,8891,0,37
3711,3.3380447760276315,6.853110889877137,0.1330571466778495,2597,3812,1,37
3712,7.103320666183792,14.583340691326455,-3.7449851527166644,2597,8324,2,37
3713,3.266633628466491,6.706501558413267,0.3909495931347904,2597,3735,3,37
3714,8.260953660663969,16.95999763072022,-3.666967273146438,2597,9609,4,37
3715,4.707838792777778,9.665341079386517,0.9405847757327269,2597,5396,5,37
3716,7.880317582159803,16.178539792464,-2.8502359530330064,2597,9110,6,37
3717,3.770036441430526,7.740003362910947,1.0570946846962492,2597,4337,7,37
3718,4.8800978976691205,10.018994438409514,-1.3683489877529957,2597,5614,8,37
3719,4.039635906551733,8.293499542349823,1.4610979034757563,2597,4670,9,37
3720,4.82998435078165,9.916109750830941,-0.9649883837020713,2597,5536,10,37
3721,2.905819895207016,5.965739618257295,1.2898688087454429,2597,3380,11,37
3722,4.753454824823395,9.758992227570578,-0.5688918443607994,2597,5435,12,37
3723,2.8749504233989907,5.90236362194604,1.5157202041689626,2597,3369,13,37
3724,3.3897091626450577,6.959179500187407,-0.13511653063744894,2597,3871,14,37
3725,2.822118438432959,5.793897895510997,1.7268406689240183,2597,3336,15,37
3726,7.543578370831196,15.480340060020097,-4.61422593608774,2598,8914,0,37
3727,3.3409927813246325,6.856123427173846,0.13312695630359864,2598,3814,1,37
3728,7.131475631059039,14.63465512937676,-3.758482215977297,2598,8354,2,37
3729,3.29142676416732,6.754407933107673,0.39377573477190936,2598,3762,3,37
3730,8.252733377944786,16.935612362596405,-3.6620062392666477,2598,9596,4,37
3731,3.239762635390353,6.648386858883187,0.6470442341586142,2598,3712,5,37
3732,7.851124001528099,16.1114610894735,-2.8386598026200294,2598,9073,6,37
3733,3.7792135284634245,7.755405684689134,1.059288332877542,2598,4346,7,37
3734,4.897498985804419,10.050263418354625,-1.372736284115581,2598,5632,8,37
3735,4.3508708783956,8.928516076035795,1.5731049804445618,2598,5028,9,37
3736,4.772365864847643,9.79347503889366,-0.9531352026883897,2598,5468,10,37
3737,2.895680834049614,5.942289164741777,1.2849077748656528,2598,3367,11,37
3738,4.491808880179432,9.21773799270994,-0.5373855987025472,2598,5134,12,37
3739,2.788053556504527,5.721424904542075,1.4693802869741261,2598,3266,13,37
3740,3.4172031567769774,7.0125163842174025,-0.13616367502368595,2598,3901,14,37
3741,2.988996949268093,6.133785179716287,1.8282977346042064,2598,3532,15,37
3742,7.663361206490952,15.458058468734777,-4.623025783621226,2637,8931,0,77
3743,3.477291067264973,7.014176571119004,0.1366523424039299,2637,3915,1,77
3744,8.27998858502836,16.701881096171455,-4.303763571706826,2637,9566,2,77
3745,3.3186965449024646,6.694269505088473,0.39157762460970574,2637,3741,3,77
3746,8.410546904183644,16.96523526631976,-3.6807055208135493,2637,9645,4,77
3747,3.2929059341232696,6.642246279427192,0.6486130375280721,2637,3721,5,77
3748,8.888892850680811,17.93012513774751,-3.169675130645158,2637,10131,6,77
3749,3.8416137615948482,7.749065787311511,1.061969458432455,2637,4357,7,77
3750,4.969321817844518,10.023808762287738,-1.3737112388628223,2637,5636,8,77
3751,3.376217519437347,6.810297258913476,1.2039196429496166,2637,3848,9,77
3752,4.398210828431242,8.871798981121511,-0.8663280829117221,2637,4970,10,77
3753,2.7939235128050175,5.635729786758787,1.2227040423728992,2637,3204,11,77
3754,4.555334605205601,9.18873935007466,-0.5374902706150331,2637,5135,12,77
3755,2.7767304391355823,5.601048981446585,1.4432859646702378,2637,3208,13,77
3756,3.4986077941141067,7.057175354696745,-0.13749005791291952,2637,3939,14,77
3757,3.0126594105911693,6.07695031729121,1.8174273347099006,2637,3511,15,77
3758,7.671209220736243,15.46710481630749,-4.626131612162455,2638,8937,0,77
3759,3.463410555264978,6.9831147266047155,0.13605896058506226,2638,3898,1,77
3760,8.2898304395956,16.714402205593302,-4.307362788576327,2638,9574,2,77
3761,3.3189774376663195,6.691900902999717,0.3914729526972199,2638,3740,3,77
3762,8.303595691607729,16.742156447404223,-3.63262165397866,2638,9519,4,77
3763,3.3117704429764916,6.677369772499872,0.6520992672379784,2638,3741,5,77
3764,8.37242117568257,16.8809260918745,-2.9844567240375244,2638,9539,6,77
3765,3.820033620179043,7.702157339864229,1.0556322525753876,2638,4331,7,77
3766,4.874048899817453,9.827319662916123,-1.3468999833136899,2638,5526,8,77
3767,3.383550019106438,6.822095616330454,1.20610972546018,2638,3855,9,77
3768,4.936228813161432,9.952690150082674,-0.9719608431218839,2638,5576,10,77
3769,2.804502589402127,5.654589030192728,1.226901840271183,2638,3215,11,77
3770,4.556050846251039,9.186154875935975,-0.5373855987025472,2638,5134,12,77
3771,2.781171440566228,5.607547512467692,1.445085573104989,2638,3212,13,77
3772,3.4642990648994743,6.984906187540222,-0.13609386539793683,2638,3899,14,77
3773,3.1021316016270317,6.254684659968141,1.87074405800102,2638,3614,15,77
3774,7.793714449660211,15.449026627173689,-4.636484373966557,2677,8957,0,117
3775,3.425297619531155,6.789768148669927,0.1327430033619784,2677,3803,1,117
3776,8.422718955334092,16.69586565618016,-4.317260634967457,2677,9596,2,117
3777,3.408530222190337,6.756531112637899,0.39660187640902833,2677,3789,3,117
3778,7.456161596348457,14.779915248693676,-3.217802898030052,2677,8432,4,117
3779,3.358939570293241,6.658230449126863,0.652447890208969,2677,3743,5,117
3780,9.020968942610631,17.881741793013028,-3.1721780820858014,2677,10139,6,117
3781,4.895228524796325,9.703526644984505,-1.334469310286365,2677,5475,8,117
3782,3.4272386198773206,6.793615680706795,1.2051711186699385,2677,3852,9,117
3783,5.047831975126765,10.006023584381142,-0.9805021059111544,2677,5625,10,117
3784,2.931353853403123,5.810652164304973,1.265063639346492,2677,3315,11,117
3785,4.459246321297836,8.839304493361325,-0.5188586701925451,2677,4957,12,117
3786,2.819276082173104,5.58848692034709,1.445085573104989,2677,3212,13,117
3787,3.5252734375085306,6.987944394923507,-0.13661743759105532,2677,3914,14,117
3788,3.128101311435576,6.200653201372045,1.8609089342871241,2677,3595,15,117
3789,7.806855813465938,15.46836190005376,-4.642696031049017,2678,8969,0,117
3790,3.4039577395201044,6.7445398589998735,0.13187038304011423,2678,3778,1,117
3791,8.451973883271396,16.746587092173034,-4.330757698228089,2678,9626,2,117
3792,3.41780847963538,6.771983463160862,0.39754392362140134,2678,3798,3,117
3793,7.4525490357416535,14.766344904680562,-3.2151315720947804,2678,8425,4,117
3794,3.3250911901650184,6.588275114731295,0.6456497422746518,2678,3704,5,117
3795,8.444675374589082,16.732125960018653,-2.968500408603421,2678,9488,6,117
3796,4.607131580438203,9.128486590524847,1.2554979757598292,2678,5151,7,117
3797,4.859356605808728,9.628240661293242,-1.3242322854403323,2678,5433,8,117
3798,3.000316261355375,5.944771986848955,1.0546811633012365,2678,3371,9,117
3799,4.550455519154016,9.016189675100684,-0.8835849199757585,2678,5069,10,117
3800,2.8722168212525987,5.690958089673327,1.239113615975282,2678,3247,11,117
3801,4.625470138316444,9.164822275051824,-0.5380136301774625,2678,5140,12,117
3802,2.828153737587489,5.603652298347116,1.4491346920831785,2678,3221,13,117
3803,3.324159031288485,6.586428152113426,1.9768598664930535,2678,3819,15,117
3804,7.1074471526055385,13.847425841177277,-4.170610092782019,2717,8057,0,157
3805,3.5538834325786968,6.924024368268603,0.13584953170781486,2717,3892,1,157
3806,18.284790440334245,35.62422262277045,-9.244588529315477,2717,20548,2,157
3807,3.458352299333281,6.737901242097406,0.39691589214648604,2717,3792,3,157
3808,9.449849398199662,18.411123704787965,-4.0226352405283174,2717,10541,4,157
3809,3.358031522634986,6.542446462648265,0.6433836929632126,2717,3691,5,157
3810,8.43389200006794,16.431735828049824,-2.9253244962523173,2717,9350,6,157
3811,3.207044867193606,6.248279447496357,0.8623474739348236,2717,3538,7,157
3812,4.925687339833255,9.596707325521539,-1.3244760241271427,2717,5434,8,157
3813,3.019964750398659,5.883791609872813,1.047485177909386,2717,3348,9,157
3814,4.566231431076942,8.896380058529298,-0.8748693457009927,2717,5019,10,157
3815,2.9252308686391704,5.699221767263364,1.2452195038273313,2717,3263,11,157
3816,4.7570584370575935,9.268167953264786,-0.54596869552639,2717,5216,12,157
3817,2.866230777122669,5.584272000581255,1.4491346920831785,2717,3221,13,157
3818,3.6269334517478375,7.066347582415954,-0.1386419167377802,2717,3972,14,157
3819,3.428017827358213,6.678800647736738,2.0115416185367914,2717,3886,15,157
3820,7.95259938577954,15.487379985398732,-4.664954468927834,2718,9012,0,157
3821,3.434518332734542,6.688591730270334,0.131242096408372,2718,3760,1,157
3822,18.1325592808849,35.312458489106376,-9.16450595396906,2718,20370,2,157
3823,3.4823363034186308,6.781715380311024,0.3995326899586332,2718,3817,3,157
3824,9.137392547860012,17.79471888367818,-3.88830570778323,2718,10189,4,157
3825,3.3600834422430075,6.543632657482721,0.6435580044487079,2718,3692,5,157
3826,8.395252697199977,16.34943020359809,-2.910932525468616,2718,9304,6,157
3827,3.1655173834851547,6.164722776817469,0.8508917556547397,2718,3491,7,157
3828,10.492180362161767,20.433115797924646,-2.8203003450819226,2718,11571,8,157
3829,3.0670103093059673,5.972884056538038,1.0634414933434895,2718,3399,9,157
3830,4.5568628914709475,8.87431438678656,-0.8727776078750488,2718,5007,10,157
3831,2.9369870050291036,5.719668696049272,1.2497989197163684,2718,3275,11,157
3832,4.661969743376789,9.07900591914837,-0.534873472802886,2718,5110,12,157
3833,2.8494021727104846,5.549100619716715,1.4401366499094237,2718,3201,13,157
3834,3.666531007339482,7.140427448219446,-0.14010791887851204,2718,4014,14,157
3835,3.431830782434158,6.683357829917406,2.0130945328074064,2718,3889,15,157
3836,8.073927801101556,15.463714675248392,-4.674271954551524,2757,9030,0,197
3837,3.4910724917764853,6.686330402418837,0.13166095416286683,2757,3772,1,197
3838,9.10417435471883,17.436910267624377,-4.541311885093946,2757,10094,2,197
3839,3.522870575294004,6.747232172021922,0.39890465848371787,2757,3811,3,197
3840,8.76036078519003,16.778416028928476,-3.679179048850537,2757,9641,4,197
3841,3.406390635963924,6.524142172759747,0.6439066274196985,2757,3694,5,197
3842,8.611485151373813,16.493279676443798,-2.946912452427869,2757,9419,6,197
3843,3.200974314660866,6.130715397029072,0.8491855848470676,2757,3484,7,197
3844,9.161916149769848,17.547501130646932,-2.430562184872261,2757,9972,8,197
3845,4.380255373206491,8.389351622236143,1.4989550440154924,2757,4791,9,197
3846,4.794213566967093,9.182191433724398,-0.9062454130901496,2757,5199,10,197
3847,2.9722165883577003,5.69258363557982,1.248272447753356,2757,3271,11,197
3848,4.736601634165961,9.071849291377678,-0.5363388795776883,2757,5124,12,197
3849,2.874480252475621,5.505392611741519,1.4338380203877956,2757,3187,13,197
3850,3.7141235178947603,7.113532318374017,-0.14007301406563746,2757,4013,14,197
3851,3.464725385301055,6.635868700618772,2.005847599544536,2757,3875,15,197
3852,8.090042928736525,15.487990165973613,-4.6820365259046,2758,9045,0,197
3853,3.4727969451703773,6.648499323058874,0.1309279530925009,2758,3751,1,197
3854,9.995022370552318,19.134979819937392,-4.984015560042673,2758,11078,2,197
3855,3.537918700490514,6.773171727751137,0.4004747371710062,2758,3826,3,197
3856,8.776014486021857,16.801249048152638,-3.68452170072108,2758,9655,4,197
3857,3.4149088594450423,6.537675423811525,0.6453011193036611,2758,3702,5,197
3858,8.620765651958225,16.504032774217247,-2.9491025349384326,2758,9426,6,197
3859,3.1983679925447133,6.12311856093373,0.8482106300998264,2758,3480,7,197
3860,10.54082830646417,20.17989849866349,-2.7954389990272728,2758,11469,8,197
3861,4.37806123232803,8.381583374727134,1.4977035682951703,2758,4787,9,197
3862,5.190624568367707,9.937196004804822,-0.980850728882145,2758,5627,10,197
3863,2.979572810479508,5.704245922303921,1.2509437736886277,2758,3278,11,197
3864,4.076096610497174,7.803486925229225,-0.4613937902377928,2758,4408,12,197
3865,2.869125396132549,5.4927997677740485,1.4306887056269815,2758,3180,13,197
3866,3.7320299882649404,7.144788262130184,-0.14070130069737966,2758,4031,14,197
3867,3.4542560299370324,6.613003650745174,1.9991183043718703,2758,3862,15,197
3868,16.55002209709661,31.165420160141434,-9.455177355685288,2797,18266,0,237
3869,3.686788636125346,6.942608064954688,0.13721081940992297,2797,3931,1,237
3870,18.330723236115155,34.51866638854926,-9.023236691841113,2797,20056,2,237
3871,3.6298398122116797,6.835367481559534,0.4056036608828147,2797,3875,3,237
3872,9.797145343523137,18.449047935376264,-4.060415421612873,2797,10640,4,237
3873,3.458395501888538,6.512519938883218,0.6451268078181658,2797,3701,5,237
3874,8.711595657126166,16.40484449668681,-2.941906549546582,2797,9403,6,237
3875,3.247420535292603,6.115232041703455,0.8501605395943088,2797,3488,7,237
3876,9.40057486950958,17.702264313382965,-2.461029520723548,2797,10097,8,237
3877,4.499863884575325,8.47371367865658,1.5196043934008028,2797,4857,9,237
3878,4.859134452802054,9.150257682300117,-0.9064197245756449,2797,5200,10,237
3879,2.990707525917589,5.631814632904334,1.2394952339660352,2797,3248,11,237
3880,4.11319396527006,7.745573835233009,-0.4596143677255327,2797,4391,12,237
3881,2.914672736336818,5.4886331827425,1.434737824605171,2797,3189,13,237
3882,3.7927685689368866,7.142179347412048,-0.14115506326474905,2797,4044,14,237
3883,3.423080230090386,6.4460175936173405,1.9556367047946468,2797,3778,15,237
3884,10.104033826204128,19.018936679664566,-5.770629429605802,2798,11148,0,237
3885,3.5163126686946677,6.618794942903541,0.1308232386538772,2798,3748,1,237
3886,18.23617708634678,34.3261615360879,-8.973747459885463,2798,19946,2,237
3887,3.6160401022316626,6.806513014348094,0.40392891028304045,2798,3859,3,237
3888,9.43929907572716,17.76769897148246,-3.910821169237662,2798,10248,4,237
3889,5.0383350473333115,9.483714809787607,0.9395389068197549,2798,5390,5,237
3890,9.271450062116195,17.45175488256502,-3.129940776524939,2798,10004,6,237
3891,3.299711083217111,6.211083338828258,0.863566167368875,2798,3543,7,237
3892,10.59763263221211,19.94804327195223,-2.773502517214346,2798,11379,8,237
3893,4.435541783015606,8.349070258692143,1.49739069936509,2798,4786,9,237
3894,4.857927131909317,9.14413095852805,-0.905896790119159,2798,5197,10,237
3895,3.2265675899953394,6.0734045176720395,1.336807821608073,2798,3503,11,237
3896,4.114545760274483,7.744855829490147,-0.4596143677255327,2798,4391,12,237
3897,2.9704872833420572,5.5913816720520195,1.4617319511264348,2798,3249,13,237
3898,3.7893241379022844,7.132687506506778,-0.1409805392003762,2798,4039,14,237
3899,3.2601551554409984,6.136626770429982,1.861944210467534,2798,3597,15,237
3900,16.60210245128062,30.756248083961765,-9.36510832798961,2836,18092,0,20
3901,3.565831773625917,6.605886632560352,0.1310326675311246,2836,3754,1,20
3902,9.019738371665044,16.70952891812572,-4.383846147053241,2836,9744,2,20
3903,3.6611027464612342,6.782381006349581,0.40392891028304045,2836,3859,3,20
3904,9.52708835906378,17.649420845887363,-3.898609393533564,2836,10216,4,20
3905,3.8707958468534014,7.170848252355469,0.7129339756758438,2836,4090,5,20
3906,11.518861042419164,21.33928211230854,-3.840778985667748,2836,12276,6,20
3907,3.277654784103433,6.072023948129134,0.8472356753525853,2836,3476,7,20
3908,10.688209717437404,19.800457840058616,-2.7627780149946934,2836,11335,8,20
3909,3.3967315879404834,6.292619847389777,1.1325855268912715,2836,3620,9,20
3910,4.924144447720844,9.122230674084477,-0.9069426590321309,2836,5203,10,20
3911,3.3199329050770414,6.150346340187843,1.358560047080999,2836,3560,11,20
3912,4.165820720319067,7.717396993749937,-0.4596143677255327,2836,4391,12,20
3913,3.0704507572673387,5.688167838815991,1.4923252945172005,2836,3317,13,20
3914,3.729210320526198,6.908553787808188,-0.13703629534555015,2836,3926,14,20
3915,3.211770869969167,5.949970610980885,1.8117333157176452,2836,3500,15,20
3916,15.895144460171306,29.43428082219186,-8.963421169990498,2837,17316,0,20
3917,3.583137764529908,6.635176135079771,0.13162604934999225,2837,3771,1,20
3918,9.040248032920916,16.740533561680763,-4.392394287118308,2837,9763,2,20
3919,3.9431977600627577,7.30192735888317,0.43491179637886324,2837,4155,3,20
3920,9.771781155435248,18.09517059645419,-3.9974484531386136,2837,10475,4,20
3921,3.858793385248264,7.145629183856419,0.7104936148789095,2837,4076,5,20
3922,11.553559965884233,21.394629623152536,-3.851103660360404,2837,12309,6,20
3923,3.2787145022780635,6.071451796972562,0.8472356753525853,2837,3476,7,20
3924,8.530694464500232,15.796953409614458,-2.204372683512308,2837,9044,8,20
3925,3.7451218022486055,6.935134632901016,1.2483470310210425,2837,3990,9,20
3926,4.899228598787969,9.072284353890325,-0.902061937438262,2837,5175,10,20
3927,3.2902216835532334,6.092760543550733,1.3459666533861472,2837,3527,11,20
3928,4.171912720393714,7.725456719530787,-0.46013772728796215,2837,4396,12,20
3929,3.205709176479792,5.93626213157214,1.5575611002769214,2837,3462,13,20
3930,3.7228145747621797,6.8938265969882115,-0.1367570568425536,2837,3918,14,20
3931,3.2109733958003717,5.946010297760865,1.8106980395372352,2837,3498,15,20
3932,15.996601057883003,29.145889318890195,-8.908551532428763,2876,17210,0,60
3933,3.621483660882733,6.598361837513132,0.13138171565987028,2876,3764,1,60
3934,18.523626514276565,33.75014268443683,-8.888266059234795,2876,19756,2,60
3935,3.738153003468969,6.810933979158836,0.407173739570103,2876,3890,3,60
3936,9.903225183076811,18.043727166888623,-4.000883015055392,2876,10484,4,60
3937,3.900632019134948,7.106971580528484,0.7092734344804421,2876,4069,5,60
3938,9.287663046063605,16.92216979045801,-3.0573551847462723,2876,9772,6,60
3939,3.4021048221693255,6.198652466196609,0.8681972024182707,2876,3562,7,60
3940,9.745951040262717,17.757172870598037,-2.4871095602122497,2876,10204,8,60
3941,3.730462285693783,6.796921451857111,1.2280105505658123,2876,3925,9,60
3942,5.155467927969465,9.393289053841777,-0.9374471689938112,2876,5378,10,60
3943,4.230166972048947,7.707385957906735,-0.46076575876287745,2876,4402,12,60
3944,3.029451167626421,5.519675592904201,1.4536337131700556,2876,3231,13,60
3945,3.5271942350680385,6.4265660192144365,-0.12796104399816272,2876,3666,14,60
3946,3.254160389520534,5.9290969497637755,1.8122509538078502,2876,3501,15,60
3947,10.017558606598612,18.24449311137504,-5.577032783869117,2877,10774,0,60
3948,3.6130108076824645,6.580201162852804,0.1310326675311246,2877,3754,1,60
3949,18.5145100481698,33.719578222563676,-8.881067625495792,2877,19740,2,60
3950,3.7470318415938224,6.8242871648418015,0.4080111148699901,2877,3898,3,60
3951,9.628572460499335,17.53605152978511,-3.888687325773983,2877,10190,4,60
3952,3.5624123416952678,6.488048633438953,0.6475671686151001,2877,3715,5,60
3953,9.20219770218312,16.759515884079942,-3.0282583742487894,2877,9679,6,60
3954,3.5598746260554646,6.483426815156949,0.908170347055159,2877,3726,7,60
3955,10.703509242001976,19.493781698927346,-2.730604508335734,2877,11203,8,60
3956,3.4511806652468975,6.285467781714039,1.1357142161920761,2877,3630,9,60
3957,4.193386048515049,7.637210410236485,-0.7622641260710183,2877,4373,10,60
3958,3.168263342497966,5.770204198171685,1.2795651229951095,2877,3353,11,60
3959,4.225744478103244,7.696143246958584,-0.46013772728796215,2877,4396,12,60
3960,3.064179550525366,5.5806414413938965,1.4698301890828138,2877,3267,13,60
3961,3.5100294127911424,6.392646148354869,-0.12729785255354595,2877,3647,14,60
3962,3.255195162586016,5.928528901329498,1.8122509538078502,2877,3501,15,60
3963,16.07920051699291,28.817564888152376,-8.842293856882518,2916,17082,0,100
3964,3.6674602894083073,6.572918519988165,0.13138171565987028,2916,3764,1,100
3965,18.754995542245716,33.61319491255106,-8.886466450800043,2916,19752,2,100
3966,5.231733603126333,9.376450180236708,0.562716201524132,2916,5376,3,100
3967,9.726667488438455,17.432388581592118,-3.8802917299774156,2916,10168,4,100
3968,3.6055214277746113,6.461910067649943,0.6473928571296048,2916,3714,5,100
3969,9.737638159391501,17.45205050581042,-3.1652949656240317,2916,10117,6,100
3970,3.577807718623823,6.412240831241069,0.9015894025112811,2916,3699,7,100
3971,10.024438820172291,17.966062172203955,-2.526107750101897,2916,10364,8,100
3972,3.3456588160566234,5.996177479311753,1.087532400959685,2916,3476,9,100
3973,4.230711465331652,7.582392050301145,-0.7596494537885885,2916,4358,10,100
3974,3.1845078746077515,5.70735853541701,1.2704062912170353,2916,3329,11,100
3975,4.279978494521877,7.670689712180252,-0.4603470711129339,2916,4398,12,100
3976,3.0536687760157064,5.472865271302361,1.4468851815397399,2916,3216,13,100
3977,3.5466406624458653,6.356382415716504,-0.12705351886342398,2916,3640,14,100
3978,3.3020627217896688,5.918043415738118,1.8158744204392856,2916,3508,15,100
3979,16.04656631053752,28.747284131196828,-8.821588333274319,2917,17042,0,100
3980,3.6851765863582413,6.601961837287648,0.13197509747873792,2917,3781,1,100
3981,8.890323362891635,15.926937064625017,-4.211083737317153,2917,9360,2,100
3982,5.211953701934641,9.337169775054472,0.5604134194494426,2917,5354,3,100
3983,9.163227938364713,16.4158432405635,-3.6543738794515863,2917,9576,4,100
3984,3.418256635702445,6.12377706471432,0.6135764289435135,2917,3520,5,100
3985,9.77053087992732,17.5038211840658,-3.1749939024565257,2917,10148,6,100
3986,3.7192199682451172,6.662950260165768,0.9369315120987738,2917,3844,7,100
3987,10.848047420386122,19.434182704729082,-2.7327981565170267,2917,11212,8,100
3988,3.285085865422942,5.885202786759214,1.0675087894345354,2917,3412,9,100
3989,4.223294917235776,7.565996151830277,-0.7580806504191308,2917,4349,10,100
3990,3.1434005615630833,5.631374795869998,1.2536150996238995,2917,3285,11,100
3991,4.300786599766015,7.704821827827915,-0.4624405093626517,2917,4418,12,100
3992,3.066971596023194,5.494452968127583,1.4527339089526803,2917,3229,13,100
3993,3.559445885580613,6.376716379205103,-0.12747237661791877,2917,3652,14,100
3994,3.345467087274956,5.993375221109161,1.8391681344985122,2917,3553,15,100
3995,16.177062253597775,28.52312623439238,-8.786388943140373,2956,16974,0,140
3996,3.7418672271406037,6.597597857938054,0.13239395523323272,2956,3793,1,140
3997,9.002373318321727,15.87283442087945,-4.212883345751904,2956,9364,2,140
3998,3.8279575255346616,6.749390835560063,0.40665038000767356,2956,3885,3,140
3999,9.443280130063242,16.65023395435221,-3.7207754098426236,2956,9750,4,140
4000,3.450031205782769,6.083037454668228,0.6118333140885603,2956,3510,5,140
4001,8.774595281077726,15.47121998632488,-2.8170718464444775,2956,9004,6,140
4002,3.578416878923836,6.309404931301736,0.8906211616048177,2956,3654,7,140
4003,4.255123519136308,7.502562787768485,-1.0590445941907316,2956,4345,8,140
4004,3.4663744352280625,6.111853564122345,1.1128747842962023,2956,3557,9,140
4005,4.264867635866506,7.519743451796422,-0.7563375355641776,2956,4339,10,140
4006,3.184564622322866,5.614971204298469,1.2547599535961587,2956,3288,11,140
4007,4.3688966970967025,7.703165756724149,-0.46411525996242586,2956,4434,12,140
4008,3.141793678371999,5.539558189602096,1.4702800911915017,2956,3268,13,140
4009,3.641242271388339,6.420177614987967,-0.12883366432002688,2956,3691,14,140
4010,4.176262919480702,7.363517094327052,2.2682901112784917,2956,4382,15,140
4011,10.642165376930707,18.756459017089014,-5.778394000958878,2957,11163,0,140
4012,3.7400581999641345,6.591726952601346,0.13228924079460902,2957,3790,1,140
4013,16.036925804114823,28.26454306536337,-7.502567564476586,2957,16676,2,140
4014,3.8311066990564955,6.752196874023095,0.4068597238326453,2957,3887,3,140
4015,10.911071459988488,19.23039695619045,-4.297781811861295,2957,11262,4,140
4016,3.430445279530211,6.046044579926643,0.6081727728931586,2957,3489,5,140
4017,9.892491510876795,17.4351840089686,-3.1749939024565257,2957,10148,6,140
4018,3.4394328899447593,6.061884941397388,0.8557665293909456,2957,3511,7,140
4019,4.229003641666626,7.453476870410858,-1.0522199109600434,2957,4317,8,140
4020,3.499610221132015,6.167945466318218,1.1231994589888576,2957,3590,9,140
4021,4.266180013723585,7.518998977443882,-0.7563375355641776,2957,4339,10,140
4022,3.819165662872902,6.731151198837042,1.5043381195486794,2957,3942,11,140
4023,4.341658093476682,7.65202655777508,-0.46107977450033516,2957,4405,12,140
4024,3.2062311484120176,5.6508747049605095,1.4999736303648918,2957,3334,13,140
4025,3.621639470677671,6.383017919801302,-0.12810066324966096,2957,3670,14,140
4026,4.2137750574248605,7.426637002197746,2.2879603587062833,2957,4420,15,140
4027,9.025307290877832,15.65752471119543,-4.842504333868163,2996,9355,0,180
4028,3.771857373484294,6.5435943762409945,0.13183547822723965,2996,3777,1,180
4029,16.221157914884728,28.14122253246933,-7.498968347607083,2996,16668,2,180
4030,5.735175057224662,9.94964961163031,0.601863496793854,2996,5750,3,180
4031,9.700472975651085,16.828833681935215,-3.7757284005110687,2996,9894,4,180
4032,3.46455468282715,6.010471312647989,0.6069525924946915,2996,3482,5,180
4033,4.240936793217757,7.357375266938573,-1.345023530415905,2996,4299,6,180
4034,3.474666760781509,6.028014217875375,0.8543040972700838,2996,3505,7,180
4035,4.276665451073161,7.419359011673144,-1.0514886948996125,2996,4314,8,180
4036,3.564202054872239,6.1833442287622855,1.1303954443807083,2996,3613,9,180
4037,4.340145757177493,7.529487612225885,-0.7603466997305699,2996,4362,10,180
4038,3.7844982500518682,6.565524359437025,1.4730454443069259,2996,3860,11,180
4039,4.385663430715972,7.6084537986675596,-0.46024239920044807,2996,4397,12,180
4040,3.240728093146517,5.622166488668279,1.498174021930141,2996,3330,13,180
4041,3.658012591758795,6.346091130572085,-0.12785632955953902,2996,3663,14,180
4042,4.2150259277226345,7.3124238870350435,2.2615608161058263,2996,4369,15,180
4043,9.056026348176713,15.704481865378595,-4.857515838484109,2997,9384,0,180
4044,3.7610120991386187,6.522148239805382,0.13141662047274486,2997,3765,1,180
4045,11.117213264600394,19.27888318728381,-5.137882081213877,2997,11420,2,180
4046,3.959965528419385,6.867162753022179,0.4154428206564881,2997,3969,3,180
4047,9.713217381575205,16.84414779271702,-3.7795445804185994,2997,9904,4,180
4048,3.5402504886627963,6.139315132325815,0.6200259539068402,2997,3557,5,180
4049,4.2382736629611895,7.349789998555655,-1.3437720546955831,2997,4295,6,180
4050,3.5570337566271872,6.168419787861809,0.8742906695885281,2997,3587,7,180
4051,4.261102328471431,7.3893782627382745,-1.0473451372238374,2997,4297,8,180
4052,3.3837113830719256,5.867853295703689,1.0728275612459033,2997,3429,9,180
4053,4.358379783484506,7.558071679633048,-0.7633099949839903,2997,4379,10,180
4054,3.768971566780444,6.535951127565783,1.4665579384641234,2997,3843,11,180
4055,4.386991289609482,7.607688240120565,-0.46024239920044807,2997,4397,12,180
4056,3.1560425047140526,5.473041969629958,1.4585826363656207,2997,3242,13,180
4057,3.661118019480223,6.348917210859689,-0.12792613918528814,2997,3665,14,180
4058,4.246218662827957,7.363567797065839,2.2776075969021825,2997,4400,15,180
4059,16.29742833531571,27.833917027667066,-8.642485554063374,3035,16696,0,219
4060,3.7961023273029597,6.483255826179866,0.1311373819697483,3035,3757,1,219
4061,10.699327946848628,18.273079666137097,-4.888636313000874,3035,10866,2,219
4062,3.957991538797254,6.7597418329102865,0.4105232407696514,3035,3922,3,219
4063,4.228874287110314,7.222374819271327,-1.626837494580421,3035,4263,4,219
4064,5.0577425911590055,8.637975558669053,0.8757409031284693,3035,5024,5,219
4065,4.26995770384912,7.2925400250445005,-1.3384532828842155,3035,4278,6,219
4066,3.517623399204574,6.007649539153111,0.8547915746437045,3035,3507,7,219
4067,4.306004349240159,7.354103071452611,-1.0463701824765963,3035,4293,8,219
4068,11.395021574309073,19.461235141038017,-1.9730317043214858,3035,11319,10,219
4069,3.4154384636455113,5.8331307770938725,1.3139107421628875,3035,3443,11,219
4070,4.4565248942704425,7.611172854189655,-0.4622311655376799,3035,4416,12,219
4071,3.1568236147245265,5.391449789217333,1.4423861604528623,3035,3206,13,219
4072,3.719311329997922,6.352106653225468,-0.1284846161912812,3035,3681,14,219
4073,4.364267015284891,7.453608231354782,2.3143599013067404,3035,4471,15,219
4074,16.257370763459896,27.754393361424103,-8.61867420191394,3036,16650,0,219
4075,3.791169556926788,6.472240358773038,0.1309279530925009,3036,3751,1,219
4076,5.619761982055505,9.593991975511212,0.5827085368089366,3036,5567,3,219
4077,4.221204149631367,7.206390389463648,-1.6234029326636434,3036,4254,4,219
4078,3.5648378669225553,6.085849542820675,0.6170626586534198,3036,3540,5,219
4079,4.259249416134338,7.271340823788303,-1.3346988557232498,3036,4266,6,219
4080,3.6049581005490823,6.15434233676775,0.8757531017093898,3036,3593,7,219
4081,4.312304457600877,7.361915770505925,-1.0475888759106478,3036,4298,8,219
4082,3.4125913043476723,5.825935990555186,1.0693860030150182,3036,3418,9,219
4083,11.439705697243001,19.529731866226797,-1.9801784752267935,3036,11360,10,219
4084,3.4839322447944827,5.947728410297806,1.3398607655340977,3036,3511,11,219
4085,5.102909434038185,8.711627346184514,-0.5291165176161621,3036,5055,12,219
4086,3.2562600154021566,5.559049041169472,1.4873763713216355,3036,3306,13,219
4087,3.7739875034829717,6.4429073579468215,-0.13033457127363327,3036,3734,14,219
4088,3.2114409874486256,5.482534520463897,1.7025116786843815,3036,3289,15,219
4089,16.3668914568108,27.510271187613576,-8.577263154697537,3075,16570,0,3
4090,3.8433159763224856,6.460033357423007,0.13120719159549743,3075,3759,1,3
4091,4.231614625879261,7.112704707952785,-1.9107342555967892,3075,4247,2,3
4092,3.9438155174172844,6.628957898594697,0.40424292602049816,3075,3862,3,3
4093,4.254097551409637,7.150495108167983,-1.617297044811594,3075,4238,4,3
4094,3.593955688491653,6.040896396702654,0.6149709208274761,3075,3528,5,3
4095,4.312684796624099,7.248971413716791,-1.3359503314435717,3075,4270,6,3
4096,3.7036035261402382,6.225197841898147,0.8894024681707663,3075,3649,7,3
4097,4.365360034510595,7.337510528365012,-1.0483200919710787,3075,4301,8,3
4098,3.4511578337387694,5.8008747823583775,1.0690731340849378,3075,3417,9,3
4099,11.600897783600606,19.499356056023192,-1.9850591968206623,3075,11388,10,3
4100,3.4229524894541905,5.75346586098462,1.3013173484680356,3075,3410,11,3
4101,5.218254089591488,8.77109654630215,-0.534873472802886,3075,5110,12,3
4102,3.398643157257866,5.712605547169049,1.534616092733847,3075,3411,13,3
4103,3.7574318204270116,6.315675070106292,-0.1282751873140338,3075,3675,14,3
4104,4.47348529920918,7.519252758521538,2.344382910538633,3075,4529,15,3
4105,7.5446134651913885,12.676319546531614,-3.952684456805697,3076,7636,0,3
4106,3.93137548651538,6.605424141925334,0.13417410068983562,3076,3844,1,3
4107,4.223885935817361,7.096894771025003,-1.9066851366186,3076,4238,2,3
4108,3.924542742434842,6.593943892109464,0.40214948777078036,3076,3842,3,3
4109,4.264382319055979,7.164936042692525,-1.6207316067283715,3076,4247,4,3
4110,3.5919529877999548,6.035132757900162,0.6144479863709901,3076,3525,5,3
4111,4.311929329676917,7.244823647656531,-1.3353245935834106,3076,4268,6,3
4112,3.73413256124073,6.274020238914288,0.8964708900882649,3076,3678,7,3
4113,4.3788237456855,7.357218404142829,-1.0512449562128021,3076,4313,8,3
4114,3.4622731520156496,5.817247104151577,1.0722018233857424,3076,3427,9,3
4115,11.643022649248875,19.562390607593546,-1.9916830332694844,3076,11426,10,3
4116,3.329571878970951,5.594284887583805,1.2654452573372452,3076,3316,11,3
4117,5.1687106394378715,8.684371705901587,-0.5296398771785916,3076,5060,12,3
4118,3.365753375473154,5.655076366623746,1.5193194210384644,3076,3377,13,3
4119,3.7401249100381753,6.284088472169861,-0.1276469006822916,3076,3657,14,3
4120,4.3186885092131435,7.256180295690111,2.2625960922862367,3076,4371,15,3
4121,4.261053277813195,7.049711923434126,-2.207208816634297,3115,4264,0,43
4122,3.829360511501919,6.335496577249411,0.12921761726164713,3115,3702,1,43
4123,4.258990157236681,7.046298587627351,-1.900836409205659,3115,4225,2,43
4124,3.9569373171247952,6.546566392413703,0.40089342482094975,3115,3830,3,43
4125,4.323208855477457,7.152545398727483,-1.6245477866359024,3115,4257,4,43
4126,3.641194296086295,6.02418443775798,0.6158424782549526,3115,3533,5,43
4127,4.36318665586939,7.218686786248531,-1.3359503314435717,3115,4270,6,43
4128,3.7634025868491006,6.226372297979996,0.893302287159731,3115,3665,7,43
4129,13.252516721930284,21.925664632395588,-3.145691491973667,3115,12906,8,43
4130,3.588644387684612,5.937243089766941,1.0987956824425815,3115,3512,9,43
4131,11.81610319972527,19.549186124793447,-1.9984811812038017,3115,11465,10,43
4132,3.3756979646716156,5.584933264122658,1.26849820126327,3115,3324,11,43
4133,5.265929374774173,8.712232089329673,-0.5335127379405694,3115,5097,12,43
4134,3.2489290595914375,5.375200082348628,1.4500344963005538,3115,3223,13,43
4135,3.7879843849594885,6.267041724983074,-0.12782142474666444,3115,3662,14,43
4136,3.2897249977863594,5.442695040324845,1.7040645929549967,3115,3292,15,43
4137,4.242291670315223,7.015905419710984,-2.196856054830196,3116,4244,0,43
4138,3.7683840956153487,6.232156686674936,0.1271233284891731,3116,3642,1,43
4139,4.257194895251156,7.040552385248697,-1.8994867028795963,3116,4222,2,43
4140,3.9529126421656824,6.5373301472582535,0.4003700652585203,3116,3825,3,43
4141,4.327504682804961,7.156830769172454,-1.6256926406081615,3116,4260,4,43
4142,3.6195653861564114,5.986040183759009,0.6120076255740556,3116,3511,5,43
4143,4.39511004639196,7.2686365745371555,-1.3453363993459855,3116,4300,6,43
4144,3.749082049987433,6.200234947893986,0.8896462068575766,3116,3650,7,43
4145,13.22861033473648,21.877486546281276,-3.1391105474297887,3116,12879,8,43
4146,3.472136936649649,5.742222893884353,1.0628157554833286,3116,3397,9,43
4147,11.86384462087382,19.620435897094467,-2.0059765750801004,3116,11508,10,43
4148,3.3827677450095126,5.59442405195875,1.2707879092077885,3116,3330,11,43
4149,8.566194219846102,14.166778977940824,-0.8676254825955227,3116,8289,12,43
4150,3.191383667330627,5.277912908411209,1.4239401739966655,3116,3165,13,43
4151,3.7735576048075723,6.240712640390855,-0.12729785255354595,3116,3647,14,43
4152,4.249515707197254,6.921015035364832,-2.176150531221994,3155,4204,0,83
4153,3.843153504361223,6.259189286405058,0.1282053776882847,3155,3673,1,83
4154,4.310117740287721,7.019715125232113,-1.901736213423035,3155,4227,2,83
4155,4.003589224094921,6.520484479785776,0.4009980967334356,3155,3831,3,83
4156,4.3946097010359955,7.157323777840658,-1.6325617644417176,3155,4278,4,83
4157,3.638334347226298,5.925608576570122,0.608347084378654,3155,3490,5,83
4158,10.114818445335326,16.473597314062555,-3.0617353497673983,3155,9786,6,83
4159,3.512831079220664,5.721206460022281,0.8243242387924176,3155,3382,7,83
4160,13.330477253316971,21.710811267866926,-3.1281423065233254,3155,12834,8,83
4161,3.528713485834335,5.7470734958317555,1.0681345272946965,3155,3414,9,83
4162,12.024225891377684,19.583372298613117,-2.0105086737029785,3155,11534,10,83
4163,3.4464505719905945,5.613095202116739,1.2803283589766157,3155,3355,11,83
4164,8.670785641429278,14.1217592609717,-0.8684628578954099,3155,8297,12,83
4165,3.229274398744076,5.259389117958387,1.424839978214041,3155,3167,13,83
4166,3.746891559792415,6.102411335316229,-0.12499413490382451,3155,3581,14,83
4167,4.994495030747296,8.134332847225886,2.55764980370311,3155,4941,15,83
4168,4.249712473387923,6.918627133171299,-2.1756328931317896,3156,4203,0,83
4169,3.825406668389846,6.22784777489592,0.12757709105654247,3156,3655,1,83
4170,4.334801773293233,7.057154420076923,-1.9120839619228525,3156,4250,2,83
4171,4.004727202340969,6.519785622338087,0.4009980967334356,3156,3831,3,83
4172,10.504643465401648,17.101794947101173,-3.9012807194688355,3156,10223,4,83
4173,3.5945281486586595,5.8519723713053375,0.6008516905023554,3156,3447,5,83
4174,10.012236217593564,16.300144913930982,-3.029822718899192,3156,9684,6,83
4175,3.422399345307356,5.571742822430179,0.8028752343531116,3156,3294,7,83
4176,8.438593649844064,13.738219551845146,-1.9796456142732155,3156,8122,8,83
4177,3.535919853796984,5.756556753990496,1.070011740875179,3156,3420,9,83
4178,12.061013219433146,19.635599781409205,-2.0160866412388287,3156,11566,10,83
4179,3.432016939689084,5.587400481592284,1.2746040891153192,3156,3340,11,83
4180,12.325695234351961,20.066508032625524,-1.2341865201211013,3156,11791,12,83
4181,3.2322321928391182,5.262146436993828,1.4257397824314164,3156,3169,13,83
4182,3.813893816583475,6.209104594178038,-0.12719313811492225,3156,3644,14,83
4183,3.373076567028815,5.491444234180216,1.7268406689240183,3156,3336,15,83
4184,4.286484308382086,6.873148245346791,-2.1704565122297392,3195,4193,0,123
4185,3.871942123759291,6.208452031880934,0.12771671030804074,3195,3659,1,123
4186,10.381416117024099,16.64604529857032,-4.529164528159378,3195,10067,2,123
4187,4.052183581549113,6.497459565846328,0.40131211247089327,3195,3834,3,123
4188,3.6469296499446453,5.847656569138645,0.6029434283282992,3195,3459,5,123
4189,3.4486902584936177,5.529790311505119,0.8001941087981983,3195,3283,7,123
4190,8.538213347863577,13.690568276549987,-1.9811080463940773,3195,8128,8,123
4191,3.4224034093837417,5.487640755403412,1.0243328770834317,3195,3274,9,123
4192,12.221800665556037,19.5970034545982,-2.020618739861707,3195,11592,10,123
4193,3.441918717754141,5.518932508232442,1.2643004033649858,3195,3313,11,123
4194,12.49159044087871,20.029596924553402,-1.2371173336707062,3195,11819,12,123
4195,3.260756706271004,5.228448915672927,1.4225904676706023,3195,3162,13,123
4196,3.7195617832779195,5.964118308844351,-0.1226904172541031,3195,3515,14,123
4197,3.367440808922154,5.399511166270529,1.7050998691354067,3195,3294,15,123
4198,4.292796740785788,6.880595095080802,-2.173044702680764,3196,4198,0,123
4199,3.8507972924690375,6.172148033699562,0.12698370923767482,3196,3638,1,123
4200,10.389478846539951,16.652499875608648,-4.531414038702817,3196,10072,2,123
4201,4.029001864020058,6.457778492110338,0.39890465848371787,3196,3811,3,123
4202,10.566623352530174,16.936431236126246,-3.8802917299774156,3196,10168,4,123
4203,3.6563872083843383,5.860543000486978,0.6043379202122617,3196,3467,5,123
4204,3.4233862583383106,5.487083624038046,0.7941006416279409,3196,3258,7,123
4205,8.494369095275292,13.61497360857077,-1.9703835441744244,3196,8084,8,123
4206,3.4766877707371853,5.572516535707877,1.0402891925175353,3196,3325,9,123
4207,12.250531817880724,19.63543913863765,-2.0248022155135943,3196,11616,10,123
4208,3.4241762339286903,5.488349815404798,1.2574312795314302,3196,3295,11,123
4209,12.54688903757283,20.110447427017974,-1.2422462573825148,3196,11868,12,123
4210,3.261669193085715,5.227879726635677,1.4225904676706023,3196,3162,13,123
4211,3.7206026616351475,5.963469032010435,-0.1226904172541031,3196,3515,14,123
4212,3.3663379872955725,5.3956453199156735,1.7040645929549967,3196,3292,15,123
4213,4.349537599169386,6.872318705636646,-2.1792563597632246,3233,4210,0,161
4214,3.9483237628493644,6.23839629677441,0.12886856913290146,3233,3692,1,161
4215,10.464491158266448,16.534014637707052,-4.517467073333497,3233,10041,2,161
4216,4.064211336168262,6.421499976122392,0.39827662700880256,3233,3805,3,161
4217,10.672623153595975,16.862865549357462,-3.8791468760051564,3233,10165,4,161
4218,3.678173647487565,5.811556052541246,0.601723247929832,3233,3452,5,161
4219,40.0848492066607,63.334516080092094,-11.87149868297304,3233,37944,6,161
4220,3.4587486710288604,5.4648621027087385,0.7941006416279409,3233,3258,7,161
4221,8.552387751322438,13.512869582388461,-1.9635588609437364,3233,8056,8,161
4222,3.4608361269507815,5.468160306725219,1.0249586149435927,3233,3276,9,161
4223,12.421827457245087,19.626628175123365,-2.0321232979043975,3233,11658,10,161
4224,3.461646683463446,5.469440995202316,1.2581945155129366,3233,3297,11,161
4225,12.720287201689313,20.098197954176495,-1.246537805794436,3233,11909,12,161
4226,3.2859815378960375,5.1918880741649565,1.4185413486924128,3233,3153,13,161
4227,3.818923119484041,6.033941813591934,-0.12464508677507885,3233,3571,14,161
4228,3.4114425540278654,5.390117901665608,1.709240973857047,3233,3302,15,161
4229,4.370372133813873,6.902571252001035,-2.1890914834771205,3234,4229,0,161
4230,3.8862989280917115,6.138025421262842,0.126809185173302,3234,3633,1,161
4231,10.373555007307372,16.38400584254246,-4.476975883551601,3234,9951,2,161
4232,4.069605711062835,6.427540385135975,0.3986953146587461,3234,3809,3,161
4233,10.639858369308923,16.80460570785851,-3.866171864319551,3234,10131,4,161
4234,3.6749246456891473,5.804180613440712,0.6010260019878507,3234,3448,5,161
4235,3.4618262364898493,5.46761271758453,0.7945881190015616,3234,3260,7,161
4236,8.575984259476082,13.544920339635787,-1.9684336346799423,3234,8076,8,161
4237,3.4248055075617683,5.409142131693232,1.0140082023907766,3234,3241,9,161
4238,12.461490416878627,19.681693657873783,-2.038049888411239,3234,11692,10,161
4239,3.4605007725666668,5.465519278195024,1.2574312795314302,3234,3295,11,161
4240,12.784694654391673,20.19216283763116,-1.2525041048061318,3234,11966,12,161
4241,3.3077369147006626,5.22424384869734,1.4275393908661673,3234,3173,13,161
4242,3.8274642347129495,6.045101832446588,-0.12488942046520082,3234,3578,14,161
4243,3.4247844056418004,5.40910880329426,1.7154526309395075,3234,3314,15,161
4244,7.604045928613233,11.826349590811432,-3.767370020512292,3274,7278,0,202
4245,3.9182404688404344,6.093924471314013,0.12646013704455633,3274,3623,1,202
4246,10.462388838397175,16.271846477452012,-4.466178232943095,3274,9927,2,202
4247,4.304489314133451,6.694645970942766,0.4171175712562623,3274,3985,3,202
4248,10.78770809661317,16.777805977487205,-3.8772387860513904,3274,10160,4,202
4249,3.7164331253697154,5.780059429429273,0.6012003134733461,3274,3449,5,202
4250,22.72783061142709,35.347928296969364,-6.6559736185317435,3274,21274,6,202
4251,3.505280666082911,5.451660203026818,0.795806812435613,3274,3265,7,202
4252,8.626318576409247,13.416260254615768,-1.95844034852072,3274,8035,8,202
4253,3.440049570781011,5.350208193862994,1.0074379548590868,3274,3220,9,202
4254,12.639536259955568,19.657900002089118,-2.044673724860061,3274,11730,10,202
4255,3.9838071632374623,6.195898427906693,1.4318307013055922,3274,3752,11,202
4256,12.964236072328653,20.162896096174425,-1.2562722936556237,3274,12002,12,202
4257,3.4790314853983157,5.41083562224933,1.4851268607781969,3274,3301,13,202
4258,3.8252322766460436,5.949271558111417,-0.12345832313734356,3274,3537,14,202
4259,3.4603737449253953,5.38181778576085,1.7144173547590975,3274,3312,15,202
4260,7.700167318561363,11.971250888950308,-3.8139574486307457,3275,7368,0,202
4261,3.901995453113999,6.066331367134276,0.12590166003856326,3275,3607,1,202
4262,17.81524115947146,27.69689446268196,-7.602895734713949,3275,16899,2,202
4263,4.319703744911945,6.71573164022371,0.4184783061185789,3275,3998,3,202
4264,3.7939679372656534,5.898383783448236,0.6135764289435135,3275,3520,5,202
4265,22.693391765033866,35.280828987390834,-6.644084599188686,3275,21236,6,202
4266,3.530931444857886,5.489447754750204,0.8014128022322499,3275,3288,7,202
4267,8.329046315790075,12.948952793747743,-1.8904372549006476,3275,7756,8,202
4268,3.461287244629152,5.381173718692733,1.0133824645306155,3275,3239,9,202
4269,12.700092103636704,19.744504579650727,-2.053912233591312,3275,11783,10,202
4270,3.6142258886730354,5.618943471312506,1.2986460225327638,3275,3403,11,202
4271,13.016375941709406,20.2362228788832,-1.2609825297174886,3275,12047,12,202
4272,3.5748554809022846,5.557735317057491,1.5256180505600925,3275,3391,13,202
4273,3.853315166063783,5.990649384455861,-0.12433094345920774,3275,3562,14,202
4274,3.5052064585307834,5.449453784139433,1.7361581545477092,3275,3354,15,202
4275,7.777282056603698,11.91668294110684,-3.8129221724503357,3313,7366,0,241
4276,3.937771115454066,6.033620683419924,0.125762040787065,3313,3603,1,241
4277,4.006109608896887,6.138331834835544,0.3841459188232077,3313,3670,3,241
4278,10.477825978102436,16.054571402244544,-3.7264996797039203,3313,9765,4,241
4279,4.003964450859094,6.135044932289268,0.6409433321662782,3313,3677,5,241
4280,3.5705157174599758,5.470896314616877,0.8021440182926807,3313,3291,7,241
4281,8.524321480426325,13.061328576099912,-1.9150548622684875,3313,7857,8,241
4282,3.5001390236570304,5.363062145765954,1.014321071320857,3313,3242,9,241
4283,12.87976380874663,19.73492288798408,-2.0617562504386013,3313,11828,10,241
4284,3.5644995288536903,5.461678054096915,1.2677349652817638,3313,3322,11,241
4285,13.198330049365742,20.223043655312416,-1.2655880938668678,3313,12091,12,241
4286,3.5509281546089526,5.440883416230808,1.4999736303648918,3313,3334,13,241
4287,3.9104482517609354,5.991755427498332,-0.12488942046520082,3313,3578,14,241
4288,3.5307128967258707,5.409908736771826,1.7309817736456585,3313,3344,15,241
4289,11.456763062183581,17.5478481659196,-5.6153380025442905,3314,10848,0,241
4290,3.8907230214896167,5.9592588644959905,0.12422622902058404,3314,3559,1,241
4291,4.000629639476267,6.127598266680666,0.3835178873482924,3314,3664,3,241
4292,10.621228202729556,16.268094122700543,-3.776491636492575,3314,9896,4,241
4293,3.995232242762889,6.119331298296707,0.6393745287968203,3314,3668,5,241
4294,23.6349560387777,36.20068056968339,-6.847449403740986,3314,21886,6,241
4295,3.679992863884408,5.6364922340292765,0.8265178869737102,3314,3391,7,241
4296,8.42024908017668,12.896945810626116,-1.8911684709610785,3314,7759,8,241
4297,12.94093628033421,19.821094644237508,-2.0709947591698534,3314,11881,10,241
4298,3.5096418980320987,5.375572734562527,1.247890829762603,3314,3270,11,241
4299,13.261912554879565,20.31272067333607,-1.2713450490535916,3314,12146,12,241
4300,3.4197742835507046,5.237926241797202,1.4441857688876134,3314,3210,13,241
4301,3.9005618827409245,5.974328639652063,-0.12454037233645514,3314,3568,14,241
4302,3.4915245836632485,5.347823196582798,1.711311526217867,3314,3306,15,241
4303,10.126280476632257,15.287543825617277,-4.913420752226254,3352,9492,0,24
4304,3.943411917632762,5.9533293248580454,0.12464508677507885,3352,3571,1,24
4305,10.491375899868244,15.838724715395346,-4.38609565759668,3352,9749,2,24
4306,4.026842873393952,6.079284199953162,0.38215715248597587,3352,3651,3,24
4307,3.8321821627951898,5.785406882287349,0.6071269039801868,3352,3483,5,24
4308,23.846164155797254,36.00031427589434,-6.839314811558894,3352,21860,6,24
4309,3.7151018395607913,5.608651895429769,0.8260304096000897,3352,3389,7,24
4310,8.42447850015482,12.718350491701909,-1.8731318081371169,3352,7685,8,24
4311,3.5191091293047547,5.312763671273336,1.0093151684395696,3352,3226,9,24
4312,13.109517792048432,19.791307207135734,-2.0769213496766943,3352,11915,10,24
4313,3.5332907914919196,5.334173584094405,1.243693031864319,3352,3259,11,24
4314,13.450383139150713,20.30590819458472,-1.2764739727654,3352,12195,12,24
4315,3.666439397974265,5.535186696620365,1.5328164842990961,3352,3407,13,24
4316,3.9423076297812822,5.951662192591213,-0.12461018196220429,3352,3570,14,24
4317,3.516247413714698,5.30844336801881,1.706135145315817,3352,3296,15,24
4318,7.845346543158142,11.839551916841788,-3.8056752391874653,3353,7352,0,24
4319,3.9245684910732934,5.922636067846555,0.12401680014333663,3353,3553,1,24
4320,10.635152772170699,16.04969808497097,-4.445032833834773,3353,9880,2,24
4321,4.053278207345876,6.116874188448144,0.3845646064731512,3353,3674,3,24
4322,3.810080441915802,5.7498601178739985,0.6034663627847852,3353,3462,5,24
4323,22.903150192905873,34.56355105238952,-6.567118842388893,3353,20990,6,24
4324,3.6974399658218555,5.579872373251668,0.8218868519243145,3353,3372,7,24
4325,8.472751665452398,12.786380138824331,-1.8833688329831493,3353,7727,8,24
4326,5.263687304934631,7.943524072259507,1.5092797187081475,3353,4824,9,24
4327,13.167998985419574,19.872061325927902,-2.08563692395146,3353,11965,10,24
4328,3.536390626085936,5.336829952054943,1.2444562678458253,3353,3261,11,24
4329,8.895368041869842,13.424158024348774,-0.8439696303737122,3353,8063,12,24
4330,3.678169739120169,5.550791331613947,1.5373155053859735,3353,3417,13,24
4331,3.9455554883517605,5.954307918476751,-0.12467999158795341,3353,3572,14,24
4332,3.4926304727634108,5.270790726852988,1.6942294692411008,3353,3273,15,24
4333,16.936015598071737,25.184455848363704,-8.132094397121202,3392,15710,0,64
4334,4.173464597759017,6.206089873283885,0.13054400015088066,3392,3740,1,64
4335,10.74850224264178,15.983404042015076,-4.446832442269524,3392,9884,2,64
4336,4.095934769257213,6.090800268622846,0.38466927838563714,3392,3675,3,64
4337,3.7657432344914454,5.599793745827797,0.5903930013726364,3392,3387,5,64
4338,23.237094033952374,34.554382957050365,-6.595277046096134,3392,21080,6,64
4339,3.7286885002842096,5.544692041875586,0.8204244198034528,3392,3366,7,64
4340,8.583959354932366,12.764652000146738,-1.8887310840929756,3392,7749,8,64
4341,3.849332654960232,5.7240941786536945,1.0925383038409724,3392,3492,9,64
4342,13.370778901090677,19.88282243499412,-2.0962699245666743,3392,12026,10,64
4343,3.560583863561368,5.294714485056752,1.2402584699475412,3392,3250,11,64
4344,8.769201296466871,13.040113337013484,-0.8235586074389641,3392,7868,12,64
4345,3.711517417456131,5.5191580327192895,1.5355158969512226,3392,3413,13,64
4346,3.982645761872173,5.922335496724648,-0.1245752771493297,3392,3569,14,64
4347,3.491773044058202,5.192390356005731,1.6766297741741294,3392,3239,15,64
4348,16.87786828334715,25.088531591855467,-8.10207138788931,3393,15652,0,64
4349,4.182361025782104,6.216975684506894,0.13078833384100264,3393,3747,1,64
4350,11.494222935138819,17.085876627950018,-4.754115582503243,3393,10567,2,64
4351,4.04794526196222,6.0171699933838125,0.3800637142362581,3393,3631,3,64
4352,35.03866275598865,52.08410106845896,-12.201853636339287,3393,31974,4,64
4353,3.7678326366817587,5.600789539961246,0.5905673128581317,3393,3388,5,64
4354,22.94541850295707,34.10779414410856,-6.5108024349744085,3393,20810,6,64
4355,3.7396285175229163,5.558864818032041,0.8226180679847455,3393,3375,7,64
4356,8.653777399067845,12.863624956690442,-1.9035991439884037,3393,7810,8,64
4357,4.209784134756854,6.257739454214633,1.194533575047203,3393,3818,9,64
4358,13.483235799034725,20.04249480002661,-2.1133524501452152,3393,12124,10,64
4359,3.5516452740401334,5.279432400164993,1.2368239080307635,3393,3241,11,64
4360,8.849515144438476,13.154584248824209,-0.8308856413129762,3393,7938,12,64
4361,3.7048664064618926,5.507191804182621,1.5323665821904084,3393,3406,13,64
4362,7.966242498267114,11.841621419889433,-0.24911564948578485,3393,7137,14,64
4363,3.481896031620748,5.175751885388532,1.671453393272079,3393,3229,15,64
4364,17.039534542446436,24.960303117264637,-8.097930283167669,3432,15644,0,104
4365,3.956246652601642,5.795294197127919,0.12248098837685568,3432,3509,1,104
4366,11.630032732867527,17.03621314026839,-4.762213820459623,3432,10585,2,104
4367,4.07304358035613,5.966383771943189,0.3785983074614557,3432,3617,3,104
4368,35.25511657174443,51.64333531958665,-12.154533005485904,3432,31850,4,104
4369,3.801375070379412,5.5684310966783315,0.5898700669161504,3432,3384,5,104
4370,23.087949883514955,33.82030336645621,-6.485772920567972,3432,20730,6,104
4371,3.7874525976475963,5.54803681075096,0.8248117161660381,3432,3384,7,104
4372,8.751209178784444,12.819178434770025,-1.9057927921696962,3432,7819,8,104
4373,4.2634188207474795,6.245254283009858,1.1976622643480077,3432,3828,9,104
4374,13.68000756710416,20.039111671202342,-2.1227652703619624,3432,12178,10,104
4375,3.4358518630673376,5.032995693312306,1.1845422432975903,3432,3104,11,104
4376,9.051458197097753,13.258997168614696,-0.841352832561565,3432,8038,12,104
4377,5.031074150571601,7.369751532289933,2.0601017556811154,3432,4579,13,104
4378,8.045533232535,11.78547147070528,-0.24908074467291028,3432,7136,14,104
4379,5.302253525481286,7.7669876997471405,2.519862223118142,3432,4868,15,104
4380,7.737516721581223,11.330027421146706,-3.676265716636205,3433,7102,0,104
4381,3.974174240651426,5.819373933940115,0.12300456056997419,3433,3524,1,104
4382,10.743907985704285,15.732279033243934,-4.398243014531248,3433,9776,2,104
4383,4.077463962508505,5.9706208291745035,0.3789123231989133,3433,3620,3,104
4384,24.90300786967233,36.46541547954933,-8.583351848018491,3433,22492,4,104
4385,3.815830386643747,5.587511403307622,0.5919618047420943,3433,3396,5,104
4386,23.0359227022546,33.73144708818459,-6.469503736203788,3433,20678,6,104
4387,3.7917793841769907,5.552293577322914,0.825542932226469,3433,3387,7,104
4388,8.816138957896014,12.909451408744596,-1.9194421586310728,3433,7875,8,104
4389,4.182070501221769,6.123795936214573,1.1745099635220533,3433,3754,9,104
4390,13.644177969674624,19.9791375059966,-2.1166643683696265,3433,12143,10,104
4391,3.4444805923239645,5.043744778449136,1.1872135692328618,3433,3111,11,104
4392,8.780063974517622,12.856626895971065,-0.8159175578274943,3433,7795,12,104
4393,5.10379589664594,7.473476251062279,2.0893453927458183,3433,4644,13,104
4394,8.102849579761775,11.864983460658266,-0.2507910805037641,3433,7185,14,104
4395,3.5517184613284685,5.200772936206457,1.6875001740684354,3433,3260,15,104
4396,10.770932967905848,15.532023269089803,-5.0645710745661265,3474,9784,0,146
4397,3.9826682407461016,5.743132556172652,0.12199232099661175,3474,3495,1,146
4398,10.809568940897936,15.587737554317012,-4.379347125966364,3474,9734,2,146
4399,4.138294385621503,5.9675503397282625,0.3805870737986875,3474,3636,3,146
4400,3.8784231372834013,5.5928078463730575,0.5954480344520006,3474,3416,5,146
4401,23.179899975701268,33.426143015702536,-6.442597008216867,3474,20592,6,146
4402,15.53153386804184,22.396959127114954,-3.3465321699053496,3474,13730,8,146
4403,4.808883677942688,6.934561138455773,1.3365760693037325,3474,4272,9,146
4404,13.741380336809428,19.815501570448802,-2.1096919089498134,3474,12103,10,146
4405,3.556560537276534,5.128671878982632,1.213163592604072,3474,3179,11,146
4406,8.989067397590384,12.96251721209401,-0.8266987648135408,3474,7898,12,146
4407,5.022773815459355,7.242997427386053,2.0349072375946027,3474,4523,13,146
4408,8.127150183977452,11.719605548103964,-0.24894112542141203,3474,7132,14,146
4409,3.5668257170906528,5.143474590336362,1.6771474122643344,3474,3240,15,146
4410,7.908453466678018,11.399988563367023,-3.7176767638526083,3475,7182,0,146
4411,3.9175609916842355,5.6471408334975965,0.11996784184988687,3475,3437,1,146
4412,10.83228330984751,15.614671865709889,-4.387445363922743,3475,9752,2,146
4413,4.813287129185755,6.93832472507021,0.44255284599033295,3475,4228,3,146
4414,3.8635000302410076,5.5692122796059715,0.5930076736550662,3475,3402,5,146
4415,23.115924169722675,33.32146699437951,-6.42319913455188,3475,20530,6,146
4416,3.7248854453850133,5.369400181231449,0.802387756979491,3475,3292,7,146
4417,15.606726897993768,22.497003857753757,-3.3618877071743984,3475,13793,8,146
4418,4.213336007944581,6.07349875757273,1.1707555363610878,3475,3742,9,146
4419,13.701683675737142,19.75089540077779,-2.1030680725009914,3475,12065,10,146
4420,3.664884274003107,5.282908850097692,1.2497989197163684,3475,3275,11,146
4421,8.909362600049132,12.842793116934594,-0.8191623871145568,3475,7826,12,146
4422,3.6799994468339623,5.304697281695741,1.4905256860824496,3475,3313,13,146
4423,8.125776057526014,11.71325778353342,-0.24883641098278833,3475,7129,14,146
4424,3.5655210700506013,5.139677383484045,1.6761121360839244,3475,3238,15,146
4425,7.910777874392545,11.247550666809408,-3.6845479260794853,3512,7118,0,184
4426,4.012617422445055,5.705142842092319,0.12174798730648978,3512,3488,1,184
4427,11.10441901493338,15.788272339214895,-4.456280386551965,3512,9905,2,184
4428,4.820075044369241,6.853186771285705,0.43909867287829873,3512,4195,3,184
4429,11.205195921473797,15.931557030095522,-3.7860320862614016,3512,9921,4,184
4430,3.9062608459532018,5.553924971759642,0.594053542568038,3512,3408,5,184
4431,23.246526542120538,33.05193108205026,-6.400046833725925,3512,20456,6,184
4432,3.712659390960644,5.27866225944843,0.7923944708202688,3512,3251,7,184
4433,15.792791977113119,22.4542049787488,-3.370662299899569,3512,13829,8,184
4434,4.207012185125647,5.981533479944763,1.1582407791578693,3512,3702,9,184
4435,13.786533290823096,19.601704683193947,-2.096618547537665,3512,12028,10,184
4436,3.6910170619268596,5.247891177739358,1.2471275937810968,3512,3268,11,184
4437,9.034624570649664,12.845436849253753,-0.8230352478765347,3512,7863,12,184
4438,3.7074521637945175,5.271258619463267,1.4878262734303231,3512,3307,13,184
4439,8.240360836288396,11.716152000546813,-0.2500231746205236,3512,7163,14,184
4440,5.575775863420539,7.927642834417364,2.5969902985586932,3512,5017,15,184
4441,10.878629064662734,15.46150852836655,-5.065606350746536,3513,9786,0,184
4442,4.033174857671831,5.732245036357424,0.12234136912535741,3513,3505,1,184
4443,11.065683712076648,15.727364364526592,-4.43963400853052,3513,9868,2,184
4444,4.822420367570767,6.853978860513301,0.4392033447907846,3513,4196,3,184
4445,11.212495221808172,15.936023690649748,-3.7875585582244145,3513,9925,4,184
4446,3.988630756916356,5.668935680957452,0.6064296580382056,3513,3479,5,184
4447,24.166200051868277,34.346782667118866,-6.651593453510617,3513,21260,6,184
4448,3.6838811280057935,5.235803072205957,0.7860572649632013,3513,3225,7,184
4449,15.867532635388672,22.5521055739575,-3.385774098481807,3513,13891,8,184
4450,3.962529321769182,5.631838399697854,1.0906610902604896,3513,3486,9,184
4451,13.79797963767989,19.61070448988874,-2.097838727936132,3513,12035,10,184
4452,3.5529770753235965,5.0497525951731435,1.200188580918467,3513,3145,11,184
4453,9.139153184681302,12.989237344805,-0.8323510480877786,3513,7952,12,184
4454,3.694915669972897,5.251486175629824,1.4824274481260704,3513,3295,13,184
4455,14.652909739684196,20.825794092147063,-0.44447788714473646,3513,12734,14,184
4456,3.6584476039040528,5.199655075296783,1.7035469548647915,3513,3291,15,184
4457,10.958238393256337,15.345881131021786,-5.052665398491411,3553,9761,0,225
4458,4.07077070418726,5.70069395246476,0.12227155949960829,3553,3503,1,225
4459,11.21144990359131,15.700477700211072,-4.454030876008527,3553,9900,2,225
4460,4.2677668867193175,5.976566760840822,0.3848786222106089,3553,3677,3,225
4461,4.064002774395622,5.691216165765987,0.6118333140885603,3553,3510,5,225
4462,24.405394968816395,34.17723512727861,-6.651593453510617,3553,21260,6,225
4463,3.712268693572964,5.198648911766893,0.7843510941555292,3553,3218,7,225
4464,16.075346253865522,22.51186220803967,-3.3964986007014604,3553,13935,8,225
4465,3.9650157207098693,5.552595020207916,1.080649284497915,3553,3454,9,225
4466,15.018284896491625,21.031556947621258,-2.2609942783597483,3553,12971,10,225
4467,3.718207223113006,5.206965209071634,1.243693031864319,3553,3259,11,225
4468,14.64411607553376,20.50757215706518,-1.3206455198344447,3553,12617,12,225
4469,3.792640982538111,5.311202001818876,1.5067221619952078,3553,3349,13,225
4470,8.357688525411012,11.704079619219684,-0.25103541419388603,3553,7192,14,225
4471,7.8855308343645625,11.042871536143531,3.635889945600211,3553,7024,15,225
4472,10.88455736975248,15.2370745787879,-5.0174660083574665,3554,9693,0,225
4473,4.16475482394597,5.830157139065592,0.12506394452957365,3554,3583,1,225
4474,11.089587872193771,15.524092686231194,-4.404541644052877,3554,9790,2,225
4475,4.258361387274548,5.9611950984469395,0.3839365749982359,3554,3668,3,225
4476,4.066154135621019,5.692128003797111,0.6120076255740556,3554,3511,5,225
4477,3.693560064557177,5.170541001629188,0.7802075364797542,3554,3201,7,225
4478,16.142738301516687,22.597897098654283,-3.4099042284760266,3554,13990,8,225
4479,3.8947945405661315,5.4522451274480845,1.0612514108329263,3554,3392,9,225
4480,15.177143249021208,21.246179860370592,-2.2843520174161207,3554,13105,10,225
4481,3.590162255055898,5.025796472188565,1.20057019890922,3554,3146,11,225
4482,14.70690350436041,20.587900628987413,-1.325983787371225,3554,12668,12,225
4483,3.78224043976047,5.29468288859305,1.5022231409083304,3554,3339,13,225
4484,8.344620396625208,11.68146751363435,-0.2505816516265167,3554,7179,14,225
4485,3.5473348530948194,4.965843247125862,1.635218726957726,3554,3159,15,225
4486,10.895840231001788,15.040956579455425,-4.976572599231269,3592,9614,0,8
4487,4.3687415456463485,6.030746642922111,0.1299855231448876,3592,3724,1,8
4488,9.34711629526241,12.903049912584487,-3.6783996406308805,3592,8176,2,8
4489,4.313035713416433,5.953848580356123,0.38529730986055244,3592,3681,3,8
4490,26.702244924646852,36.86060900038278,-8.84743149761963,3592,23184,4,8
4491,4.089789908965538,5.645673131735143,0.6099158877481119,3592,3499,5,8
4492,3.7056441809823353,5.1153864266916145,0.7755765014303585,3592,3182,7,8
4493,16.263142987875018,22.450148161140287,-3.403810761305769,3592,13965,8,8
4494,3.879879225593086,5.355905898806601,1.047485177909386,3592,3348,9,8
4495,15.469668318136295,21.354811059878426,-2.3070125105305115,3592,13235,10,8
4496,3.5681312446754627,4.92555929447834,1.1822525353530715,3592,3098,11,8
4497,14.8923346692537,20.55784174309327,-1.3303800076956322,3592,12710,12,8
4498,3.808126758747442,5.25685656296709,1.4986239240388286,3592,3331,13,8
4499,15.138088320359955,20.8970877229503,-0.45041170533341285,3592,12904,14,8
4500,3.581324644265202,4.943771873422004,1.635736365047931,3592,3160,15,8
4501,9.261541579228304,12.780224322192453,-4.229103196975188,3593,8170,0,8
4502,4.361580144377011,6.018649505323856,0.12974118945476562,3593,3717,1,8
4503,9.33793302274958,12.88563871526581,-3.6739006195440034,3593,8166,2,8
4504,4.292979070082684,5.923985230405388,0.38341321543580653,3593,3663,3,8
4505,4.114157741541401,5.677225371606537,0.6134021174580182,3593,3519,5,8
4506,19.10037402689128,26.357066219832124,-5.155454229865849,3593,16478,6,8
4507,3.6902290972874905,5.092236023578436,0.7721641598150144,3593,3168,7,8
4508,16.213478158189577,22.37336906950387,-3.3925987817124956,3593,13919,8,8
4509,3.8529944935906433,5.316839914717925,1.0399763235874548,3593,3324,9,8
4510,15.620705196003033,21.555387379947412,-2.3289757577029215,3593,13361,10,8
4511,3.6888020471389376,5.090266802702893,1.221940806391393,3593,3202,11,8
4512,14.967413514612602,20.65389445195392,-1.3367649943572713,3593,12771,12,8
4513,3.6363736238481095,5.017919558479705,1.4306887056269815,3593,3180,13,8
4514,15.198059195580049,20.972167983038627,-0.4520871363513921,3593,12952,14,8
4515,3.6434020361860178,5.027618233968977,1.6636888219190034,3593,3214,15,8
4516,9.337948491066191,12.698135961373394,-4.2234091779829335,3633,8159,0,49
4517,4.3726896823866,5.946167743049945,0.12883366432002688,3633,3691,1,49
4518,9.401109915519678,12.784025528658084,-3.663552871044186,3633,8143,2,49
4519,4.305833423993655,5.855253784833691,0.3809010895361452,3633,3639,3,49
4520,5.2620509994679985,7.155558749424652,0.7770806023381203,3633,4458,5,49
4521,23.478206381774356,31.92665466619161,-6.276776475274223,3633,20062,6,49
4522,3.872694184045725,5.266252789130323,0.8026314956663013,3633,3293,7,49
4523,16.317531674349965,22.189267369931134,-3.3818742794928425,3633,13875,8,49
4524,3.837356132281832,5.218198616810003,1.025897221733834,3633,3279,9,49
4525,15.905369497046046,21.628791868213813,-2.3488472670493876,3633,13475,10,49
4526,3.574208633225493,4.8603595556811445,1.1727120855842443,3633,3073,11,49
4527,15.186966748271107,20.651877529085027,-1.3434639967563682,3633,12835,12,49
4528,3.6586168884049926,4.975141458960759,1.4257397824314164,3633,3169,13,49
4529,15.399781409196263,20.941271875347123,-0.45372766255649677,3633,12999,14,49
4530,3.6726898771701686,4.994278502273223,1.6611006314679782,3633,3209,15,49
4531,9.306966310830232,12.65137807165174,-4.208397673366988,3634,8130,0,49
4532,4.147397984938994,5.637744692382923,0.12216684506098457,3634,3500,1,49
4533,9.412579213729629,12.794942442597199,-3.667152087913687,3634,8151,2,49
4534,4.268982424229365,5.80301989138115,0.3775515883365968,3634,3607,3,49
4535,19.14103830383085,26.01927461410673,-6.278760801860583,3634,16453,4,49
4536,5.276286856398532,7.1722941295174865,0.7789980286785687,3634,4469,5,49
4537,23.47207267481046,31.90664450872211,-6.273647785973418,3634,20052,6,49
4538,3.872436942142046,5.263977775084444,0.802387756979491,3634,3292,7,49
4539,16.271998851959573,22.11926019524396,-3.37163725464681,3634,13833,8,49
4540,3.830072900058839,5.2063904265179906,1.0237071392232708,3634,3272,9,49
4541,16.050821170896857,21.818603421523882,-2.3697646453088255,3634,13595,10,49
4542,3.641369348507297,4.9498771982103005,1.1944643110571704,3634,3130,11,49
4543,15.258031996996108,20.74092942602877,-1.3494302957680635,3634,12892,12,49
4544,3.671032918715065,4.990200223900933,1.4302388035182938,3634,3179,13,49
4545,15.484014134056526,21.048117112962185,-0.4561011898319673,3634,13067,14,49
4546,5.362094735538597,7.288936640543264,2.4246168145204146,3634,4684,15,49
4547,9.409149141357203,12.614150276637751,-4.2166798828102685,3672,8146,0,88
4548,4.097416602420113,5.493103360615083,0.11961879372114119,3672,3427,1,88
4549,17.372556983241196,23.29010213185415,-6.708040440534054,3672,14910,2,88
4550,4.283491915467321,5.742560769174275,0.37545815008687905,3672,3587,3,88
4551,4.3433323126244305,5.8227843633604515,0.6355396761159233,3672,3646,5,88
4552,24.637486524531177,33.02965579459886,-6.526445881478431,3672,20860,6,88
4553,3.7707704345387034,5.055193004743138,0.774357807996307,3672,3177,7,88
4554,16.377985906893155,21.956754256358373,-3.36335013929526,3672,13799,8,88
4555,3.8586130621113783,5.172957117974807,1.0221427945728685,3672,3267,9,88
4556,16.321447069464437,21.880956819089842,-2.388241662771329,3672,13701,10,88
4557,3.6306857868432347,4.867391879377449,1.1803444453993062,3672,3093,11,88
4558,15.462128051706408,20.728931374203654,-1.3552919228672735,3672,12948,12,88
4559,3.8124082125529983,5.111013693858268,1.4720796996262526,3672,3272,13,88
4560,15.677072217955214,21.0170911188751,-0.4576719064113228,3672,13112,14,88
4561,5.411473573196476,7.2547623429963,2.4251344526106196,3672,4685,15,88
4562,17.324232996051403,23.21686172766802,-7.761983162624597,3673,14995,0,88
4563,4.068477577973481,5.452321115252666,0.11874617339927702,3673,3402,1,88
4564,17.33000424648183,23.22459599926721,-6.6900443561865455,3673,14870,2,88
4565,4.271355160120646,5.724205058018149,0.37430675904953425,3673,3576,3,88
4566,25.696663601144145,34.43707353890597,-8.352091345622119,3673,21886,4,88
4567,5.227278368391697,7.005274006568784,0.7647044868679528,3673,4387,5,88
4568,17.460558412026003,23.39955658829305,-4.624202786589225,3673,14780,6,88
4569,3.766903977620832,5.048170895055424,0.7733828532490659,3673,3173,7,88
4570,16.347389779968122,21.90775708317466,-3.3562817173777613,3673,13770,8,88
4571,3.833525848919105,5.137453391678683,1.0152596781110983,3673,3245,9,88
4572,16.296668849895884,21.839784040994132,-2.3840581871194413,3673,13677,10,88
4573,3.6327093658932643,4.868331606020975,1.1807260633900591,3673,3094,11,88
4574,15.517107070785041,20.79506373286179,-1.3597928151041665,3673,12991,12,88
4575,3.837774309594127,5.143146914968858,1.481527643908695,3673,3293,13,88
4576,14.657043267384768,19.64245960862336,-0.42779338659069344,3673,12256,14,88
4577,4.1372509742487535,5.5444869521026465,1.8536620010242535,3673,3581,15,88
4578,17.447411978174006,23.04452425474662,-7.7449011056478305,3713,14962,0,129
4579,4.116099042321129,5.436539489889188,0.11902541190227356,3713,3410,1,129
4580,17.432903412882506,23.025361356250286,-6.667549250752159,3713,14820,2,129
4581,4.313624428802172,5.697430822390811,0.37451610287450604,3713,3578,3,129
4582,24.89832986377524,32.88568913064089,-8.017793985722413,3713,21010,4,129
4583,5.303717737520328,7.005145072261223,0.7687136510343451,3713,4410,5,129
4584,17.225233789277425,22.75107152552192,-4.5197045639423505,3713,14446,6,129
4585,3.8967167132510525,5.146779529521284,0.7926382095070792,3713,3252,7,129
4586,17.235662116667633,22.7648452498875,-3.505937271079283,3713,14384,8,129
4587,3.854989674701226,5.091666498824059,1.0115052509501328,3713,3233,9,129
4588,16.403039959646208,21.665118739358466,-2.3774343506706197,3713,13639,10,129
4589,3.702160042571815,4.889809273875399,1.1921746031126519,3713,3124,11,129
4590,15.733034878666393,20.78017669988823,-1.365968457940834,3713,13050,12,129
4591,4.222950286926329,5.577668506676013,1.6151485701889507,3713,3590,13,129
4592,14.815542418020394,19.568353577389995,-0.4284216732224357,3713,12274,14,129
4593,4.175857658992188,5.51546861089745,1.8536620010242535,3713,3581,15,129
4594,17.410610309221216,22.987578758834413,-7.726783772490654,3714,14927,0,129
4595,4.1279139434194745,5.4501677539579845,0.11933955521814466,3714,3419,1,129
4596,17.389858614197227,22.960179878768127,-6.64955316640465,3714,14780,2,129
4597,4.312207003481041,5.69349358559917,0.37430675904953425,3714,3576,3,129
4598,24.192862957643893,31.94232325939658,-7.788823191270559,3714,20410,4,129
4599,5.297722679364591,6.994689742142886,0.7676677821213731,3714,4404,5,129
4600,17.164800556002838,22.663031200682227,-4.502809641718005,3714,14392,6,129
4601,4.0126736798922,5.298013717598959,0.8160371234408674,3714,3348,7,129
4602,17.307951198125227,22.852035870921917,-3.5198303762274694,3714,14441,8,129
4603,3.8081717742716137,5.028005740951803,0.9989904937469144,3714,3193,9,129
4604,16.373138825801874,21.617784305246783,-2.3725536290767506,3714,13611,10,129
4605,3.863034805436622,5.100442503790958,1.243693031864319,3714,3259,11,129
4606,15.802984558338657,20.864998165345952,-1.3717254131275578,3714,13105,12,129
4607,4.356877296912877,5.752472671926818,1.6659875084706643,3714,3703,13,129
4608,14.707881736980417,19.419111897840356,-0.4252104304379755,3714,12182,14,129
4609,4.251468786568723,5.613299696921782,1.8867908387973762,3714,3645,15,129
4610,17.496349430165257,22.793448319781806,-7.699348953709787,3751,14874,0,167
4611,4.342012576778311,5.6565765142988615,0.12447056271070601,3751,3566,1,167
4612,4.363477381324146,5.684539885461659,0.3755628219993649,3751,3588,3,167
4613,20.078364350280385,26.157179930050287,-6.409655772688893,3751,16796,4,167
4614,5.515051164160301,7.184757837226904,0.7924200130617081,3751,4546,5,167
4615,17.27711451970422,22.507839049034725,-4.494049311675752,3751,14364,6,167
4616,4.53270928949456,5.905007518914951,0.9140200755386061,3751,3750,7,167
4617,17.527684641856165,22.83427040847619,-3.534454697436087,3751,14501,8,167
4618,3.8381559755204795,5.000175049113744,0.9983647558867534,3751,3191,9,167
4619,16.454166066763342,21.43573923148009,-2.3641866777729756,3751,13563,10,167
4620,4.205506417259253,5.4787424978516865,1.3425320914693692,3751,3518,11,167
4621,15.994552541576134,20.83697563366548,-1.3766449930143945,3751,13152,12,167
4622,4.543444084161737,5.918992321198788,1.7226751741653183,3751,3829,13,167
4623,8.237160707208433,10.73099835087824,-0.23613105909644594,3751,6765,14,167
4624,4.107654444677764,5.35126539819,1.8075922109960048,3751,3492,15,167
4625,17.440322214496547,22.712250535539084,-7.67294941110933,3752,14823,0,167
4626,4.269926301687897,5.560656204597702,0.12237627393823199,3752,3506,1,167
4627,17.470541271684258,22.751604326676304,-6.622559039883386,3752,14720,2,167
4628,4.3839319713099085,5.709123950725394,0.3772375725991391,3752,3604,3,167
4629,17.591096472704603,22.908601421985722,-5.614363879959455,3752,14712,4,167
4630,5.242067278058644,6.826659730200189,0.7530256173397666,3752,4320,5,167
4631,17.338790460525512,22.58002736872247,-4.509067020319615,3752,14412,6,167
4632,6.599916207839148,8.594964507101277,1.3305694912974002,3752,5459,7,167
4633,17.551013663528284,22.856402225607113,-3.5383545164250516,3752,14517,8,167
4634,3.8402316923395383,5.00107184019998,0.998677624816834,3752,3192,9,167
4635,16.402088749425623,21.360175827110172,-2.356168349440191,3752,13517,10,167
4636,4.207658271305567,5.479565552200094,1.3429137094601225,3752,3519,11,167
4637,16.08090473382824,20.941903060097033,-1.3837626830634349,3752,13220,12,167
4638,4.451902194978781,5.797640477538235,1.6875828096876753,3752,3751,13,167
4639,8.214675671672808,10.697839731891472,-0.23543296283895457,3752,6745,14,167
4640,4.240364383798526,5.522158195377647,1.8655676770989695,3752,3604,15,167
4641,17.568776341079293,22.551842148423585,-7.660008458854204,3792,14798,0,208
4642,4.162399487935901,5.342988856379452,0.1182226012061585,3792,3387,1,208
4643,17.56188373979153,22.542994585382434,-6.597364521796873,3792,14664,2,208
4644,4.428591765321716,5.68468176112079,0.37765626024908266,3792,3608,3,208
4645,17.51773671293323,22.486326052429305,-5.540711607744108,3792,14519,4,208
4646,5.314087101772271,6.82133184210027,0.7565118470496729,3792,4340,5,208
4647,17.570058285011946,22.553487692578233,-4.528152025054523,3792,14473,6,208
4648,6.756135859632781,8.672391661306934,1.3498248475554135,3792,5538,7,208
4649,17.666233908151373,22.676941792594018,-3.529579923699881,3792,14481,8,208
4650,3.96003110106467,5.083222334912609,1.0205784499224662,3792,3262,9,208
4651,16.525096664866034,21.212141599305358,-2.3525078082447894,3792,13496,10,208
4652,4.245810007081207,5.450057261415989,1.3429137094601225,3792,3519,11,208
4653,16.28808556702305,20.90790658815767,-1.3889962786877292,3792,13270,12,208
4654,4.440770929292622,5.700315324781647,1.668237019014103,3792,3708,13,208
4655,8.265810143447556,10.610257764395687,-0.2347697713943378,3792,6726,14,208
4656,3.8169763438687605,4.8995926819287625,1.6642064600092084,3792,3215,15,208
4657,8.236540830649789,10.56888138226747,-3.590337793662168,3793,6936,0,208
4658,4.17562404516482,5.358035143353894,0.11857164933490419,3793,3397,1,208
4659,17.513110930077648,22.472297031019554,-6.577568829014613,3793,14620,2,208
4660,4.414851321440983,5.665004386674726,0.376400197299252,3793,3596,3,208
4661,17.48787039609142,22.439909137216752,-5.530026304003021,3793,14491,4,208
4662,5.33977193450023,6.851834689398558,0.7599980767595793,3793,4360,5,208
4663,17.631064593972592,22.623651623674583,-4.5428568647683045,3793,14520,6,208
4664,6.806458687534412,8.733843002898096,1.3595743950278254,3793,5578,7,208
4665,17.626263130411363,22.61749053009376,-3.5208053309747105,3793,14445,8,208
4666,3.9584897091150584,5.079414896224459,1.0199527120623053,3793,3260,9,208
4667,16.47368630526665,21.13853862548165,-2.3446637913975,3793,13451,10,208
4668,4.842924842972526,6.214295450117371,1.5314329968921485,3793,4013,11,208
4669,16.326110364995046,20.949173619021273,-1.3919270922373341,3793,13298,12,208
4670,4.218958734318295,5.413640912671058,1.5845552267981853,3793,3522,13,208
4671,8.455730882157432,10.850139461622444,-0.24011020776414657,3793,6879,14,208
4672,3.784581261141996,4.85626080814395,1.6497125934834673,3793,3187,15,208
4673,17.625169058887014,22.30132548185341,-7.616526859276981,3832,14714,0,248
4674,4.347148971124022,5.500496693066215,0.12237627393823199,3832,3506,1,248
4675,17.61733523145276,22.29141325151983,-6.559572744667103,3832,14580,2,248
4676,4.440925147196407,5.619152747827821,0.37535347817439313,3832,3586,3,248
4677,17.597601450814786,22.266443875990745,-5.516669674326663,3832,14456,4,248
4678,5.346754451729317,6.765308797956794,0.7544201092237292,3832,4328,5,248
4679,17.736880588128397,22.442675341554843,-4.530654976495167,3832,14481,6,248
4680,5.181930300911186,6.5567549382812285,1.0261398714713417,3832,4210,7,248
4681,17.72934063048093,22.433134947981667,-3.5108120448154883,3832,14404,8,248
4682,3.934179990958388,4.977962378086746,1.0049350034184432,3832,3212,9,248
4683,16.572715103962288,20.969643605496856,-2.3383885779196687,3832,13415,10,248
4684,4.877807762411099,6.171945255333075,1.52914328894763,3832,4007,11,248
4685,15.103603763303788,19.11076043293589,-1.2765786446778857,3832,12196,12,248
4686,4.7680387395962,6.033053270953173,1.7753137208817826,3832,3946,13,248
4687,8.622382756758826,10.909998289669838,-0.24272806872973907,3832,6954,14,248
4688,3.843901557018379,4.863732055951312,1.6611006314679782,3832,3209,15,248
4689,8.063312576004567,10.198940843233823,-3.483704347079929,3833,6730,0,248
4690,4.398956745227569,5.564053134940129,0.12380737126608923,3833,3547,1,248
4691,17.589802238360996,22.248592099367485,-6.5478752898412225,3833,14554,2,248
4692,4.439428447093996,5.61524406785634,0.37514413434942134,3833,3584,3,248
4693,17.65993175150397,22.33729593531184,-5.534987337882812,3833,14504,4,248
4694,5.315807987475359,6.723739243296864,0.749888010600851,3833,4302,5,248
4695,17.693018069233492,22.379145410209794,-4.518453088222029,3833,14442,6,248
4696,4.184624830604721,5.292953819683443,0.8284677964681926,3833,3399,7,248
4697,17.680316914479082,22.363080260215924,-3.500331281282646,3833,14361,8,248
4698,3.9423994008304515,4.9865731844658026,1.0068122169989258,3833,3218,9,248
4699,16.529419676536,20.907359334630904,-2.3317647414708467,3833,13377,10,248
4700,4.416200528316665,5.585864062146722,1.384128452461456,3833,3627,11,248
4701,15.099506911293474,19.098723545527005,-1.2759506132029705,3833,12190,12,248
4702,3.5568770088976507,4.498942321591213,1.3240619058679894,3833,2943,13,248
4703,8.172857330434077,10.337499340077654,-0.23002271684339667,3833,6590,14,248
4704,3.860325872197134,4.88276187175325,1.6678299266406436,3833,3222,15,248
4705,5.576279228493876,6.95784521110965,0.15564056060769438,3871,4459,1,31
4706,17.71991073729015,22.110154641241913,-6.541576660319595,3871,14540,2,31
4707,4.496556942895295,5.610613441259855,0.3768188849491956,3871,3600,3,31
4708,17.829788822040975,22.247255864918603,-5.5418564617163675,3871,14522,4,31
4709,5.30919834940578,6.624592994103296,0.742741239695543,3871,4261,5,31
4710,17.789166896255605,22.196569545204277,-4.505312593158649,3871,14400,6,31
4711,6.855202727519558,8.553631824090093,1.3459250285664488,3871,5522,7,31
4712,17.835693152168325,22.254623038156893,-3.501793713403508,3871,14367,8,31
4713,4.00626862809423,4.998852432992879,1.0146339402509374,3871,3243,9,31
4714,16.6166320553099,20.73353019698699,-2.3246179705655385,3871,13336,10,31
4715,4.6864277602073,5.8475262110173745,1.456635870704543,3871,3817,11,31
4716,16.597291293664632,20.7093976131836,-1.3908803731124753,3871,13288,12,31
4717,3.57444966935846,4.460047012569637,1.3195628847811123,3871,2933,13,31
4718,8.171206207440902,10.195685267860606,-0.22806804732242092,3871,6534,14,31
4719,4.438703345736136,5.538426171317844,1.9018023434133224,3871,3674,15,31
4720,17.635422632516374,21.996865635045694,-7.554410288452375,3872,14594,0,31
4721,4.432975335938672,5.529301160513255,0.12370265682746553,3872,3544,1,31
4722,17.62625211656383,21.985427144944513,-6.505584491624576,3872,14460,2,31
4723,4.496286795593472,5.608270272862026,0.3767142130367097,3872,3599,3,31
4724,17.79191789456184,22.192063976671385,-5.528881450030762,3872,14488,4,31
4725,4.688465981394971,5.8479775833142105,0.65575980843338,3872,3762,5,31
4726,17.825166980912925,22.23353594477746,-4.513447185340741,3872,14426,6,31
4727,4.503664365702403,5.617472400975479,0.8840402170609398,3872,3627,7,31
4728,17.90787082496831,22.336693401397394,-3.5151993411780738,3872,14422,8,31
4729,4.269094129977414,5.3248902460284295,1.0809621534279954,3872,3455,9,31
4730,16.58161613037217,20.682440655501214,-2.319214314515184,3872,13305,10,31
4731,4.926917075716601,6.145400377857925,1.5310513789013958,3872,4012,11,31
4732,15.31161182739472,19.098349670518758,-1.2828589594270392,3872,12256,12,31
4733,3.5849797700424775,4.471586530655727,1.323162101650614,3872,2941,13,31
4734,8.176738084376723,10.19893952773001,-0.22817276176104462,3872,6537,14,31
4735,4.488006006383843,5.597941549168131,1.922507867021524,3872,3714,15,31
4736,8.627341275924127,10.608372983572426,-3.6638424024712837,3912,7078,0,72
4737,5.559055170579788,6.835539339372004,0.1537906055253423,3912,4406,1,72
4738,17.74242203459748,21.81648141127961,-6.492087428363944,3912,14430,2,72
4739,4.5151673958174605,5.551951439751791,0.3750394624369355,3912,3583,3,72
4740,8.818367848357164,10.843263555920394,-2.716738476171245,3912,7119,4,72
4741,4.715349974721014,5.798100443703746,0.6538423820929316,3912,3751,5,72
4742,18.062210279051076,22.20970023321177,-4.534096534726052,3912,14492,6,72
4743,4.367423421345904,5.370282123893902,0.8499168009074985,3912,3487,7,72
4744,18.771028051537446,23.08127851757898,-3.6529116992258905,3912,14987,8,72
4745,4.299932753431287,5.287294079808213,1.079397808777593,3912,3450,9,72
4746,16.695431355443827,20.529078110591698,-2.3150308388632963,3912,13281,10,72
4747,4.502706437530312,5.536629165019053,1.3871813963874808,3912,3635,11,72
4748,15.505057113630485,19.06536715453699,-1.2878832112263618,3912,12304,12,72
4749,4.452204448182777,5.4745307824146545,1.6290955355582704,3912,3621,13,72
4750,8.235123263362297,10.126092888806419,-0.22782371363229897,3912,6527,14,72
4751,7.054966276497436,8.674945299366659,2.99608926610678,3912,5788,15,72
4752,8.58164553513832,10.548422899672087,-3.6436545169532875,3913,7039,0,72
4753,5.569081915755475,6.8454273681857325,0.1540349392154643,3913,4413,1,72
4754,17.697036861411867,21.75291768005297,-6.474091344016435,3913,14390,2,72
4755,4.511094587912897,5.544966085919819,0.37462077478699196,3913,3579,3,72
4756,8.788046880785691,10.802128167739276,-2.7068164084116644,3913,7093,4,72
4757,5.488381639312677,6.746231865347318,0.7608696341870558,3913,4365,5,72
4758,21.27240526489824,26.147703946588248,-5.338795422892999,3913,17064,6,72
4759,4.175436200941713,5.132380107962999,0.8123810431387131,3913,3333,7,72
4760,18.84395779614919,23.162694744668293,-3.6663173270004568,3913,15042,8,72
4761,4.177439641506915,5.134842705404196,1.0484237846996274,3913,3351,9,72
4762,16.65626382038374,20.473615926748206,-2.3091042483564554,3913,13247,10,72
4763,4.476415251695855,5.502338794592133,1.3787858005909128,3913,3613,11,72
4764,4.459308940895026,5.481311988038365,1.631345046101709,3913,3626,13,72
4765,8.216698924424177,10.099836300534172,-0.2272652366263059,3913,6511,14,72
4766,4.65717942097292,5.724531251136152,1.9773775045832587,3913,3820,15,72
4767,8.596697879619358,10.421214757827942,-3.6198431648038554,3952,6993,0,112
4768,8.131282802198301,9.857022489906727,0.2230417542684833,3952,6390,1,112
4769,8.013370896960803,9.714085596672666,-2.9072674263401113,3952,6462,2,112
4770,4.558900786032659,5.526457346315462,0.37545815008687905,3952,3587,3,112
4771,8.8713649791323,10.754175723889112,-2.709869352337689,3952,7101,4,112
4772,5.539245692466695,6.714865378068252,0.7615668801290371,3952,4369,5,112
4773,21.422238294059937,25.968778824369842,-5.33191230643123,3952,17042,6,112
4774,4.4591262967522,5.405507256559567,0.8603975644403412,3952,3530,7,112
4775,19.0933977267449,23.145677672209025,-3.684110251137608,3952,15115,8,112
4776,4.190924919164172,5.080384262436865,1.0431050128882595,3952,3334,9,112
4777,19.13695913987006,23.198484325145845,-2.631057562066305,3952,15094,10,112
4778,4.473786507572562,5.423278871602156,1.366574024886814,3952,3581,11,112
4779,14.979427004232203,18.158579950843052,-1.2336631605586719,3952,11786,12,112
4780,5.100432451129649,6.182920776712269,1.8504473730326336,3952,4113,13,112
4781,8.323430486569498,10.089950564394352,-0.22831238101254292,3952,6541,14,112
4782,3.6842990912654385,4.466234896211975,1.5513613563445092,3952,2997,15,112
4783,8.715327558508083,10.561266151137524,-3.669018783373334,3953,7088,0,112
4784,5.502186572686641,6.667570027317054,0.15089350605675325,3953,4323,1,112
4785,8.010104849409503,9.706674665434225,-2.9054678179053606,3953,6458,2,112
4786,4.656477966826799,5.642737212619929,0.38341321543580653,3953,3663,3,112
4787,8.904481210995657,10.790483246418223,-2.7194098021065165,3953,7126,4,112
4788,4.8835312598659995,5.917881232415062,0.6712735306424632,3953,3851,5,112
4789,21.346303686273966,25.867529712485023,-5.31188869490608,3953,16978,6,112
4790,6.975650038543968,8.453118501821052,1.3456812898796384,3953,5521,7,112
4791,19.170718716686764,23.231147804406962,-3.698247094972605,3953,15173,8,112
4792,4.189296965641704,5.076605548474502,1.0424792750280985,3953,3332,9,112
4793,19.08901481557073,23.1321387150205,-2.6239107911609967,3953,15053,10,112
4794,4.0986104928523375,4.9667113455307,1.251707009670134,3953,3280,11,112
4795,17.54283263505592,21.258469433293758,-1.4444723923052498,3953,13800,12,112
4796,4.697161205437254,5.692037311551473,1.7037792856004335,3953,3787,13,112
4797,8.29846320932614,10.056108391882303,-0.227579379942177,3953,6520,14,112
4798,4.4179136452764585,5.353644085925102,1.8598736581067141,3953,3593,15,112
4799,7.662243910319031,9.160691390170223,-3.200038673647567,3991,6182,0,151
4800,5.630962362050734,6.732167369266502,0.15319722370647468,3991,4389,1,151
4801,4.616914821638274,5.519810169286304,0.3771329006866532,3991,3603,3,151
4802,20.438133986627133,24.435066311357488,-6.192133517959632,3991,16226,4,151
4803,4.530239193414692,5.416184039591314,0.6177599045954011,3991,3544,5,151
4804,21.46162866558215,25.658718155794514,-5.2981224619825396,3991,16934,6,151
4805,4.634639505715011,5.541001136673361,0.8869650813026634,3991,3639,7,151
4806,21.60157204078931,25.826029205583094,-4.134051866989413,3991,16961,8,151
4807,4.2342802274542315,5.062346602014259,1.0452950953988227,3991,3341,9,151
4808,19.195993783157007,22.950010079724255,-2.6176355776831652,3991,15017,10,151
4809,4.13020099483239,4.937913375751338,1.2513253916793807,3991,3279,11,151
4810,17.733412216667244,21.201402423744977,-1.4485545968921993,3991,13839,12,151
4811,4.744810880041281,5.6727178990273615,1.7073785024699353,3991,3795,13,151
4812,8.317504897055118,9.944096845512584,-0.22628790186581804,3991,6483,14,151
4813,4.418618495678961,5.282734520536533,1.8453797915809729,3991,3565,15,151
4814,8.677919516517969,10.371316330905712,-3.6234666314352904,3992,7000,0,151
4815,5.634703739732097,6.734251775954228,0.1532670333322238,3992,4391,1,151
4816,4.639666629626281,5.54504454601226,0.3789123231989133,3992,3620,3,151
4817,20.293735573137777,24.253826134725276,-6.147102595050768,3992,16108,4,151
4818,5.006805365564688,5.983826210269263,0.6826037771996587,3992,3916,5,151
4819,21.534558841816835,25.73678188301535,-5.315017384206884,3992,16988,6,151
4820,5.505658529595102,6.580024867906573,1.0534386043940949,3992,4322,7,151
4821,21.493978799134236,25.688283108789363,-4.112602862550107,3992,16873,8,151
4822,4.233896075563234,5.0600925058436115,1.044982226468742,3992,3340,9,151
4823,19.16164249584218,22.900818031998327,-2.612406233118306,3992,14987,10,151
4824,4.131062760387308,4.937192444484986,1.2513253916793807,3992,3279,11,151
4825,17.815294517073287,21.291745632478015,-1.4549395835538383,3992,13900,12,151
4826,3.6965974736664657,4.417946222530218,1.3299106332809298,3992,2956,13,151
4827,8.425749204072181,10.06993786402083,-0.22918500133440706,3992,6566,14,151
4828,4.2521805630938045,5.0819450021438,1.7754986494032923,3992,3430,15,151
4829,8.730269806168076,10.294380804691167,-3.616737336262625,4030,6987,0,190
4830,5.672775823021104,6.689107649406856,0.15309250926785098,4030,4386,1,190
4831,8.782642784737185,10.356136901265115,-3.1349178933361026,4030,6968,2,190
4832,5.658113578985722,6.671818524683025,0.4584629766881879,4030,4380,3,190
4833,20.355100131167433,24.00191021814825,-6.117336391772027,4030,16030,4,190
4834,4.774474549040325,5.629867145159911,0.6458240537601471,4030,3705,5,190
4835,21.801878437988687,25.707892640348042,-5.338795422892999,4030,17064,6,190
4836,5.492684253447537,6.476750959629068,1.042714102174442,4030,4278,7,190
4837,21.600963038803496,25.470981333520204,-4.100659666896402,4030,16824,8,190
4838,4.46539880102968,5.265417532701383,1.0934769106312139,4030,3495,9,190
4839,19.265423618934644,22.71700777871543,-2.6059567081549795,4030,14950,10,190
4840,4.185303183551333,4.935140117218754,1.2578128975221834,4030,3296,11,190
4841,18.045248535354236,21.278226705775612,-1.4621619455153645,4030,13969,12,190
4842,3.723296037042716,4.390359989428409,1.3290108290635545,4030,2954,13,190
4843,8.466482110692237,9.983333030783696,-0.22848690507691574,4030,6546,14,190
4844,4.239559961690037,4.999117513999876,1.7563460400657058,4030,3393,15,190
4845,8.22841349024632,9.69917990789329,-3.4081291859099934,4031,6584,0,190
4846,5.589856040521231,6.589000353531876,0.1508236964310041,4031,4321,1,190
4847,17.85633635938486,21.04802086706334,-6.372413467453008,4031,14164,2,190
4848,5.641188928543389,6.64950860542136,0.45699756991338547,4031,4366,3,190
4849,8.834635926355542,10.413760000276161,-2.6545347436784916,4031,6956,4,190
4850,4.754834316904558,5.604724838700546,0.6430350699922219,4031,3689,5,190
4851,21.93415661685325,25.854720525037585,-5.370082315901046,4031,17164,6,190
4852,5.495098777704889,6.47730594965625,1.042957840861252,4031,4279,7,190
4853,22.26420367120114,26.243760983685537,-4.225697613230084,4031,17337,8,190
4854,4.277186098613833,5.041700629066697,1.0471723089793055,4031,3347,9,190
4855,16.37317981231732,19.29976135158933,-2.214278800247003,4031,12703,10,190
4856,4.184894390072097,4.932912478566698,1.2574312795314302,4031,3295,11,190
4857,18.132946729999528,21.374073240605448,-1.4689656198269474,4031,14034,12,190
4858,3.7152374506571015,4.379307928214888,1.3258615143027404,4031,2947,13,190
4859,8.472105348154026,9.986429834593904,-0.22859161951553944,4031,6549,14,190
4860,4.235433371574238,4.992484919175328,1.7542754877048856,4031,3389,15,190
4861,8.287943796989085,9.635623599238322,-3.405540995458968,4070,6579,0,230
4862,5.654136074528941,6.573539629072793,0.15134726862412262,4070,4336,1,230
4863,9.05805089779251,10.530955702858313,-3.2069022307261394,4070,7128,2,230
4864,7.224465226154139,8.39921569573104,0.5806150985592188,4070,5547,3,230
4865,8.921957986550504,10.372733096700086,-2.6594957775582815,4070,6969,4,230
4866,5.695841615142397,6.622026793223208,0.7641815524114669,4070,4384,5,230
4867,22.153431389247313,25.755740087895717,-5.380719859523781,4070,17198,6,230
4868,22.543291223059395,26.208993959675052,-4.244709230801287,4070,17415,8,230
4869,4.290794275938063,4.988508561040855,1.042166406098018,4070,3331,9,230
4870,16.517161143545916,19.20297140105991,-2.216021915101957,4070,12713,10,230
4871,4.206852338040601,4.890917054922726,1.2539967176146525,4070,3286,11,230
4872,15.143114689831291,17.605495023303554,-1.2170203264734158,4070,11627,12,230
4873,3.747501697192776,4.35687266662867,1.3267613185201157,4070,2949,13,230
4874,8.555532007607098,9.946723594637131,-0.22901047727003424,4070,6561,14,230
4875,4.443164276026828,5.165655028805832,1.8257095441531814,4070,3527,15,230
4876,8.311045625003839,9.659071447451776,-3.4143408429924538,4071,6596,0,230
4877,5.685281330774672,6.607416328891938,0.15215007932023766,4071,4359,1,230
4878,9.019215857053196,10.482104694645637,-3.192505363248132,4071,7096,2,230
4879,5.678354691223577,6.599366209889644,0.4562648665259843,4071,4359,3,230
4880,20.11401225732115,23.37644265889781,-5.9944553987495315,4071,15708,4,230
4881,5.685301812077455,6.607440132198507,0.7626127490420089,4071,4375,5,230
4882,22.263575186495157,25.874658027998958,-5.406375111790379,4071,17280,6,230
4883,4.482383540865196,5.20941224842317,0.8438233337372412,4071,3462,7,230
4884,22.65532848008642,26.3299524907304,-4.264939541806541,4071,17498,8,230
4885,4.272338849445482,4.9652989595396155,1.0374733721468112,4071,3316,9,230
4886,16.517913447615204,19.19706777608576,-2.215673292130966,4071,12711,10,230
4887,4.229474311556643,4.91548192655586,1.260484223457455,4071,3303,11,230
4888,15.203504840851195,17.66946617013582,-1.2216258906227948,4071,11671,12,230
4889,3.743177945183436,4.3503097978764655,1.3249617100853648,4071,2945,13,230
4890,8.576831849317331,9.967967372973938,-0.22953404946315276,4071,6576,14,230
4891,4.358384902499739,5.065301415514811,1.7905101540192385,4071,3459,15,230
4892,8.49470528216913,9.737663488227906,-3.4624811853815225,4110,6689,0,14
4893,15.953381818468175,18.287704927626173,0.42360480904574543,4110,12136,1,14
4894,8.17184041470235,9.367556541944303,-2.86992555131903,4110,6379,2,14
4895,7.047908469863083,8.079169164281257,0.561878826224245,4110,5368,3,14
4896,20.14876636097264,23.09696452187893,-5.957820071637235,4110,15612,4,14
4897,4.812012201229713,5.516113150526702,0.6404203977097922,4110,3674,5,14
4898,22.52228935624619,25.817785014387265,-5.426398723315529,4110,17344,6,14
4899,4.508604118444638,5.168309935273185,0.8421171629295691,4110,3455,7,14
4900,22.934505754461508,26.290317543393986,-4.283707420690933,4110,17575,8,14
4901,4.294350259519496,4.922706125609933,1.034657551776087,4110,3307,9,14
4902,16.728094674498067,19.17577494788433,-2.2263062927461803,4110,12772,10,14
4903,4.243475774716759,4.8643876087585145,1.2547599535961587,4110,3288,11,14
4904,15.340492280529109,17.585136459661364,-1.2229866254851114,4110,11684,12,14
4905,3.7688594607390367,4.320324713340671,1.3236120037593018,4110,2942,13,14
4906,8.62739328235058,9.88976659855064,-0.22908028689578336,4110,6563,14,14
4907,4.428320723415123,5.076279351689447,1.8050040205449798,4110,3487,15,14
4908,8.490053668092585,9.7289029790896,-3.4598929949304975,4111,6684,0,14
4909,16.095943584683628,18.44462704409126,0.42730471921044955,4111,12242,1,14
4910,8.12991070395205,9.316208773175092,-2.8546288796236468,4111,6345,2,14
4911,7.009922103502888,8.032793984832036,0.5587386688496683,4111,5338,3,14
4912,20.008221697423597,22.927775876130873,-5.915078856672889,4111,15500,4,14
4913,4.832625013668147,5.537790658378938,0.6430350699922219,4111,3689,5,14
4914,22.63849388913187,25.941851400517542,-5.453305451302448,4111,17430,6,14
4915,4.864523646167835,5.574343866743382,0.9084140857419692,4111,3727,7,14
4916,23.04351085942934,26.40596752545061,-4.3032065156357575,4111,17655,8,14
4917,4.28611760379433,4.911538130906936,1.0324674692655238,4111,3300,9,14
4918,19.329190045181218,22.149661470420504,-2.5719659684833927,4111,14755,10,14
4919,4.266269207095806,4.888793501329841,1.2612474594389613,4111,3305,11,14
4920,14.939092141148155,17.118970470485056,-1.190747676439458,4111,11376,12,14
4921,5.126520524272994,5.8745707330927575,1.800058336859608,4111,4001,13,14
4922,8.58441559094914,9.837033978996226,-0.2278935232580481,4111,6529,14,14
4923,3.6175453092052186,4.145409288516933,1.474233280903958,4111,2848,15,14
4924,8.533440388879189,9.6419083077315,-3.4500578712166017,4151,6665,0,55
4925,16.95853407585528,19.16139600694077,0.4466419855429597,4151,12796,1,55
4926,8.867638067684181,10.019517247250636,-3.0890278782499543,4151,6866,2,55
4927,7.4298436656472955,8.394957731035381,0.5875234447832874,4151,5613,3,55
4928,20.0454909410084,22.649339167886428,-5.879206765542099,4151,15406,4,55
4929,5.597419671792088,6.324507440826037,0.738906387014646,4151,4239,5,55
4930,22.918546883728315,25.89559632798677,-5.477083489988563,4151,17506,6,55
4931,4.882271103900498,5.516463251872387,0.9045142667530046,4151,3711,7,55
4932,23.30097103777465,26.327696215012622,-4.316855882097134,4151,17711,8,55
4933,4.317683515511024,4.878537455141116,1.0318417314053627,4151,3298,9,55
4934,19.430533255584002,21.95450035191204,-2.5649935090635796,4151,14715,10,55
4935,4.732276421682951,5.346984717227245,1.387944632368987,4151,3637,11,55
4936,15.007940046518627,16.957425753514904,-1.1867701437649942,4151,11338,12,55
4937,4.612050034911187,5.211141288950192,1.6066004301238839,4151,3571,13,55
4938,15.373475717405537,17.37044339485096,-0.4048958293449775,4151,11600,14,55
4939,3.645116997320188,4.118606594465354,1.473715642813753,4151,2847,15,55
4940,8.471093658832537,9.568097573306714,-3.4241759667063496,4152,6615,0,55
4941,16.887646697983982,19.07459153415978,0.44468731602198386,4152,12740,1,55
4942,8.981771847431594,10.144908423695625,-3.128169361705787,4152,6953,2,55
4943,8.651986936532705,9.772416472506444,0.6840309480952759,4152,6535,3,55
4944,9.230864864400232,10.426258906546236,-2.7068164084116644,4152,7093,4,55
4945,4.528741875842415,5.115212497644859,0.5977140837634397,4152,3429,5,55
4946,23.019964769092308,26.00104283053263,-5.500235790814518,4152,17580,6,55
4947,5.3661621059181055,6.061078379185523,0.9939663648123829,4152,4078,7,55
4948,23.4687349580798,26.50792861519711,-4.347079479261611,4152,17835,8,55
4949,4.558162534767367,5.148443122473497,1.0890967456100873,4152,3481,9,55
4950,19.37889458857852,21.88845522832984,-2.5576724266727764,4152,14673,10,55
4951,4.6993730474198845,5.307940351267229,1.3780225646094066,4152,3611,11,55
4952,14.93940636447361,16.87405470172345,-1.1811178604907564,4152,11284,12,55
4953,4.629752668084976,5.229304155116514,1.6124491575368243,4152,3584,13,55
4954,15.433506319044545,17.432140442089665,-0.40639673629858386,4152,11643,14,55
4955,3.648396951476024,4.120863187656966,1.4747509189941632,4152,2849,15,55
4956,8.487919389208084,9.459940748786632,-3.405540995458968,4190,6579,0,94
4957,15.678320154619263,17.473773359791917,0.4097825031474169,4190,11740,1,94
4958,9.04235023552482,10.077864024792826,-3.1259198511623483,4190,6948,2,94
4959,6.906595705482481,7.697526702805347,0.5419911628519263,4190,5178,3,94
4960,9.291944156920646,10.356040996014286,-2.704526700467146,4190,7087,4,94
4961,5.174635350070469,5.767225342700924,0.6778973670912852,4190,3889,5,94
4962,23.302717218352118,25.97130274960212,-5.526516780941277,4190,17664,6,94
4963,5.370448235541721,5.985462369876533,0.9873854202685048,4190,4051,7,94
4964,23.811064122084638,26.53786463227658,-4.377790553799708,4190,17961,8,94
4965,4.501181564142743,5.016648832746967,1.0675087894345354,4190,3412,9,94
4966,19.475736080992917,21.706062571641404,-2.5513972131949454,4190,14637,10,94
4967,5.178944464489424,5.772027929202262,1.507391063474704,4190,3950,11,94
4968,14.930944829503844,16.640809948088656,-1.1716973883670265,4190,11194,12,94
4969,4.609672500608651,5.1375639573713565,1.5935532689719398,4190,3542,13,94
4970,15.654281844331091,17.44698222516873,-0.40915421651567463,4190,11722,14,94
4971,3.642103121406661,4.059190262019253,1.461292328648832,4190,2823,15,94
4972,8.471504669913205,9.438331743188597,-3.3982940621960975,4191,6565,0,94
4973,15.701405486135663,17.493359159535014,0.41030607534053537,4191,11755,1,94
4974,8.30995854400813,9.258348849059514,-2.8721750618624684,4191,6384,2,94
4975,8.742318412455955,9.740052634851533,0.6859150425200218,4191,6553,3,94
4976,9.319979089538489,10.38363996883051,-2.712159060282208,4191,7107,4,94
4977,5.327357750930286,5.9353528950415235,0.6977688764377513,4191,4003,5,94
4978,23.38114044815649,26.049558925173468,-5.5440374410257816,4191,17720,6,94
4979,5.3635370112597895,5.975661184361812,0.985922988147643,4191,4045,7,94
4980,23.850170635730493,26.572118102130016,-4.384127759656776,4191,17987,8,94
4981,4.276426421697246,4.7644819681990525,1.0140082023907766,4191,3241,9,94
4982,19.42895223727985,21.646319489061003,-2.5447733767461234,4191,14599,10,94
4983,5.193065596534742,5.785734385334011,1.5112072433822348,4191,3960,11,94
4984,14.907167090001959,16.60847674985976,-1.1696039501173086,4191,11174,12,94
4985,4.667843254826621,5.2005700145249705,1.6133489617541998,4191,3586,13,94
4986,15.669348171659504,17.45764324121695,-0.4094683598315457,4191,11731,14,94
4987,3.6234554627747575,4.036989418868786,1.4535277572957566,4191,2808,15,94
4988,8.379533368288907,9.208986929939632,-3.3361774913714926,4230,6445,0,134
4989,15.77031900476925,17.331354290621334,0.4090145972641764,4230,11718,1,134
4990,9.07445180354194,9.972692318575854,-3.1128726900104042,4230,6919,2,134
4991,8.846050860320071,9.721682959406063,0.6888458560696267,4230,6581,3,134
4992,9.379871473719046,10.308344153492024,-2.709106116356183,4230,7099,4,134
4993,5.386407332584751,5.919584366454157,0.7002092372346858,4230,4017,5,134
4994,23.74935241741055,26.10019751626382,-5.589090566957369,4230,17864,6,134
4995,5.4067594644719446,5.941951067356005,0.9864104655212635,4230,4047,7,134
4996,24.129350800056283,26.517810286018484,-4.4021644224807375,4230,18061,8,134
4997,5.414862986795408,5.950856722108292,1.2743151522177207,4230,4073,9,134
4998,19.609365404958773,21.550411196172664,-2.549131163883506,4230,14624,10,134
4999,5.122659769489892,5.62972957924899,1.4795329501497285,4230,3877,11,134
5000,15.021215372143564,16.508100147601088,-1.1697086220297945,4230,11175,12,134
5001,4.711003162064265,5.17732487473977,1.6160483744063263,4230,3592,13,134
5002,15.791852125103464,17.355018880879907,-0.4095730742701694,4230,11734,14,134
5003,7.464220491442456,8.20307121253428,2.9717602758671435,4230,5741,15,134
5004,8.288811423428854,9.10609151186411,-3.2994251869669347,4231,6374,0,134
5005,15.864876970109847,17.429160121310087,0.4113881245396469,4231,11786,1,134
5006,9.076192228483775,9.971108376073252,-3.1128726900104042,4231,6919,2,134
5007,8.830269783365129,9.700937880489048,0.6874851212073102,4231,6568,3,134
5008,9.365811898235831,10.289284659942323,-2.704526700467146,4231,7087,4,134
5009,5.315017763600504,5.839080619656341,0.6907964170179386,4231,3963,5,134
5010,23.820392809805895,26.16909297291171,-5.604734013461392,4231,17914,6,134
5011,4.273321730022685,4.694672944691831,0.7794763204193232,4231,3198,7,134
5012,43.089995568493286,47.33868619370778,-7.859841433571582,4231,32247,8,134
5013,5.382658819587711,5.913391110547426,1.266493428965709,4231,4048,9,134
5014,21.940039261857343,24.103335820579886,-2.85156159121788,4231,16359,10,134
5015,5.1355361981860375,5.641902100823461,1.4829675120665062,4231,3886,11,134
5016,14.843941637961994,16.307560161157063,-1.1556825857566857,4231,11041,12,134
5017,4.711906703962092,5.176502570726278,1.6160483744063263,4231,3592,13,134
5018,15.763921109533042,17.31824997290535,-0.40877026357405444,4231,11711,14,134
5019,7.2835947258589595,8.00176004988247,2.8992909432384373,4231,5601,15,134
5020,8.406936591199536,9.1105099225006,-3.321683624845751,4270,6417,0,174
5021,16.861906129101982,18.273072650776125,0.4340064432823664,4270,12434,1,174
5022,9.26543586708941,10.040856676827472,-3.154263684009675,4270,7011,2,174
5023,8.867653228832976,9.609783760608815,0.6852870110451065,4270,6547,3,174
5024,9.44495112697764,10.235395500655882,-2.7071980264024176,4270,7094,4,174
5025,6.016707175887256,6.520243114963254,0.7762090449106437,4270,4453,5,174
5026,24.102457397275636,26.119582905429805,-5.629137790007668,4270,17992,6,174
5027,4.303831902742623,4.664017960568043,0.779232581732513,4270,3197,7,174
5028,43.263136020781886,46.88381144784961,-7.833030178022449,4270,32137,8,174
5029,5.475030201348683,5.93323340009402,1.278695317238847,4270,4087,9,174
5030,22.044144975207853,23.88901109827655,-2.843891885856086,4270,16315,10,174
5031,5.256366936750454,5.696270289905472,1.5066278274931977,4270,3948,11,174
5032,14.863850089080966,16.107800059404482,-1.148669567620131,4270,10974,12,174
5033,7.9174477649026755,8.580055962184193,2.695363533148191,4270,5991,13,174
5034,16.075360724977873,17.42070156042305,-0.41376165181511754,4270,11854,14,174
5035,7.323480683310799,7.936380001056313,2.893596924246182,4270,5590,15,174
5036,8.34956072277991,9.045164218135161,-3.298389910786524,4271,6372,0,174
5037,16.72403272416883,18.11731507824868,0.4303763427434114,4271,12330,1,174
5038,9.063629923224282,9.818722659779908,-3.0849787592717646,4271,6857,2,174
5039,8.888296351409139,9.628782014675869,0.6867524178199089,4271,6561,3,174
5040,9.473370431298733,10.262598727684187,-2.7148303862174794,4271,7114,4,174
5041,5.989465394233985,6.488448897901631,0.7725485037152421,4271,4432,5,174
5042,24.230284179419073,26.24891377303,-5.65792173157507,4271,18084,6,174
5043,4.2992600053173335,4.657432175858072,0.7782576269852718,4271,3193,7,174
5044,43.150136357784085,46.74498244275717,-7.811093696209523,4271,32047,8,174
5045,5.461327046854245,5.916311244131293,1.2752537590079622,4271,4076,9,174
5046,22.0104744756067,23.844171299666932,-2.839011164262217,4271,16287,10,174
5047,5.224069750068166,5.659287996725481,1.4970873777243705,4271,3923,11,174
5048,14.790797068234259,16.023021191317046,-1.1428079405209215,4271,10918,12,174
5049,4.779653755633514,5.177847621082711,1.6268460250148318,4271,3616,13,174
5050,14.816977573302538,16.051382799252927,-0.3813001758417701,4271,10924,14,174
5051,7.369417687525773,7.983365279785336,2.9111966193131535,4271,5624,15,174
5052,8.16369148704724,8.730017094694976,-3.2026268640985918,4308,6187,0,212
5053,16.76965657192078,17.9329888662885,0.42856129247393393,4308,12278,1,212
5054,18.818049215199668,20.123481098980665,-6.360716012627127,4308,14138,2,212
5055,8.897088091939953,9.514290350006393,0.6826702132329593,4308,6522,3,212
5056,19.880772797987117,21.25992716132759,-5.657868330905306,4308,14826,4,212
5057,5.432471398820455,5.809328813244712,0.6958514500973028,4308,3992,5,212
5058,24.507223426809876,26.207320523934126,-5.682951245981507,4308,18164,6,212
5059,5.300039058449931,5.6677094738613585,0.952774526741443,4308,3909,7,212
5060,43.364325711538534,46.372563853289286,-7.795494420253664,4308,31983,8,212
5061,5.632991511062058,6.023759259382568,1.3062277830859277,4308,4175,9,212
5062,22.112281502864118,23.64623844850033,-2.832387327813395,4308,16249,10,212
5063,5.3154851862418,5.684227119081515,1.5127337153452471,4308,3964,11,212
5064,14.788919350616533,15.814845397795048,-1.1347482032595082,4308,10841,12,212
5065,7.944895725387385,8.496043194215279,2.6854656867570608,4308,5969,13,212
5066,14.976322227652007,16.015248649523816,-0.3827312731696274,4308,10965,14,212
5067,3.7473547475697684,4.007313487786282,1.4700921761823178,4308,2840,15,212
5068,8.140140028305131,8.701787013143667,-3.192791740384696,4309,6168,0,212
5069,16.887537316435758,18.052730345320207,0.43149329675539755,4309,12362,1,212
5070,8.424306046469416,9.005559694920688,-2.8469805437759557,4309,6328,2,212
5071,8.868731269051853,9.48064901976447,0.6803674311582698,4309,6500,3,212
5072,19.81205879203424,21.17903565549081,-5.63726095940464,4309,14772,4,212
5073,5.43212414172946,5.806925574488868,0.6956771386118075,4309,3991,5,212
5074,24.619754799597494,26.318449294111865,-5.707980760387944,4309,18244,6,212
5075,5.168129545302254,5.524716086354464,0.928888135434034,4309,3811,7,212
5076,43.263929909151884,46.24902054656691,-7.77599532530884,4309,31903,8,212
5077,5.592209158601842,5.97805601155446,1.2965288462534335,4309,4144,9,212
5078,22.067408847371517,23.589998581605617,-2.826112114335564,4309,16213,10,212
5079,5.2306410295784955,5.591540688898873,1.4883101639370495,4309,3900,11,212
5080,14.868086867516622,15.893943441288219,-1.1406098303587178,4309,10897,12,212
5081,4.631504541034624,4.951065451742901,1.5652094361246127,4309,3479,13,212
5082,14.947697242876563,15.979046710766356,-0.38192846247351236,4309,10942,14,212
5083,3.736176462407884,3.9939622299302404,1.4654334333704724,4309,2831,15,212
5084,8.123411528783956,8.566276231839671,-3.1632863692430084,4348,6111,0,252
5085,16.906826707940503,17.828537588042543,0.428875435789805,4348,12287,1,252
5086,9.469652431404258,9.98591026190007,-3.1772086915527495,4348,7062,2,252
5087,8.905571715506827,9.391077510621914,0.6782739929085521,4348,6480,3,252
5088,19.870652003832884,20.953941994499925,-5.613219025987195,4348,14709,4,252
5089,5.460556757779584,5.758250385448716,0.694282646727845,4348,3983,5,252
5090,24.928815970067955,26.287862307065165,-5.738016177675668,4348,18340,6,252
5091,5.008919048920591,5.281990705991054,0.8937897645333517,4348,3667,7,252
5092,43.46845674769565,45.83823022545767,-7.756496230364016,4348,31823,8,252
5093,5.616459519537664,5.922652511057429,1.2927744190924677,4348,4132,9,252
5094,22.161662061136578,23.369851237955938,-2.8177451630317885,4348,16165,10,252
5095,5.34017862337014,5.631309586257272,1.5085359174469632,4348,3953,11,252
5096,14.995168670971449,15.81266153061662,-1.14207523713352,4348,10911,12,252
5097,4.666438751244239,4.920839381395107,1.5656593382333004,4348,3480,13,252
5098,15.138675627961376,15.96399206833597,-0.3840227512459864,4348,11002,14,252
5099,7.535856644849656,7.946689569350205,2.93449033337238,4348,5669,15,252
5100,8.09831541572581,8.53682734360371,-3.1529336074389076,4349,6091,0,252
5101,17.05444397727614,17.977917159468902,0.43254044114163454,4349,12392,1,252
5102,9.374830380838157,9.882463725897392,-3.1448157397272327,4349,6990,2,252
5103,8.897588645293673,9.379380048816397,0.6775412895211508,4349,6473,3,252
5104,19.814857525548323,20.887803061515122,-5.59642783439406,4349,14665,4,252
5105,5.354606667351876,5.6445507819227565,0.6806863508592104,4349,3905,5,252
5106,25.09926384325641,26.45835224759908,-5.776186187145485,4349,18462,6,252
5107,4.971587364983605,5.240791544879947,0.8869650813026634,4349,3639,7,252
5108,43.386287427805534,45.735591396194685,-7.740409477034537,4349,31757,8,252
5109,5.287132330539713,5.573422808520899,1.2167472690829158,4349,3889,9,252
5110,22.121861552980235,23.319727980732353,-2.812167195495938,4349,16133,10,252
5111,5.3411613909643725,5.63037746349603,1.5085359174469632,4349,3953,11,252
5112,14.867344166151147,15.672389094391805,-1.132131405447361,4349,10816,12,252
5113,4.657909286502277,4.9101282575166865,1.5625100234724862,4349,3473,13,252
5114,15.178620289330098,16.000520364088327,-0.3849651811935997,4349,11029,14,252
5115,3.7613091957130713,3.9649785839853715,1.4643981571900624,4349,2829,15,252
5116,8.130793495127673,8.455049678221595,-3.1430984837250118,4388,6072,0,36
5117,16.68435801408023,17.349730495900126,0.42014923257116327,4388,12037,1,36
5118,9.394603539360746,9.769260488547712,-3.129069165923162,4388,6955,2,36
5119,8.962609845651247,9.320038878974058,0.6776459614336368,4388,6474,3,36
5120,19.915751252144595,20.709991751345342,-5.5849792946714665,4388,14635,4,36
5121,5.1553672225553795,5.3609633552126725,0.6507047753540158,4388,3733,5,36
5122,25.363669730392022,26.375173311310682,-5.795584060810474,4388,18524,6,36
5123,4.983753410471775,5.182505581379729,0.8828215236268883,4388,3622,7,36
5124,5.327685106939936,5.540153279761923,1.2173730069430766,4388,3891,9,36
5125,22.23312534581277,23.11978276334552,-2.8062406049890978,4388,16099,10,36
5126,5.367114652439923,5.581155276208134,1.5051013555301853,4388,3944,11,36
5127,14.943220678708613,15.539156573933576,-1.1298286233726713,4388,10794,12,36
5128,4.749306404657424,4.938708824979692,1.5818558141460588,4388,3516,13,36
5129,15.149957056899304,15.754137602408269,-0.38150960471901757,4388,10930,14,36
5130,7.74514321077379,8.054019653958118,2.9940187137459597,4388,5784,15,36
5131,8.10682223237223,8.427178057305257,-3.133263360011116,4389,6053,0,36
5132,16.723430723525492,17.38428750458971,0.421056757705902,4389,12063,1,36
5133,8.519499800162572,8.856163329751181,-2.8370826973848255,4389,6306,2,36
5134,9.044546172644358,9.401957864578607,0.6837169323578182,4389,6532,3,36
5135,9.630982606728686,10.011568400947018,-2.700328902568862,4389,7076,4,36
5136,5.5789732237133345,5.799436497500821,0.7040440899155826,4389,4039,5,36
5137,4.724552845763478,4.911252144324679,0.8367549118197426,4389,3433,7,36
5138,27.275244057729786,28.353074933985084,-4.830657033893235,4389,19819,8,36
5139,22.190196791026178,23.067082776021465,-2.800314014482257,4389,16065,10,36
5140,4.898779935837216,5.092364134741165,1.631345046101709,4389,3626,13,36
5141,15.382839037406853,15.99071989977016,-0.3873038036561957,4389,11096,14,36
5142,9.008175505523809,9.36414994439702,3.481633794719109,4389,6726,15,36
5143,8.126230911194071,8.33307554414689,-3.118769493485375,4428,6025,0,76
5144,16.10003473686714,16.509844132153642,0.4025223020695069,4428,11532,1,76
5145,9.474821236610177,9.715992813248558,-3.133118284901352,4428,6964,2,76
5146,9.133432758920506,9.365914652096315,0.6856010267825641,4428,6550,3,76
5147,9.68519878988487,9.931725305149062,-2.696512722661331,4428,7066,4,76
5148,6.914747383973042,7.090754982111699,0.8665023943972175,4428,4971,5,76
5149,25.806461847341314,26.463338102392246,-5.8544034196656,4428,18712,6,76
5150,4.724610824047911,4.844870807110774,0.8309051833362956,4428,3409,7,76
5151,27.457902506904436,28.15681444132551,-4.828950863085564,4428,19812,8,76
5152,4.746998807105002,4.867828652652528,1.0768948573369495,4428,3442,9,76
5153,22.299399580058704,22.867007265788097,-2.794387423975416,4428,16031,10,76
5154,7.297480661951182,7.483230331816248,2.031734182769449,4428,5324,11,76
5155,15.123849115000276,15.50881073536437,-1.1352715628219374,4428,10846,12,76
5156,7.4190408103439545,7.607884665514702,2.453316198674192,4428,5453,13,76
5157,22.16477206750804,22.72895295196594,-0.554148809196626,4428,15876,14,76
5158,4.916201107270106,5.041337818824135,1.8867908387973762,4428,3645,15,76
5159,8.07507444120131,8.277726063830794,-3.098581607967378,4429,5986,0,76
5160,17.199064898479918,17.630691682203814,0.429922580176042,4429,12317,1,76
5161,9.505093368434352,9.743632667159556,-3.142566229183794,4429,6985,2,76
5162,15.501721041274928,15.890751377210337,1.1634283072806413,4429,11115,3,76
5163,9.647175328909407,9.889280308675238,-2.6854458009294917,4429,7037,4,76
5164,5.602629448069062,5.743232727569482,0.7019523520896389,4429,4027,5,76
5165,25.918672325031146,26.56912589562239,-5.878807196211876,4429,18790,6,76
5166,4.780903174547683,4.900884456827034,0.8406547308087073,4429,3449,7,76
5167,27.500242992128587,28.19038757291723,-4.835531807629442,4429,19839,8,76
5168,4.768539128665922,4.888210123532017,1.0815878912881562,4429,3457,9,76
5169,22.256087231378388,22.814624768544572,-2.788460833468575,4429,15997,10,76
5170,4.857175243758141,4.979070645678041,1.3520725412381966,4429,3543,11,76
5171,14.943854337135477,15.318884481044423,-1.1215595422862863,4429,10715,12,76
5172,7.390431221756188,7.575901075926063,2.4434183522830617,4429,5431,13,76
5173,15.43265935357636,15.819956521207807,-0.3857679918897147,4429,11052,14,76
5174,5.034443336879934,5.16078744908395,1.931825352645215,4429,3732,15,76
5175,8.032010675999532,8.125069808159855,-3.061311665472615,4467,5914,0,115
5176,17.32124027529046,17.521924718200317,0.43006219942754026,4467,12321,1,115
5177,19.136272114697388,19.357985574453956,-6.2842326541502125,4467,13968,2,115
5178,15.602558435109447,15.78333017534015,1.1631142915431836,4467,11112,3,115
5179,9.679425780993597,9.791571917163596,-2.6762869691514175,4467,7013,4,115
5180,7.8340840036904025,7.924849951105404,0.9749241383753042,4467,5593,5,115
5181,26.194302968739596,26.497790999339372,-5.90133375917767,4467,18862,6,115
5182,5.226388753406123,5.286941860385643,0.9128013821045546,4467,3745,7,115
5183,4.7841890429067915,4.839618809920694,1.0778334641271907,4467,3445,9,115
5184,24.386090202798126,24.6686282225541,-3.0347629624734576,4467,17410,10,115
5185,4.890090623422262,4.946747369529535,1.3520725412381966,4467,3543,11,115
5186,15.033890673570633,15.208073810958155,-1.1207221669863991,4467,10707,12,115
5187,4.942988959752876,5.00025858767396,1.62324680814533,4467,3608,13,115
5188,15.54005275570658,15.720100303139867,-0.3858378015154639,4467,11054,14,115
5189,5.0033695181573,5.061338717156055,1.9069787243153729,4467,3684,15,115
5190,7.93562565930125,8.024766230434926,-3.0240417229778527,4468,5842,0,115
5191,16.520021031700352,16.70558977865606,0.410096646463288,4468,11749,1,115
5192,19.11361568120329,19.328318174919715,-6.275684514085146,4468,13949,2,115
5193,7.889727134493448,7.978352129301927,0.5880468043457169,4468,5618,3,115
5194,8.413876414813288,8.508389157886738,-2.325961653640081,4468,6095,4,115
5195,5.4720783524866246,5.533545993548694,0.6808606623447057,4468,3906,5,115
5196,26.346159111124283,26.642104480925294,-5.934497865766199,4468,18968,6,115
5197,5.2440611487414515,5.302967481515708,0.9157262463462782,4468,3757,7,115
5198,27.73615626474351,28.04771541793948,-4.843331445607371,4468,19871,8,115
5199,24.491263122931688,24.766372519001095,-3.04731338942912,4468,17482,10,115
5200,4.88267118608607,4.937518039613682,1.3497828332936779,4468,3537,11,115
5201,15.258434552558084,15.429831948178254,-1.1372603291591694,4468,10865,12,115
5202,7.417162641218253,7.500479337647173,2.4353201143266827,4468,5413,13,115
5203,15.187058231627839,15.357653859840333,-0.3770068838581984,4468,10801,14,115
5204,5.069454803237293,5.126399789795129,1.931825352645215,4468,3732,15,115
5205,7.928518052880676,7.909168658722365,-3.000748008918625,4507,5797,0,155
5206,16.61777582129267,16.57722046249093,0.4097126935216677,4507,11738,1,155
5207,19.226800118622553,19.179877486748982,-6.269835786672205,4507,13936,2,155
5208,15.684085752142186,15.645809045800995,1.1610208532934658,4507,11092,3,155
5209,8.47020589358975,8.449534520787923,-2.3255800356493284,4507,6094,4,155
5210,5.5067958434687805,5.493356615278348,0.680512039373715,4507,3904,5,155
5211,26.65835415227415,26.593294957269002,-5.963907545193762,4507,19062,6,155
5212,5.284251698657439,5.271355585125617,0.9164574624067091,4507,3760,7,155
5213,27.850536146886824,27.78256745490275,-4.830169556519615,4507,19817,8,155
5214,5.552075647074199,5.538525914403417,1.2420896524194331,4507,3970,9,155
5215,24.815845100959596,24.755282513471304,-3.0666619643191004,4507,17593,10,155
5216,7.383284165859656,7.365265404401943,2.027154766880412,4507,5312,11,155
5217,15.469157782945864,15.43140560413477,-1.145110722595611,4507,10940,12,155
5218,7.968857454446316,7.94940961276278,2.5986345797803283,4507,5776,13,155
5219,15.369106689040144,15.331598682978491,-0.3789266485662996,4507,10856,14,155
5220,5.206808388358933,5.194101273720207,1.9706482094105928,4507,3807,15,155
5221,7.920322822637219,7.898235933626685,-2.99712454228719,4508,5790,0,155
5222,16.733946527411454,16.687281659332747,0.41250507855163304,4508,11818,1,155
5223,9.917269587750614,9.889613943204642,-3.233446455138716,4508,7187,2,155
5224,5.509902272013052,5.49453716598568,0.4078017710450183,4508,3896,3,155
5225,8.492532998413976,8.468850424110544,-2.3313043055106246,4508,6109,4,155
5226,7.962542667529579,7.940338042784143,0.9838140241355654,4508,5644,5,155
5227,26.79447776348241,26.719757746418733,-5.993317224621324,4508,19156,6,155
5228,5.2486252436180765,5.233988743842795,0.9101202565496413,4508,3734,7,155
5229,27.984702725011324,27.90666360502577,-4.852593515706162,4508,19909,8,155
5230,5.515275935550801,5.4998958443374955,1.2336421913072606,4508,3943,9,155
5231,24.85966767266809,24.79034313463844,-3.0715426859129686,4508,17621,10,155
5232,7.313670994378118,7.293275835856207,2.0076922493520044,4508,5261,11,155
5233,4.903190753867878,4.889517544782431,-0.3628975205885725,4508,3467,12,155
5234,7.808797634211871,7.78702174823919,2.5459960330638642,4508,5659,13,155
5235,15.298151826210304,15.255490865411321,-0.3771115982968221,4508,10804,14,155
5236,5.058610327825982,5.0445037102852295,1.9142256575782433,4508,3698,15,155
5237,7.939484567026268,7.813012696060152,-2.9847012281222693,4546,5766,0,194
5238,15.665524869020096,15.415981183516939,0.38363879830436615,4546,10991,1,194
5239,9.9854193686925,9.82635681755603,-3.234346259356091,4546,7189,2,194
5240,5.549069110958013,5.460675318305803,0.4080111148699901,4546,3898,3,194
5241,8.587694620117027,8.450897099229769,-2.341989609251711,4546,6137,4,194
5242,6.911613829756331,6.801515406481486,0.8483739999057046,4546,4867,5,194
5243,27.120344273468916,26.68833125643304,-6.026481331209854,4546,19262,6,194
5244,5.311520607918208,5.226910839703733,0.9149950302858473,4546,3754,7,194
5245,5.572750629965215,5.483979602998753,1.2383352252584676,4546,3958,9,194
5246,24.97809238783318,24.580204332155915,-3.065964718377119,4546,17589,10,194
5247,7.3254980179750095,7.2088066342623165,1.9977701815924243,4546,5235,11,194
5248,4.932664050659188,4.854089270890099,-0.3626881767636007,4546,3465,12,194
5249,7.713038496918829,7.5901737943926335,2.498306409542965,4546,5553,13,194
5250,15.428924275056191,15.183149514290866,-0.37784459936718806,4546,10825,14,194
5251,5.096086087853663,5.014908079798582,1.9157785718488585,4546,3701,15,194
5252,7.895400972694191,7.766919333650204,-2.967619171145503,4547,5733,0,194
5253,15.65681083020836,15.402027985787429,0.38335955980136965,4547,10983,1,194
5254,8.488161107624583,8.350033499495659,-2.7489018840820303,4547,6110,2,194
5255,15.770150003579094,15.513522793962155,1.1593461026936918,4547,11076,3,194
5256,20.200013468942497,19.87129921514131,-5.507892460539343,4547,14433,4,194
5257,4.880292499072789,4.800875635830062,0.5989342641619069,4547,3436,5,194
5258,27.260190316087158,26.816586002059932,-6.056516748497579,4547,19358,6,194
5259,5.339320441058965,5.252433828964047,0.9196260653352429,4547,3773,7,194
5260,5.553992695869808,5.463612728180823,1.233955060237341,4547,3944,9,194
5261,24.922727730276552,24.517160879484898,-3.0586436359863156,4547,17547,10,194
5262,5.441533455778315,5.3529835341557135,1.4837307480480124,4547,3888,11,194
5263,4.934934986674353,4.8546289277602765,-0.36279284867608663,4547,3466,12,194
5264,7.6879678509974525,7.562861765336984,2.489758269477898,4547,5534,13,194
5265,15.400211909199758,15.14960469183844,-0.37707669348394757,4547,10803,14,194
5266,4.91379568647704,4.833833626803406,1.846932705851588,4547,3568,15,194
5267,7.912039663181045,7.678017949386181,-2.954160580800172,4586,5707,0,234
5268,4.831853645745031,4.688937442197008,0.11752450494866716,4586,3367,1,234
5269,19.26006515302574,18.69039239520495,-6.196051840847418,4586,13772,2,234
5270,15.851014725230254,15.382174604439628,1.1575666801814317,4586,11059,3,234
5271,10.155426317834165,9.855049882377632,-2.75070247734827,4586,7208,4,234
5272,4.904278800061751,4.759220410749173,0.597888395248935,4586,3430,5,234
5273,27.575347434908977,26.759725883460423,-6.085926427925142,4586,19452,6,234
5274,5.343607848420947,5.185555017574497,0.9142638142254164,4586,3751,7,234
5275,28.561448614500552,27.716660236563875,-4.8867169318596035,4586,20049,8,234
5276,5.585382937155119,5.420178900927106,1.2327035845170193,4586,3940,9,234
5277,25.04327789594215,24.302549706784774,-3.053065668450466,4586,17515,10,234
5278,5.563787254318412,5.399221973572319,1.5070094454839509,4586,3949,11,234
5279,4.972164760088954,4.825098444958954,-0.3631068644135443,4586,3469,12,234
5280,5.377211045119371,5.218164301449538,1.729873607904322,4586,3845,13,234
5281,15.662266317095716,15.199008982518013,-0.3809511277130245,4586,10914,14,234
5282,5.223859374604202,5.069348455105508,1.9504603238925964,4586,3768,15,234
5283,7.869008110123838,7.633592873104753,-2.93759616191361,4587,5675,0,234
5284,4.862813351184728,4.717333725083452,0.11825750601903307,4587,3388,1,234
5285,10.286269705156272,9.97853783008473,-3.3085801072895666,4587,7354,2,234
5286,4.869790768922502,4.724102401080523,0.3555704867145604,4587,3397,3,234
5287,10.162782789945405,9.858745243435516,-2.752228949311282,4587,7212,4,234
5288,4.897959060822772,4.751427988916784,0.5970168378214585,4587,3425,5,234
5289,27.74165236383546,26.911711972983507,-6.121593485954314,4587,19566,6,234
5290,5.559661160325507,5.393334104680468,0.9510683559337709,4587,3902,7,234
5291,25.146709333312373,24.394401233599588,-4.301744083514896,4587,17649,8,234
5292,5.786245696453672,5.613139965335057,1.2768181036583646,4587,4081,9,234
5293,24.998897034231497,24.251010999782274,-3.047139077943625,4587,17481,10,234
5294,5.504136103373094,5.3394701776010995,1.490599871881568,4587,3906,11,234
5295,4.968706153984513,4.820058558182247,-0.36279284867608663,4587,3466,12,234
5296,5.035432545357979,4.8847887120349505,1.6196475912758281,4587,3600,13,234
5297,15.765390156261232,15.293740742714474,-0.3833944646142442,4587,10984,14,234
5298,5.002886565872565,4.853216402847921,1.8676382294597897,4587,3608,15,234
5299,7.870539239947069,7.531770153147121,-2.918961190666229,4626,5639,0,18
5300,5.586845194627696,5.346372415447519,0.13497691138595067,4626,3867,1,18
5301,8.58558651117989,8.216039874874202,-2.7435030587777773,4626,6098,2,18
5302,15.895966884807555,15.21176189945706,1.1530657879445385,4626,11016,3,18
5303,20.29760637168307,19.423943034886577,-5.4609534476767125,4626,14310,4,18
5304,7.139774876979098,6.832459845404757,0.864584968056769,4626,4960,5,18
5305,28.08688893908845,26.877954020289852,-6.157260543983487,4626,19680,6,18
5306,5.35960055598137,5.128908994627244,0.9108514726100723,4626,3737,7,18
5307,7.940825714282933,7.599031309394955,1.7408027269676891,4626,5564,9,18
5308,25.11444602392224,24.033453008624353,-3.041212487436784,4626,17447,10,18
5309,5.567302935629354,5.327671307612147,1.497850613705877,4626,3925,11,18
5310,15.55397849049933,14.884493601511222,-1.128258544685383,4626,10779,12,18
5311,5.109395449175438,4.889473385686861,1.6326947524277722,4626,3629,13,18
5312,15.538277752319853,14.869468665150782,-0.3754012624659684,4626,10755,14,18
5313,5.014869212472037,4.799015811359745,1.8598736581067141,4626,3593,15,18
5314,7.816015012096682,7.476979832729613,-2.8982556670580273,4627,5599,0,18
5315,5.621013008833476,5.3771904022078445,0.13577972208206573,4627,3890,1,18
5316,8.651796167540187,8.276507320094327,-2.7641985557774134,4627,6144,2,18
5317,8.870091533127491,8.485333690507959,0.6433135741382655,4627,6146,3,18
5318,20.2314819374272,19.35390121414284,-5.442254166129811,4627,14261,4,18
5319,7.054584588994513,6.7485779669769945,0.8541262789270501,4627,4900,5,18
5320,25.328099004495826,24.229442390386716,-5.551546295347713,4627,17744,6,18
5321,5.376274458283894,5.143067872514823,0.9135325981649856,4627,3748,7,18
5322,26.69489532248219,25.536951202641635,-4.535976961539589,4627,18610,8,18
5323,5.852412416503205,5.59855240084454,1.282762613329893,4627,4100,9,18
5324,16.031183550704878,15.335799114752826,-1.9409583909903474,4627,11135,10,18
5325,5.122774088496573,4.900563584900764,1.3780225646094066,4627,3611,11,18
5326,15.537814097893031,14.863830542142644,-1.1268978098230664,4627,10766,12,18
5327,5.049697437630064,4.830656778948284,1.6133489617541998,4627,3586,13,18
5328,19.17646880211544,18.344651369588764,-0.46322177165837897,4627,13271,14,18
5329,4.99197529617034,4.775438450051991,1.8510738105732283,4627,3576,15,18
5330,7.814741862898968,7.37454752505394,-2.879103057720441,4666,5562,0,58
5331,16.13037371508872,15.221770551826676,0.3871292795918229,4666,11091,1,58
5332,19.292377333566968,18.205662581525804,-6.124067503457381,4666,13612,2,58
5333,9.006083518559638,8.498782440599435,0.6489658574125035,4666,6200,3,58
5334,20.27850616332823,19.136244045185634,-5.419738704675378,4666,14202,4,58
5335,7.214832062579779,6.808429870649637,0.86789688628118,4666,4979,5,58
5336,25.400488093133443,23.96971133386764,-5.531522683822564,4666,17680,6,58
5337,5.405382412149235,5.1009041870895375,0.9125576434177444,4666,3744,7,58
5338,26.473957609930693,24.982713696223513,-4.469436300040378,4666,18337,8,58
5339,7.847141740084552,7.405122358913181,1.708890096099482,4666,5462,9,58
5340,16.20910051255622,15.296062770252428,-1.9498482767506085,4666,11186,10,58
5341,5.113176353392366,4.825157719040258,1.366574024886814,4666,3581,11,58
5342,15.971272304284392,15.071631118450126,-1.1508676777823348,4666,10995,12,58
5343,5.095217199101767,4.808210180765888,1.6173980807323896,4666,3595,13,58
5344,16.032931190617443,15.129816839179268,-0.3847906571292269,4666,11024,14,58
5345,5.032794921413898,4.74930406953312,1.8541796391144587,4666,3582,15,58
5346,7.773871192331846,7.333414424283054,-2.8635739150142894,4667,5532,0,58
5347,16.103938058510593,15.191511246357317,0.3864311833343315,4667,11071,1,58
5348,10.004997344503202,9.438128060761601,-3.1754090831179984,4667,7058,2,58
5349,16.206355891042353,15.288126226437395,1.1676151837800768,4667,11155,3,58
5350,20.219009453413125,19.07342839904953,-5.402947513082243,4667,14158,4,58
5351,7.4058773783088805,6.986270629764706,0.8907316908810665,4667,5110,5,58
5352,5.627202014906181,5.30837254740895,0.9498496624997195,4667,3897,7,58
5353,25.38666631359137,23.948292983319668,-4.285169852811795,4667,17581,8,58
5354,7.872861626697175,7.426796197826821,1.7142088679108498,4667,5479,9,58
5355,15.984231233927327,15.078586844554781,-1.9224813735278439,4667,11029,10,58
5356,5.0854564672696805,4.797321551703303,1.358941665071752,4667,3561,11,58
5357,16.20490305770385,15.286755708622385,-1.1675105118675908,4667,11154,12,58
5358,5.084715992452961,4.796623031163484,1.6137988638628875,4667,3587,13,58
5359,16.05157225866357,15.142112420156536,-0.38517461007084713,4667,11035,14,58
5360,4.98303457122356,4.700702738341959,1.8355446678670773,4667,3546,15,58
5361,7.789665786586821,7.248744938577644,-2.8511506008493686,4706,5508,0,98
5362,16.059114422081375,14.943956207408485,0.38290579723400026,4706,10970,1,98
5363,10.417101038712044,9.693728909273561,-3.2851851976378046,4706,7302,2,98
5364,16.3451337065121,15.210114075686075,1.1701273096797382,4706,11179,3,98
5365,20.36130387703334,18.94739806111215,-5.40638207499902,4706,14167,4,98
5366,7.480972188264522,6.961487279556749,0.8940436091054775,4706,5129,5,98
5367,5.67047042919253,5.276708263112005,0.9510683559337709,4706,3902,7,98
5368,26.58378153798538,24.73778171632699,-4.458711797820725,4706,18293,8,98
5369,5.148148196101313,4.790656518768103,1.1138133910864438,4706,3560,9,98
5370,16.150673628514923,15.029157466666383,-1.9301510788896379,4706,11073,10,98
5371,5.27177684908296,4.905700295627823,1.3997747900823327,4706,3668,11,98
5372,17.250191203992287,16.052323630462862,-1.2349192235085025,4706,11798,12,98
5373,7.959053231302996,7.406369978750643,2.5100038643688456,4706,5579,13,98
5374,16.164516084651098,15.042038691176344,-0.3854189437609691,4706,11042,14,98
5375,5.019158292773534,4.670623781229495,1.8370975821376923,4706,3549,15,98
5376,7.75698340164703,7.215806254217584,-2.8387272866844473,4707,5484,0,98
5377,16.010477149787715,14.893483093687669,0.3816841287833904,4707,10935,1,98
5378,10.43448800556245,9.706510883355632,-3.290134120833369,4707,7313,2,98
5379,16.213250462695722,15.082109633633513,1.1604974937310364,4707,11087,3,98
5380,20.35167329884343,18.931809425092514,-5.402947513082243,4707,14158,4,98
5381,7.59743231205924,7.067386476772869,0.9078142164596075,4707,5208,5,98
5382,26.46809316943063,24.62150843182659,-5.72550142047245,4707,18300,6,98
5383,5.8676080693953105,5.458245920115073,0.9839730786531607,4707,4037,7,98
5384,26.68257343025988,24.821025167568127,-4.474554812463395,4707,18358,8,98
5385,5.107040272199976,4.750740233485229,1.1047401921141105,4707,3531,9,98
5386,26.716469923781283,24.852556823275403,-3.1923405453612235,4707,18314,10,98
5387,7.802576823430015,7.258218785096918,2.0714224538077706,4707,5428,11,98
5388,24.482929489172164,22.774842562126118,-1.7524171588387312,4707,16742,12,98
5389,7.957492083552822,7.402326158413013,2.5091040601514703,4707,5577,13,98
5390,15.972409257159047,14.858071062554986,-0.3807766036486517,4707,10909,14,98
5391,5.019973393954287,4.669747701717397,1.8370975821376923,4707,3549,15,98
5392,7.7489838013454735,7.11059402506669,-2.8180217630762456,4746,5444,0,138
5393,16.03633947555944,14.715206868680657,0.3799039833267875,4746,10884,1,138
5394,8.554749362940706,7.849977657135807,-2.6805167635614953,4746,5958,2,138
5395,9.31517406711888,8.547755778326819,0.6625732060356688,4746,6330,3,138
5396,8.494063077700389,7.794290931199128,-2.2408608417021423,4746,5872,4,138
5397,7.712890271718575,7.0774740131157,0.9158325447923921,4746,5254,5,138
5398,26.562298584602065,24.373998765478678,-5.709857973968426,4746,18250,6,138
5399,5.702782436910933,5.232966252312119,0.95033713987334,4746,3899,7,138
5400,25.500900689290106,23.400042731228982,-4.249584004537492,4746,17435,8,138
5401,5.1305261649710845,4.70785455607191,1.1028629785336277,4746,3525,9,138
5402,26.912907756265064,24.695723464493746,-3.1956524635856347,4746,18333,10,138
5403,5.336273619488545,4.896651778813621,1.4077887678881476,4746,3689,11,138
5404,24.755111873155414,22.715694739812594,-1.760790911837602,4746,16822,12,138
5405,8.204403803263377,7.528494852781806,2.5707406490416895,4746,5714,13,138
5406,16.263241008014067,14.923415418641776,-0.38527932450947083,4746,11038,14,138
5407,7.616607700404046,6.9891235540286285,2.769881420687177,4746,5351,15,138
5408,7.707515909793161,7.0700648945435045,-2.8024926203700944,4747,5414,0,138
5409,16.12879849318437,14.794864305494395,0.38203317691213606,4747,10945,1,138
5410,8.55755538459283,7.84980175400574,-2.680966665670183,4747,5959,2,138
5411,9.309306654357828,8.539379346059865,0.6620498464732394,4747,6325,3,138
5412,20.36326346563351,18.679117351387905,-5.371273219849737,4747,14075,4,138
5413,7.725871314979438,7.0869022137720945,0.9172270366763546,4747,5262,5,138
5414,26.441361916927985,24.254525951125657,-5.682951245981507,4747,18164,6,138
5415,5.7607472603166245,5.284303976557765,0.9598429486589416,4747,3938,7,138
5416,25.4610985438829,23.355335376330096,-4.242271843933184,4747,17405,8,138
5417,5.1313477624516155,4.7069590386323465,1.1028629785336277,4747,3525,9,138
5418,26.868765690635446,24.646581245159506,-3.189900184564289,4747,18300,10,138
5419,5.345808774814623,4.903683027593486,1.4100784758326663,4747,3695,11,138
5420,15.794177028919187,14.487917749022674,-1.1232342928860604,4747,10731,12,138
5421,7.536507913801504,6.913200135093493,2.3610862663932073,4747,5248,13,138
5422,16.35131549386695,14.998978011307976,-0.3873038036561957,4747,11096,14,138
5423,7.677619745385023,7.0426412959499665,2.7916222204757886,4747,5393,15,138
5424,7.722726856210436,6.9902704607584605,-2.791104582385584,4785,5392,0,177
5425,16.223601193957098,14.684885572774654,0.3819633672863869,4785,10943,1,177
5426,8.607983873412618,7.79156592190133,-2.6805167635614953,4785,5958,2,177
5427,9.377582796580388,8.488172796573448,0.6628872217731265,4785,6333,3,177
5428,20.467777303994204,18.526525895504815,-5.366312185969947,4785,14062,4,177
5429,7.793383108444418,7.054225372288436,0.919667397473289,4785,5276,5,177
5430,5.701476507787927,5.16072412726185,0.9442436727030826,4785,3874,7,177
5431,25.600718599114863,23.172637117635485,-4.239834457065081,4785,17395,8,177
5432,5.174168616925378,4.683428368671462,1.1053659299742713,4785,3533,9,177
5433,26.746548132032427,24.209791284311358,-3.1562580678636927,4785,18107,10,177
5434,5.19481561640985,4.702117118550468,1.3619946089977768,4785,3569,11,177
5435,15.969876908435097,14.455225582037679,-1.1288865761602984,4785,10785,12,177
5436,8.183219311683294,7.407087845191194,2.548245543607303,4785,5664,13,177
5437,16.36444393483491,14.8123701866295,-0.38527932450947083,4785,11038,14,177
5438,7.639655981273454,6.915078382360095,2.7610815731536915,4785,5334,15,177
5439,7.680972289639559,6.950037529714323,-2.7755754396794323,4786,5362,0,177
5440,16.261750887467983,14.714254225238363,0.38280108279537656,4786,10967,1,177
5441,10.445945800644477,9.45189132445727,-3.2523423437036003,4786,7229,2,177
5442,16.22120468963846,14.677566474524498,1.1464714574579273,4786,10953,3,177
5443,20.40404515016444,18.462360519501754,-5.348757758395304,4786,14016,4,177
5444,7.83154848201659,7.0862846282116605,0.924025184610672,4786,5301,5,177
5445,21.37080243950654,19.337119493976296,-4.564757689873937,4786,14590,6,177
5446,5.697961254050115,5.1557332932865885,0.9435124566426517,4786,3871,7,177
5447,25.551771999239463,23.120220676352854,-4.231059864339911,4786,17359,8,177
5448,7.987319102304947,7.22723184377332,1.706074275728758,4786,5453,9,177
5449,16.116650139656475,14.58296151842313,-1.901563995268406,4786,10909,10,177
5450,5.181078530924318,4.688038034311269,1.3581784290902459,4786,3559,11,177
5451,15.953146801495981,14.43501744394941,-1.1275258412979818,4786,10772,12,177
5452,7.405653925619442,6.700918942847353,2.3057483070246163,4786,5125,13,177
5453,16.35516661701211,14.798780350540634,-0.38500008600647423,4786,11030,14,177
5454,5.2471841657869644,4.747852941317338,1.896108324421067,4786,3663,15,177
5455,7.694952131278881,6.868007362770054,-2.7636697636047165,4825,5339,0,217
5456,16.55845929390524,14.778989967253878,0.3874085180948194,4825,11099,1,217
5457,10.211996546911063,9.114555396345413,-3.160112411422616,4825,7024,2,217
5458,16.38182802672554,14.62134053386046,1.1507630058698488,4825,10994,3,217
5459,20.41206476805002,18.218464354892294,-5.318228319135057,4825,13936,4,217
5460,8.811597368287263,7.864651341645735,1.0333184860162352,4825,5928,5,217
5461,22.089953935146834,19.716037693482743,-4.689592392976041,4825,14989,6,217
5462,5.210132505202574,4.650221053524837,0.8574727001986177,4825,3518,7,217
5463,26.700818344598403,23.83139152188723,-4.394364784502808,4825,18029,8,217
5464,5.203791269931514,4.644561284654585,1.1047401921141105,4825,3531,9,217
5465,16.25121356738945,14.504762671763299,-1.9057474709202935,4825,10933,10,217
5466,5.240698029569674,4.677501827052571,1.3654291709145547,4825,3578,11,217
5467,16.19258915466859,14.452438382887179,-1.1374696729841411,4825,10867,12,217
5468,7.4089314355152025,6.612724131517116,2.2927011458726723,4825,5096,13,217
5469,17.055257829347212,15.222399613086434,-0.39903182078205024,4825,11432,14,217
5470,5.286586330311095,4.718458701374894,1.8986965148720922,4825,3668,15,217
5471,7.635607847454609,6.812646648496893,-2.7419289638161044,4826,5297,0,217
5472,18.509747015194318,16.514777668895803,0.432994203709004,4826,12405,1,217
5473,10.0332789794314,8.951898234983837,-3.1043245499453374,4826,6900,2,217
5474,7.843459184026842,6.99809589363544,0.5508882754132267,4826,5263,3,217
5475,20.265821467603267,18.081583478167815,-5.2793032840782415,4826,13834,4,217
5476,8.80404986468171,7.855154691295182,1.0322726171032632,4826,5922,5,217
5477,21.94747128091109,19.58198609095994,-4.658618368898075,4826,14890,6,217
5478,5.277599097078828,4.7087826560933195,0.868440941105081,4826,3563,7,217
5479,26.74052666280216,23.85844886063786,-4.400214512986255,4826,18053,8,217
5480,5.2104977151122025,4.6489134205200395,1.1059916678344324,4826,3535,9,217
5481,16.23590485852566,14.486008845598562,-1.9036557330943495,4826,10921,10,217
5482,5.2532337561677975,4.687043396899652,1.3684821148405792,4826,3586,11,217
5483,15.993920570582572,14.270105477958493,-1.1233389647985463,4826,10732,12,217
5484,7.485698577697512,6.6788945092314185,2.316096055524434,4826,5148,13,217
5485,16.4819561088139,14.705540840840229,-0.3855585630124673,4826,11046,14,217
5486,5.272994809512735,4.704674615858341,1.8935201339700416,4826,3658,15,217
5487,7.651348246792118,6.733713175265233,-2.7310585639217986,4865,5276,0,1
5488,17.039520823054108,14.995951323286192,0.3962045309392103,4865,11351,1,1
5489,9.897951703849513,8.710878873444809,-3.0440376673811813,4865,6766,2,1
5490,7.88641368726761,6.940586944766311,0.550574259675769,4865,5260,3,1
5491,20.2439969276951,17.81611089120161,-5.241904720984439,4865,13736,4,1
5492,8.513311443579164,7.492300125902611,0.9921809754393406,4865,5692,5,1
5493,21.72584113423282,19.120235802969546,-4.583842694608845,4865,14651,6,1
5494,5.245450311061261,4.616357370036198,0.8579601775722382,4865,3520,7,1
5495,25.70419670894764,22.62146257833931,-4.2042486087907776,4865,17249,8,1
5496,8.391682136278993,7.385257962528472,1.7705252753253329,4865,5659,9,1
5497,16.296739544841635,14.34225266546642,-1.899297945956967,4865,10896,10,1
5498,7.79046066975803,6.8561416839612495,2.017232699120832,4865,5286,11,1
5499,16.170146695281595,14.230842243213818,-1.1288865761602984,4865,10785,12,1
5500,7.517820544794953,6.616199605473377,2.3120469365462446,4865,5139,13,1
5501,16.437560832740946,14.466185092941927,-0.38220770097650897,4865,10950,14,1
5502,5.3092467648798225,4.672502641138366,1.8950730482406568,4865,3661,15,1
5503,7.629316339009258,6.71196104896468,-2.722776354478518,4866,5260,0,1
5504,18.675636747921924,16.430062779772392,0.4341809673467392,4866,12439,1,1
5505,10.205264029057197,8.978174663855572,-3.138067208096917,4866,6975,2,1
5506,16.48753537724562,14.50506052287649,1.1508676777823348,4866,10995,3,1
5507,20.18814541223602,17.760706154617186,-5.2266400013543155,4866,13696,4,1
5508,8.59838893571922,7.56451155725583,1.0019424186270782,4866,5748,5,1
5509,21.674302507348354,19.06816649467851,-4.572266544195868,4866,14614,6,1
5510,8.75916083659226,7.705952112146754,1.4324522623841034,4866,5877,7,1
5511,25.660451271670738,22.5750174433947,-4.196448970812848,4866,17217,8,1
5512,8.409285289220279,7.398145889203993,1.773966833556218,4866,5670,9,1
5513,16.288771245832738,14.330195954585722,-1.8980777655584995,4866,10889,10,1
5514,7.650151481418294,6.7302909566634925,1.9805973720085353,4866,5190,11,1
5515,16.216117105005377,14.266277807584025,-1.131922061622389,4866,10814,12,1
5516,5.927100298453148,5.2144208692873,1.8225534422939944,4866,4051,13,1
5517,16.386035812108684,14.415765349178864,-0.3809511277130245,4866,10914,14,1
5518,5.346323198781012,4.703476887164222,1.9080140004957828,4866,3686,15,1
5519,7.636889711757439,6.626955317746283,-2.709317764133187,4905,5234,0,41
5520,16.86891551392335,14.638099224806215,0.3898518549960391,4905,11169,1,41
5521,10.27938626951618,8.919997024058375,-3.1421163270751062,4905,6984,2,41
5522,16.549681635801736,14.361082176495856,1.1483555518826736,4905,10971,3,41
5523,20.287810746323707,17.60486538175246,-5.221297349483772,4905,13682,4,41
5524,8.839286093848665,7.670341748490568,1.0239056657994883,4905,5874,5,41
5525,21.69915466337907,18.829567247212108,-4.550365719090236,4905,14544,6,41
5526,8.779924882077864,7.618830712864804,1.4273337499610872,4905,5856,7,41
5527,19.712850469528647,17.105940268570087,-3.204676254181758,4905,13148,8,41
5528,5.875362421918783,5.098379800572145,1.2320778466568583,4905,3938,9,41
5529,16.52738835014298,14.341737048633282,-1.9144630451950593,4905,10983,10,41
5530,16.15143936510156,14.01550513752084,-1.1207221669863991,4905,10707,12,41
5531,5.966871697683076,5.177787505087723,1.8239031486200576,4905,4054,13,41
5532,16.430918781983358,14.25802502163728,-0.37972945926241464,4905,10879,14,41
5533,5.417610145157695,4.701162608863575,1.921990228931319,4905,3713,15,41
5534,7.603022696274166,6.595241178734125,-2.696894449968266,4906,5210,0,41
5535,16.761199040937218,14.539500214029326,0.3873038036561957,4906,11096,1,41
5536,10.223532182243284,8.868401836217936,-3.124570144836285,4906,6945,2,41
5537,7.994717300043486,6.935016618511954,0.5546564642627188,4906,5299,3,41
5538,10.502852936202896,9.110698592676686,-2.7026186105133805,4906,7082,4,41
5539,8.878250770350883,7.70143762748997,1.028263452936871,4906,5899,5,41
5540,21.633799879481273,18.76623726081577,-4.535973748306534,4906,14498,6,41
5541,8.82773995118069,7.6576220231085586,1.4348896492522065,4906,5887,7,41
5542,19.628862911662175,17.027054914640907,-3.190539410346761,4906,13090,8,41
5543,8.665159049534264,7.516591238347163,1.8168298769772415,4906,5807,9,41
5544,16.471194512751325,14.287935818825265,-1.9076648972607422,4906,10944,10,41
5545,8.491857654998276,7.366260963240145,2.185144615052191,4906,5726,11,41
5546,16.11616723892518,13.9799674502632,-1.118105369174252,4906,10682,12,41
5547,5.3863073081106085,4.6723516657626245,1.6461918156884041,4906,3659,13,41
5548,16.376005659949566,14.205364259218811,-0.37840307637318116,4906,10841,14,41
5549,5.44032027096163,4.719205204284226,1.9297548002843947,4906,3728,15,41
5550,7.602233821551619,6.504403177629152,-2.68084766917191,4945,5179,0,81
5551,16.785324350838174,14.361373197390613,0.38559346782534193,4945,11047,1,81
5552,10.440617405854837,8.932898753854955,-3.1722597683571845,4945,7051,2,81
5553,16.88324644319831,14.44515446269473,1.1644750264055002,4945,11125,3,81
5554,10.452741924020776,8.943272383019345,-2.673997261206899,4945,7007,4,81
5555,9.469413341072396,8.10194525342606,1.0903183417732036,4945,6255,5,81
5556,21.67998317099001,18.54919945089938,-4.51907882608219,4945,14444,6,81
5557,5.226434147523027,4.471690252468442,0.844554549797672,4945,3465,7,81
5558,19.83933285494095,16.974355524016577,-3.2058949476158096,4945,13153,8,81
5559,8.738636251834937,7.476698920183894,1.8215229109284483,4945,5822,9,81
5560,45.35478086094131,38.805144340110516,-5.222197793954182,4945,29959,10,81
5561,8.253891974540737,7.061956057549026,2.111492342836845,4945,5533,11,81
5562,16.03339313909125,13.71802758637032,-1.105858755413403,4945,10565,12,81
5563,5.416505243315416,4.634313379889579,1.6457419135797162,4945,3658,13,81
5564,16.429773893872834,14.057167410462993,-0.37742574161269327,4945,10813,14,81
5565,5.235985333360615,4.479862161537592,1.846415067761383,4945,3567,15,81
5566,7.551984904124996,6.459128049941033,-2.6627303360147336,4946,5144,0,81
5567,16.754397815676572,14.329848677530691,0.38482556194210144,4946,11025,1,81
5568,10.085267454177146,8.6258162233417,-3.0638333601634415,4946,6810,2,81
5569,16.872106945051065,14.430523976664519,1.163532979193127,4946,11116,3,81
5570,10.506521954305835,8.986110476109458,-2.687353890883257,4946,7042,4,81
5571,5.302451964852999,4.535127738528657,0.6104388222045979,4946,3502,5,81
5572,21.579638024292215,18.456822549280474,-4.497490869906637,4946,14375,6,81
5573,5.237774554439899,4.479809874271723,0.8462607206053441,4946,3472,7,81
5574,19.81514077550924,16.947667827926004,-3.201507651253224,4946,13135,8,81
5575,8.783475622965826,7.512408259884525,1.8305961099007817,4946,5851,9,81
5576,20.302849342294074,17.364799499123574,-2.337342709006697,4946,13409,10,81
5577,5.350239666023959,4.576000023761504,1.3684821148405792,4946,3586,11,81
5578,16.1298920929343,13.79571593199117,-1.1123484139875282,4946,10627,12,81
5579,7.5350720714909425,6.444662693738996,2.2891019290031704,4946,5088,13,81
5580,17.299960520060054,14.79646234421854,-0.397356389764071,4946,11384,14,81
5581,5.24263959810077,4.483970891590092,1.8484856201222033,4946,3571,15,81
5582,7.550000030376798,6.368959232076069,-2.6466835552183774,4985,5113,0,121
5583,16.880590333309712,14.239972346180421,0.38548875338671823,4985,11044,1,121
5584,10.18694400836375,8.593408056645043,-3.0768805213153856,4985,6839,2,121
5585,17.623335412614523,14.866530374112157,1.2083325577370871,4985,11544,3,121
5586,10.420382747663202,8.790330150393864,-2.649955327789454,4985,6944,4,121
5587,5.299694707714255,4.470667470208851,0.6066039695237009,4985,3480,5,121
5588,21.594546267003857,18.216527716075262,-4.474651438010763,4985,14302,6,121
5589,5.260559462992699,4.4376541222398345,0.8450420271712926,4985,3467,7,121
5590,19.788928905783322,16.693361713946327,-3.1788399533798666,4985,13042,8,121
5591,8.597353268376448,7.252475794667357,1.781475687878149,4985,5694,9,121
5592,20.37793531147254,17.190230292777194,-2.332461987412828,4985,13381,10,121
5593,8.655640508139596,7.301645205569096,2.2011725706638208,4985,5768,11,121
5594,16.205102685802423,13.670150720824719,-1.1110923510376975,4985,10615,12,121
5595,8.457591472362825,7.1345768307691975,2.554544173128931,4985,5678,13,121
5596,17.491984405504923,14.755726505766818,-0.39945067853654503,4985,11444,14,121
5597,8.325229839871774,7.022920428406976,2.918443552576024,4985,5638,15,121
5598,7.5481578172806705,6.3651506462179,-2.645648279037967,4986,5111,0,121
5599,16.92129317515464,14.269253875706712,0.3863613737085824,4986,11069,1,121
5600,10.146730508012109,8.556454410930689,-3.064283262272129,4986,6811,2,121
5601,17.512943113452156,14.768175742240489,1.2005868362131316,4986,11470,3,121
5602,10.345373335284414,8.72396435852137,-2.6304928102610465,4986,6893,4,121
5603,5.337029905011893,4.500568240769672,0.6107874451755885,4986,3504,5,121
5604,21.517689002413057,18.14526608668183,-4.4580693847165,4986,14249,6,121
5605,5.234018061664922,4.41370123068319,0.8406547308087073,4986,3449,7,121
5606,19.700789352430856,16.61312536292525,-3.164215632171249,4986,12982,8,121
5607,8.36908080927596,7.057412074699326,1.733919610505919,4986,5542,9,121
5608,20.216437765189173,17.04795726590635,-2.3136363469793335,4986,13273,10,121
5609,8.007045806432954,6.752118069448935,2.035931980667733,4986,5335,11,121
5610,16.273142781444907,13.72268675333907,-1.1155932432745905,4986,10658,12,121
5611,8.405205333461213,7.087874876886059,2.5383476972161727,4986,5642,13,121
5612,17.567937588659966,14.814551047034197,-0.40112610955452427,4986,11492,14,121
5613,5.282676680182539,4.454733684508204,1.8515914486634333,4986,3577,15,121
5614,7.563861924186755,6.295265454379999,-2.6368484315044816,5023,5094,0,159
5615,17.039215581400974,14.181430900572654,0.38695475552745,5023,11086,1,159
5616,10.249704538058607,8.530643676838372,-3.0786801297501363,5023,6843,2,159
5617,17.587989310595837,14.63816534843781,1.199226101350815,5023,11457,3,159
5618,10.404512123708358,8.659487230010665,-2.631256046242553,5023,6895,4,159
5619,8.912675286938224,7.417858417081178,1.014492845582741,5023,5820,5,159
5620,21.543317865464264,17.930113755449895,-4.4392972489116715,5023,14189,6,159
5621,8.657269054020759,7.20528842954911,1.3829733089616136,5023,5674,7,159
5622,19.838176284874496,16.510955262777145,-3.169090405907455,5023,13002,8,159
5623,8.390187788043944,6.98300152319516,1.7289137076246315,5023,5526,9,159
5624,20.623195547972006,17.164312594988353,-2.3474527751654253,5023,13467,10,159
5625,16.315366186000922,13.578984142724712,-1.112453085900014,5023,10628,12,159
5626,8.353441795813655,6.9524184985719115,2.5091040601514703,5023,5577,13,159
5627,17.678608841536533,14.713586344794034,-0.4014751576832699,5023,11502,14,159
5628,5.330636888070366,4.436592654343187,1.858320743836099,5023,3590,15,159
5629,7.511497921413881,6.249465037355076,-2.6182134602571,5024,5058,0,159
5630,16.883356142495916,14.046724771759228,0.38335955980136965,5024,10983,1,159
5631,10.173294378133734,8.464043816030316,-3.0552852200983747,5024,6791,2,159
5632,17.314180272823194,14.405164641928614,1.1803851571033552,5024,11277,3,159
5633,10.430170738162142,8.677761485623758,-2.6373619340946024,5024,6911,4,159
5634,9.532740224758776,7.9311113932392185,1.0849146857228489,5024,6224,5,159
5635,21.44774236909031,17.84423259756416,-4.418960768456442,5024,14124,6,159
5636,8.664630483973033,7.208855788513352,1.3839482637088547,5024,5678,7,159
5637,19.792225674027872,16.466865018847866,-3.161290767929526,5024,12970,8,159
5638,8.537185471468828,7.102823255699923,1.7589491249123559,5024,5622,9,159
5639,20.402575921274362,16.974668198801353,-2.322003298283109,5024,13321,10,159
5640,7.885637694530051,6.560744286265972,1.9939540016848933,5024,5225,11,159
5641,16.30238238333215,13.563362433980494,-1.1114063667751553,5024,10618,12,159
5642,8.35315703909199,6.94971408013327,2.508654158042783,5024,5576,13,159
5643,20.95393131005753,17.433388451593377,-0.4757875042932231,5024,13631,14,159
5644,8.543623476056556,7.108179588751237,2.9779719329496035,5024,5753,15,159
5645,7.484741884625286,6.139290372407723,-2.593884470017463,5064,5011,0,200
5646,17.018115369083205,13.958951885375143,0.3841972753103592,5064,11007,1,200
5647,8.844446949035584,7.254575887916998,-2.6409253779969752,5064,5870,2,200
5648,17.364909060920713,14.24340620675704,1.1770356559038069,5064,11245,3,200
5649,10.499605926958816,8.612204746013155,-2.6396516420391207,5064,6917,4,200
5650,9.592498477735727,7.86815824239302,1.0854376201793348,5064,6227,5,200
5651,10.691203946986127,8.769361251589157,-2.190082510563232,5064,7000,6,200
5652,8.521358062465152,6.989565214024791,1.3532371891707577,5064,5552,7,200
5653,20.361011537583337,16.70093157947638,-3.233437419225373,5064,13266,8,200
5654,8.69500343859886,7.131996229328155,1.7811628189480688,5064,5693,9,200
5655,20.138547069124645,16.518457154778215,-2.2787740498802704,5064,13073,10,200
5656,7.913032484781887,6.490591779813009,1.9893745857958562,5064,5213,11,200
5657,16.443001483386723,13.487220034641968,-1.1145465241497317,5064,10648,12,200
5658,8.380377160227585,6.873926931617436,2.5023555285211545,5064,5562,13,200
5659,21.11223452028992,17.317115289797183,-0.47662521980221273,5064,13655,14,200
5660,8.152408941585474,6.686938106685563,2.8252686963391165,5064,5458,15,200
5661,7.458923508618591,6.115935708929469,-2.5845669843937724,5065,4993,0,200
5662,17.054570860645036,13.983875663366927,0.3849651811935997,5065,11029,1,200
5663,8.789956353138642,7.20731455121844,-2.6242789999755294,5065,5833,2,200
5664,17.45851757567113,14.31509130542013,1.1832112987404741,5065,11304,3,200
5665,10.110941902982466,8.290455125851567,-2.541575818415577,5065,6660,4,200
5666,17.22644583010523,14.124804345901097,1.948976719323132,5065,11181,5,200
5667,21.428239590132407,17.57006028247344,-4.388925351168718,5065,14028,6,200
5668,8.491876913108516,6.962904658923463,1.3483624154345517,5065,5532,7,200
5669,44.00517633190199,36.08199346662308,-6.987256934790726,5065,28667,8,200
5670,8.74512914553094,7.170558534157432,1.7911746247106437,5065,5725,9,200
5671,20.033581533749963,16.426512021263928,-2.266572245895598,5065,13003,10,200
5672,8.696017300342877,7.1302893334651305,2.185907851033697,5065,5728,11,200
5673,21.538967277982096,17.6608513221328,-1.4597544915281893,5065,13946,12,200
5674,8.396646116867567,6.884820277625432,2.5068545496080317,5065,5572,13,200
5675,21.240510050033567,17.416131663070825,-0.47945250964505265,5065,13736,14,200
5676,8.156563660536253,6.687964945074085,2.8263039725195265,5065,5460,15,200
5677,7.458768475692533,6.033527988780476,-2.570590755958236,5103,4966,0,239
5678,17.13139253097579,13.857882391614279,0.38461613306485404,5103,11019,1,239
5679,10.563259393920996,8.544804871430609,-3.1367175017708537,5103,6972,2,239
5680,17.68040540774971,14.301988488889105,1.1917943955643169,5103,11386,3,239
5681,10.161124361817963,8.219510825990017,-2.5404309644433174,5103,6657,4,239
5682,17.459158557769744,14.123018050788774,1.9646647530177106,5103,11271,5,239
5683,21.398394873518168,17.309535053286538,-4.359202802811073,5103,13933,6,239
5684,8.585713714006847,6.9451336592542425,1.3559183147256708,5103,5563,7,239
5685,44.14782325888296,35.71194469224657,-6.972145136208487,5103,28605,8,239
5686,8.818602121850379,7.133521156676331,1.7964933965220113,5103,5742,9,239
5687,20.17306555743371,16.318344785327138,-2.2700584756055044,5103,13023,10,239
5688,19.61095475448959,15.8636435469911,4.903027945195696,5103,12848,11,239
5689,26.07494885007317,21.092481179116973,-1.7576507544630258,5103,16792,12,239
5690,8.416366312855871,6.808145591049488,2.49920621376034,5103,5555,13,239
5691,21.4830367540633,17.378003347611045,-0.4823147043007671,5103,13818,14,239
5692,7.3536307807069345,5.948480272466614,2.534356089643883,5103,4896,15,239
5693,7.413253859267976,5.9945702345549865,-2.55454397516188,5104,4935,0,239
5694,23.353544451350793,18.8843475614159,0.5242353845631221,5104,15019,1,239
5695,10.334423260872063,8.356711809277453,-3.0683323812503187,5104,6820,2,239
5696,17.693772578876537,14.307693281771963,1.192527098951718,5104,11393,3,239
5697,10.80372968340857,8.736206477183057,-2.7007105205596154,5104,7077,4,239
5698,17.475566494631416,14.131245567657967,1.966233556387168,5104,11280,5,239
5699,21.41523984300631,17.316978720248237,-4.362018623181798,5104,13942,6,239
5700,8.611622989533474,6.963605971718918,1.3598181337146356,5104,5579,7,239
5701,44.092312367095126,35.65431162970979,-6.962395588736076,5104,28565,8,239
5702,8.789126551547993,7.107140455979085,1.7902360179204022,5104,5722,9,239
5703,20.02408660843183,16.192052212941423,-2.2529759500269635,5104,12925,10,239
5704,19.55113269117049,15.809608075919655,4.887381607574818,5104,12807,11,239
5705,21.416406904477086,17.317922439711698,-1.443425673180391,5104,13790,12,239
5706,8.4024013169407,6.794423311208719,2.494707192673463,5104,5545,13,239
5707,21.296367588101766,17.220855196827497,-0.47805631713006996,5104,13696,14,239
5708,7.393725530965952,5.978779066763858,2.547814679989214,5104,4922,15,239
5709,7.392987329360148,5.893298567355389,-2.5333208134634733,5144,4894,0,24
5710,19.675703308113544,15.68443025147873,0.43920726040067687,5144,12583,1,24
5711,10.354416080905697,8.253992971564376,-3.0570848285331254,5144,6795,2,24
5712,17.777609441408043,14.171370189690457,1.1914803798268592,5144,11383,3,24
5713,9.895758690107513,7.8883755528298245,-2.4599095683944157,5144,6446,4,24
5714,17.77632939709463,14.170349806050892,1.9888940495015595,5144,11410,5,24
5715,10.970156260812525,8.744828483441564,-2.221995141431439,5144,7102,6,24
5716,19.626705945042346,15.645372144555573,3.081831956029369,5144,12644,7,24
5717,8.819993276434738,7.030832250133953,1.7864815907594365,5144,5710,9,24
5718,20.19272614511337,16.0965735176359,-2.259251163504795,5144,12961,10,24
5719,19.72857507393293,15.726576827399333,4.904172799167955,5144,12851,11,24
5720,4.125004316558016,3.2882353162656015,1.217885008217685,5144,2707,13,24
5721,21.419199230274128,17.074253006815198,-0.4781261267558191,5144,13698,14,24
5722,4.269019655245562,3.4030367289224213,1.4628452429194472,5144,2826,15,24
5723,7.368331633554452,5.871541435648793,-2.524520965929987,5145,4877,0,24
5724,10.465587446708103,8.339626037177927,-3.0894777803586417,5145,6867,2,24
5725,17.81444622540262,14.195650300165841,1.1937831619015487,5145,11405,3,24
5726,9.897135320639807,7.886648296980509,-2.4599095683944157,5145,6446,4,24
5727,8.63074373747464,6.877509318972239,0.9655113181585571,5145,5539,5,24
5728,10.741496396629,8.559487318197034,-2.1753776708494508,5145,6953,6,24
5729,19.194744554681105,15.295557204058259,3.013585123722487,5145,12364,7,24
5730,8.815040765017269,7.02436856574605,1.7852301150391148,5145,5706,9,24
5731,27.115400346548785,21.607224619742716,-3.0333684705894948,5145,17402,10,24
5732,19.654549990615912,15.661958555638767,4.8850918996303,5145,12801,11,24
5733,20.76972305648213,16.550597285515583,-1.3918224203248482,5145,13297,12,24
5734,4.099669467255686,3.2668696723472586,1.2102366723699938,5145,2690,13,24
5735,21.33772880932773,17.003219327977998,-0.4762412668605925,5145,13644,14,24
5736,4.177452730526566,3.3288521774797855,1.4312693194169397,5145,2765,15,24
5737,7.385847852018995,5.8058297383996935,-2.517274032667117,5183,4863,0,63
5738,19.664098078629365,15.45745426809816,0.43658939943508435,5183,12508,1,63
5739,10.827079693244974,8.510895772904615,-3.179458202096188,5183,7067,2,63
5740,17.878368935206932,14.053737379620033,1.1917943955643169,5183,11386,3,63
5741,10.0109623973712,7.869366437161387,-2.4751742880245393,5183,6486,4,63
5742,8.640140262982184,6.7917975414364795,0.9615021539921649,5183,5516,5,63
5743,10.942457668812823,8.601591505490694,-2.2044744813469337,5183,7046,6,63
5744,19.670319478220282,15.462344754266182,3.072082408556958,5183,12604,7,63
5745,8.852115911472197,6.958426281762271,1.783352901458632,5183,5700,9,63
5746,27.211116143677756,21.389975868352884,-3.028139126024635,5183,17372,10,63
5747,10.115918524879872,7.951869816397739,2.5011243113957495,5183,6554,11,63
5748,20.20855508485098,15.8854382641586,-1.3471275136933742,5183,12870,12,63
5749,4.158015322975358,3.268511550539568,1.2210343229784992,5183,2714,13,63
5750,21.46260529017014,16.871215675413822,-0.47652050536358903,5183,13652,14,63
5751,4.199438476420424,3.3010732524522215,1.4312693194169397,5183,2765,15,63
5752,7.339772277150596,5.767538569794798,-2.5012272518707603,5184,4832,0,63
5753,19.577172384691483,15.383596731977061,0.434599825101234,5184,12451,1,63
5754,10.623240535836585,8.34766355318464,-3.119171319532032,5184,6933,2,63
5755,17.833708851716146,14.013596030079311,1.1886542381897403,5184,11356,3,63
5756,10.010792024234263,7.86640605917815,-2.474792670033786,5184,6485,4,63
5757,8.641325523671574,6.790289449044911,0.9615021539921649,5184,5516,5,63
5758,11.018513123078415,8.658265817998348,-2.219492189990796,5184,7094,6,63
5759,19.81817739254678,15.572976678088787,3.094750106430315,5184,12697,7,63
5760,39.57392058050178,31.09689302167938,-6.179750665388218,5184,25354,8,63
5761,8.871968841136724,6.971527255766361,1.7871073286195973,5184,5712,9,63
5762,27.181950536842905,21.35937495112006,-3.0244785848292337,5184,17351,10,63
5763,19.36706194850317,15.218493510940487,4.787779311988262,5184,12546,11,63
5764,20.113961163506556,15.805401369606889,-1.340637855119249,5184,12808,12,63
5765,4.150924363418623,3.2617655510712815,1.2187848124350606,5184,2709,13,63
5766,21.410517738522522,16.824225901480332,-0.4752988369129792,5184,13617,14,63
5767,4.2136854918906765,3.311082779927725,1.435928062228785,5184,2774,15,63
5768,7.354427017734317,5.698513161891949,-2.4929450424274795,5223,4816,0,103
5769,20.03234868150404,15.521889380354105,0.4423486935593879,5223,12673,1,103
5770,10.256195954246364,7.946923328667563,-2.9954482396429065,5223,6658,2,103
5771,18.13392455113171,14.050912121664442,1.2022615868129056,5223,11486,3,103
5772,10.048585576565273,7.786058251495919,-2.4709764901262554,5223,6475,4,103
5773,8.671595658940918,6.719109711459653,0.9597590391372117,5223,5506,5,103
5774,21.387694351873083,16.57206706556154,-4.285365735312085,5223,13697,6,103
5775,19.97079437864992,15.474194569576943,3.102062267034624,5223,12727,7,103
5776,39.68895279478215,30.752636383146825,-6.16488260549279,5223,25293,8,103
5777,8.794297626469241,6.814184252992815,1.7620778142131603,5223,5632,9,103
5778,27.284185106337173,21.140911122652934,-3.0197721747208606,5223,17324,10,103
5779,10.247229430434052,7.939975696467576,2.5198235929426507,5223,6603,11,103
5780,20.186345055787044,15.641212118022073,-1.3383350730445596,5223,12786,12,103
5781,4.350179840010774,3.370698630242895,1.2705235549341494,5223,2824,13,103
5782,20.087673561473476,15.564757377538072,-0.4435703620099977,5223,12708,14,103
5783,4.199475560375699,3.253926743189962,1.423504748063864,5223,2750,15,103
5784,7.329457579146739,5.677118833191137,-2.484145194893994,5224,4799,0,103
5785,22.419091754097604,17.364975053862644,0.494985151374235,5224,14181,1,103
5786,9.25770727425664,7.170667645090785,-2.70346177110457,5224,6009,2,103
5787,19.465893347774752,15.077539986582089,1.290395337126023,5224,12328,3,103
5788,10.035975312418437,7.773484441423674,-2.4675419282094775,5224,6466,4,103
5789,19.55389481313679,15.145702571733908,2.163902780938857,5224,12414,5,103
5790,21.315624862287404,16.5102716047122,-4.2703480266682226,5224,13649,6,103
5791,23.22054133087918,17.985747387567784,3.6063576100451242,5224,14796,7,103
5792,8.825159066362817,6.835632268900919,1.7680223238846893,5224,5651,9,103
5793,45.994339338133905,35.62546440266072,-5.089895376463237,5224,29200,10,103
5794,10.365023683317402,8.028352783765433,2.5484449422491324,5224,6678,11,103
5795,21.921235995064645,16.9793549345976,-1.4531601610415785,5224,13883,12,103
5796,4.39236535844661,3.402159004186026,1.2826709118687183,5224,2851,13,103
5797,21.725065854651245,16.827409011365948,-0.47966193852230005,5224,13742,14,103
5798,4.134370007657892,3.2023256264739337,1.4012463101850472,5224,2707,15,103
5799,7.29172824861825,5.570915139730222,-2.458780928473947,5262,4750,0,142
5800,20.03584123272492,15.307478207483856,0.4401147855354156,5262,12609,1,142
5801,9.266347968970956,7.079534018582061,-2.6922142183873765,5262,5984,2,142
5802,18.121224135249978,13.844701618527639,1.1951438967638655,5262,11418,3,142
5803,8.884508188330322,6.787806606040971,-2.1733144573388454,5262,5695,4,142
5804,19.8359827677351,15.154785387557933,2.1839486017708185,5262,12529,5,142
5805,21.365007427125615,16.32296751579805,-4.258459007325165,5262,13611,6,142
5806,23.456043880960124,17.9205293339585,3.624394272869086,5262,14870,7,142
5807,8.81850060433412,6.737376497226763,1.7576976491920342,5262,5618,9,142
5808,46.161525226183436,35.267625312876255,-5.082399982586939,5262,29157,10,142
5809,4.240227086195226,3.2395537059208706,1.0372376988668977,5262,2718,11,142
5810,20.28758172367319,15.499809142550253,-1.3380210573071019,5262,12783,12,142
5811,4.400895876974509,3.362305427942884,1.2786217928905288,5262,2842,13,142
5812,20.18361926703719,15.420381330118165,-0.4433609331327503,5262,12702,14,142
5813,4.266044800612657,3.2592785628021663,1.4385162526798103,5262,2779,15,142
5814,7.277347392099489,5.557916845261117,-2.4536045475718966,5263,4740,0,142
5815,19.509301333320444,14.899807399252776,0.4284914828481848,5263,12276,1,142
5816,9.11580817606166,6.96200154948017,-2.648123811735979,5263,5886,2,142
5817,19.664895658602614,15.018639203606604,1.2967803237876623,5263,12389,3,142
5818,8.827963050468313,6.742166053637497,-2.159194591680981,5263,5658,4,142
5819,20.970770394601153,16.015972820095307,2.3085813138999693,5263,13244,5,142
5820,21.305060152443346,16.27127940039219,-4.245944250121946,5263,13571,6,142
5821,21.681196397785506,16.55854533143322,3.3497007728338835,5263,13743,7,142
5822,8.808687091250432,6.727444456237608,1.7555075666814708,5263,5611,9,142
5823,21.281120062174534,16.252995673669655,-2.3427463650570512,5263,13440,10,142
5824,4.223629547122256,3.225705816047491,1.0330399009686135,5263,2707,11,142
5825,20.285524781414274,15.492631287601293,-1.3377070415696444,5263,12780,12,142
5826,4.237317561961384,3.2361597416543915,1.2309321693696293,5263,2736,13,142
5827,20.335697284226818,15.530949452658728,-0.4466419855429597,5263,12796,14,142
5828,9.32544473831483,7.122106944750215,3.1441337599054218,5263,6074,15,142
5829,7.2783409343986145,5.4766608857179495,-2.4406635953167704,5304,4715,0,184
5830,19.687325751354052,14.813926395952398,0.43006219942754026,5304,12321,1,184
5831,8.930263529321769,6.719666667309144,-2.5801885933241318,5304,5735,2,184
5832,19.720792925159465,14.83910910769779,1.293430822588114,5304,12357,3,184
5833,8.869707548523891,6.674100710119008,-2.1576681197179686,5304,5654,4,184
5834,19.1314200460122,14.395629553301852,2.0947011211972164,5304,12017,5,184
5835,21.354654227146348,16.068524487649224,-4.232803755058566,5304,13529,6,184
5836,25.03180399806063,18.83543283981437,3.846440216553265,5304,15781,7,184
5837,4.230207208866303,3.183061987353088,0.8384887326156375,5304,2680,9,184
5838,21.36503761483596,16.076337572215266,-2.339260135347145,5304,13420,10,184
5839,4.2528788758486495,3.2001215113428776,1.034566372931626,5304,2711,11,184
5840,20.440553191344375,15.380699963696147,-1.340637855119249,5304,12808,12,184
5841,4.4082957369677285,3.3170664926158997,1.2736728696949637,5304,2831,13,184
5842,20.625273987377494,15.519694985711677,-0.4505513245849111,5304,12908,14,184
5843,9.354559080054212,7.038932124591894,3.136886826642552,5304,6060,15,184
5844,7.254594932105814,5.456810163888862,-2.43238138587349,5305,4699,0,184
5845,19.894464869570506,14.96435281657967,0.43453001547548487,5305,12449,1,184
5846,8.836437485311201,6.6466511684916485,-2.5527445646941804,5305,5674,2,184
5847,22.214941989359186,16.709784953155058,1.4568236779785846,5305,13918,3,184
5848,8.886561814971616,6.68435402497211,-2.1614842996254993,5305,5664,4,184
5849,19.041582422273738,14.322825942844148,2.084591055038488,5305,11959,5,184
5850,21.295891319416615,16.018487219262735,-4.220601866785429,5305,13490,6,184
5851,22.08120093194876,16.60918670222079,3.3925987817124956,5305,13919,7,184
5852,8.969848367451831,6.74700106596374,1.7777212607171837,5305,5682,9,184
5853,20.78030706523075,15.630671576223678,-2.2749391971993735,5305,13051,10,184
5854,4.233040921044036,3.1840372809630564,1.0296053390518358,5305,2698,11,184
5855,20.396949538872036,15.342315125475533,-1.3376023696571584,5305,12779,12,184
5856,4.411989318978962,3.3186398943138595,1.274572673912339,5305,2833,13,184
5857,19.667537886561508,14.79366134738903,-0.42957353204729637,5305,12307,14,184
5858,9.354243603666553,7.036138068312964,3.1363691885523464,5305,6059,15,184
5859,7.2493474821540245,5.379915388950029,-2.4189227955281587,5342,4673,0,222
5860,19.99710817860001,14.840335670126027,0.4346696347269831,5342,12453,1,222
5861,9.268832278466862,6.878623701688515,-2.6647701897574247,5342,5923,2,222
5862,22.062561409257494,16.373158265280345,1.4398668281558706,5342,13756,3,222
5863,10.179740823408427,7.554630874874958,-2.4641073662926996,5342,6457,4,222
5864,21.36716387816999,15.857087006709099,-4.21434448818382,5342,13470,6,222
5865,22.025401076226164,16.345580687018867,3.3677374356578453,5342,13817,7,222
5866,8.964056650002865,6.6524423663632595,1.7680223238846893,5342,5651,9,222
5867,20.909610459084263,15.517525592848637,-2.2780768039382893,5342,13069,10,222
5868,4.292927715989027,3.185885066173844,1.039145788820663,5342,2723,11,222
5869,22.02246515778676,16.343401871224515,-1.4372500303437235,5342,13731,12,222
5870,4.376992045056865,3.248271229718517,1.258376197999581,5342,2797,13,222
5871,19.82207527155212,14.710439533609225,-0.4308650101236553,5342,12344,14,222
5872,4.182375521482399,3.1038416196467535,1.395552291192792,5342,2696,15,222
5873,7.220807328368753,5.356780947181679,-2.409087671814263,5343,4654,0,222
5874,19.925821336304445,14.782039630376758,0.4330640133347531,5343,12407,1,222
5875,9.262207229709729,6.871200540420194,-2.662520679213986,5343,5918,2,222
5876,19.048186056990467,14.13096285613112,1.242978960769916,5343,11875,3,222
5877,10.277240803279929,7.624206715545341,-2.487386063728638,5343,6518,4,222
5878,7.611898302314449,5.6469131419040535,0.8291997365012197,5343,4757,5,222
5879,21.30329883451122,15.803926087390494,-4.201203993120441,5343,13428,6,222
5880,4.266310095350495,3.1649769332240645,0.6522447259043493,5343,2676,7,222
5881,8.960458133550741,6.647346927433832,1.7670837170944478,5343,5648,9,222
5882,20.918719046911246,15.518624238829451,-2.2787740498802704,5343,13073,10,222
5883,4.27140922615608,3.1687597410881145,1.0338031369501197,5343,2709,11,222
5884,21.98040366643708,16.306238654110714,-1.4343192167941186,5343,13703,12,222
5885,21.95978871917154,16.290945384020908,6.31257648699754,5343,14031,13,222
5886,22.209573890525846,16.47624937926011,-0.48269865724238736,5343,13829,14,222
5887,4.172056490327369,3.095054569611417,1.3919288245613566,5343,2689,15,222
5888,7.240237762292919,5.291294737896788,-2.402876014731803,5384,4642,0,8
5889,19.963279374938775,14.589520203038806,0.43159801119402125,5384,12365,1,8
5890,9.28124512761335,6.782899279997965,-2.6539725391489193,5384,5899,2,8
5891,19.0278766591758,13.905911234627865,1.2351285673334744,5384,11800,3,8
5892,10.27922733253847,7.512242453910889,-2.474792670033786,5384,6485,4,8
5893,7.624765328402465,5.5723143333758385,0.8262364412477995,5384,4740,5,8
5894,10.498994208891201,7.672852002186408,-2.0596161667196795,5384,6583,6,8
5895,20.921760787237552,15.289995494013542,3.1817648176215902,5384,13054,7,8
5896,9.022149512334424,6.593547588693378,1.769899537465172,5384,5657,9,8
5897,21.122530280011134,15.436721415940536,-2.2888841160389988,5384,13131,10,8
5898,19.976731237005758,14.599351063475549,4.809531537461188,5384,12603,11,8
5899,22.08846224384662,16.142641702706143,-1.4337958572316891,5384,13698,12,8
5900,22.192229619424698,16.21847674934248,6.345869243040432,5384,14105,13,8
5901,20.161862744378116,14.734648467088443,-0.43589130317759295,5384,12488,14,8
5902,4.215933363093011,3.0810792064918173,1.399175757824227,5384,2703,15,8
5903,7.185003940087732,5.249005336965098,-2.384241043484421,5385,4606,0,8
5904,22.34267095602229,16.322440470197446,0.4829778957453839,5385,13837,1,8
5905,9.244663392067139,6.753689752717626,-2.643174888540414,5385,5875,2,8
5906,19.078685536027987,13.937935599749569,1.238268724708051,5385,11830,3,8
5907,10.328096698099872,7.5451920612803285,-2.486241209756379,5385,6515,4,8
5908,7.606432099359643,5.556879720279442,0.8241447034218555,5385,4728,5,8
5909,10.497143078106882,7.668688910864602,-2.0589904288595187,5385,6581,6,8
5910,20.8955766383819,15.265265573743104,3.1773775212590047,5385,13036,7,8
5911,31.671962166138997,23.137955083736575,-4.816032712684618,5385,19759,8,8
5912,9.021705097974854,6.590807548981945,1.7695866685350914,5385,5656,9,8
5913,21.179923559236407,15.472995244813635,-2.2948107065458396,5385,13165,10,8
5914,20.107686649071187,14.689672464356054,4.840442594712189,5385,12684,11,8
5915,22.191269059657234,16.211833799877773,-1.440285515805814,5385,13760,12,8
5916,21.842582560899398,15.957100843825254,6.24509117069438,5385,13881,13,8
5917,20.29683991596446,14.827858402137883,-0.43875349783330747,5385,12570,14,8
5918,4.227390507520138,3.088320552144033,1.4027992244556624,5385,2710,15,8
5919,7.203077994056835,5.19120243708392,-2.379064662582371,5422,4596,0,46
5920,20.218585271554623,14.571377572571548,0.43501868285572887,5422,12463,1,46
5921,9.258045695909674,6.672201719722401,-2.634626748475347,5422,5856,2,46
5922,4.2711431900029275,3.078179766395938,0.27591516131279986,5422,2636,3,46
5923,10.312896718271432,7.432424669211904,-2.4709764901262554,5422,6475,4,46
5924,7.625994395017866,5.49599500675526,0.8224015885669025,5422,4718,5,46
5925,21.368532467383172,15.400135596631321,-4.171794313692876,5422,13334,6,46
5926,21.120943944202615,15.22170046848341,3.1966328775170183,5422,13115,7,46
5927,19.902190243920177,14.343354130385809,3.8855192426692544,5422,12419,9,46
5928,20.16868125767894,14.535412136869551,4.832428616906374,5422,12663,11,46
5929,22.33114394712456,16.0938822232431,-1.4425882978805036,5422,13782,12,46
5930,9.460407350465077,6.818042194470432,2.6922142183873765,5422,5984,13,46
5931,22.510879341097002,16.223416127497615,-0.484339183447492,5422,13876,14,46
5932,4.236274982144391,3.0530505194599287,1.399175757824227,5422,2703,15,46
5933,7.1632303121866965,5.1605851805357235,-2.3656060722370396,5423,4570,0,46
5934,20.071858808324542,14.460310865032728,0.43180744007126864,5423,12371,1,46
5935,9.165922267366591,6.603378721251089,-2.6080825240627705,5423,5797,2,46
5936,20.300244838383687,14.62484634843879,-4.863339674157374,5423,12744,4,46
5937,7.604321601419834,5.478359295184433,0.8199612277699679,5423,4704,5,46
5938,21.310315040946925,15.352528286820768,-4.159905294349819,5423,13296,6,46
5939,24.811975812568487,17.875219572419983,3.754794470312594,5423,15405,7,46
5940,21.42756862815049,15.437000947633855,-2.3104987402404182,5423,13255,10,46
5941,20.1791824868679,14.53762975062952,4.83433670686014,5423,12668,11,46
5942,22.2950601335756,16.0619653299072,-1.4400761719808424,5423,13758,12,46
5943,5.266808189166485,3.7943513059319263,1.4986239240388286,5423,3331,13,46
5944,20.071858808324542,14.460310865032728,-0.43180744007126864,5423,12371,14,46
5945,5.316778384887806,3.8303511887039767,1.7558284019755006,5423,3392,15,46
5946,7.158813673194344,5.083744055881076,-2.3526651199819133,5462,4545,0,86
5947,4.284721551497507,3.0427426544280243,0.09172984823436214,5462,2628,1,86
5948,9.207479622698859,6.538579147102592,-2.607182719845395,5462,5795,2,86
5949,7.780615337787948,5.525308910146124,0.5001223978575713,5462,4778,3,86
5950,20.31768625954981,14.428356633726132,-4.843877156628967,5462,12693,4,86
5951,7.633312886337203,5.420703874149245,0.8190896703424914,5462,4699,5,86
5952,21.357951470801137,15.167088262409386,-4.148954881797003,5462,13261,6,86
5953,25.31180305752855,17.974867654283464,3.811829323026203,5462,15639,7,86
5954,30.847090892859942,21.905684674403002,-4.645415631917412,5462,19059,8,86
5955,5.337474637978656,3.790342395115353,1.0368476342866502,5462,3314,9,86
5956,21.246243720026445,15.087760368163009,-2.279819918793242,5462,13079,10,86
5957,20.359304461925003,14.457911291606608,4.853799224388546,5462,12719,11,86
5958,20.837328141970403,14.797373966979865,-1.3393817921694187,5462,12796,12,86
5959,5.360834555131311,3.8069311548445466,1.5179697147124012,5462,3374,13,86
5960,20.10297440257392,14.275881632076688,-0.4303763427434114,5462,12330,14,86
5961,9.647466171246505,6.851030218321583,3.170533302505879,5462,6125,15,86
5962,7.1407973442953825,5.069075402294899,-2.3464534628994533,5463,4533,0,86
5963,4.257532113783638,3.022316734657427,0.0911364664154945,5463,2611,1,86
5964,9.180017543952799,6.5166673805498565,-2.599084481889016,5463,5777,2,86
5965,7.68386195059789,5.454583533241114,0.49384208310841793,5463,4718,3,86
5966,20.31540147798521,14.42140099411571,-4.842732302656707,5463,12690,4,86
5967,7.637508173509274,5.421678133477728,0.8194382933134822,5463,4701,5,86
5968,21.296166966871567,15.11762215478277,-4.1364401245937845,5463,13221,6,86
5969,22.32842769232152,15.850398510117044,3.3621314458612086,5463,13794,7,86
5970,22.30252839965245,15.832013242887678,-3.358231626872244,5463,13778,8,86
5971,5.3300821793644975,3.7836934959667334,1.035283289636248,5463,3309,9,86
5972,21.25699998770375,15.089818485093081,-2.280691476220719,5463,13084,10,86
5973,5.330991877201793,3.7843392679594423,1.2707879092077885,5463,3330,11,86
5974,22.48482367315695,15.961420148352444,-1.445100423780165,5463,13806,12,86
5975,5.347197340384485,3.7958431254198146,1.5139205957342117,5463,3365,13,86
5976,22.538341201347162,15.999410917822656,-0.4824543235522654,5463,13822,14,86
5977,9.658113504936022,6.856055877227008,3.1736391310471093,5463,6131,15,86
5978,7.14189555008571,4.99709472668564,-2.3355830630051475,5502,4512,0,126
5979,4.302582404669928,3.0104629358866064,0.09166003860861299,5502,2626,1,126
5980,9.160293903034283,6.409342734954152,-2.581088397541507,5502,5737,2,126
5981,7.694628493286078,5.383835033423792,0.49216733250864375,5502,4702,3,126
5982,20.28279711358393,14.191618707936522,-4.8118212454057065,5502,12609,4,126
5983,7.680765024563825,5.374134938265622,0.8201355392554633,5502,4705,5,126
5984,21.358111982464262,14.944003032675644,-4.128618401341773,5502,13196,6,126
5985,22.354475349339392,15.641145981848952,-3.3499445115206936,5502,13744,8,126
5986,20.051958877747023,14.03010409001353,3.876133174766841,5502,12389,9,126
5987,46.406186472534706,32.46982654411835,-4.955152598175357,5502,28427,10,126
5988,5.319629633961617,3.7220781241292786,1.2620106954204673,5502,3307,11,126
5989,22.59294788989953,15.808002227020177,-1.445100423780165,5502,13806,12,126
5990,9.599387649475704,6.716571121238341,2.704811477430633,5502,6012,13,126
5991,22.554969300337486,15.781429084316462,-0.48049965403128964,5502,13766,14,126
5992,7.124484013948534,4.984912093265086,2.3298890440128917,5502,4501,15,126
5993,7.126936996916301,4.984775796161236,-2.3304066821030966,5503,4502,0,126
5994,20.373396355780397,14.249713879024815,0.43397153846949177,5503,12433,1,126
5995,9.1262806159477,6.383171724828678,-2.571190551150377,5503,5715,2,126
5996,7.689021398762023,5.3779130896342435,0.49174864485870023,5503,4698,3,126
5997,20.237009912776916,14.154321448826199,-4.800372705683114,5503,12579,4,126
5998,7.689866210992256,5.378503974548672,0.8210070966829399,5503,4710,5,126
5999,21.27816480695076,14.882533823760644,-4.11266208590767,5503,13145,6,126
6000,5.312764203713655,3.7158934370883796,0.7960505511224233,5503,3266,7,126
6001,22.37835185256851,15.652034909376864,-3.3531131144492274,5503,13757,8,126
6002,5.317517793140605,3.719218228303821,1.0277744353143168,5503,3285,9,126
6003,46.42164882741885,32.468578239563136,-4.9561984670883295,5503,28433,10,126
6004,5.383022113693582,3.7650337521084714,1.276893797059838,5503,3346,11,126
6005,24.317471252193727,17.008308362236182,-1.5552152757153188,5503,14858,12,126
6006,22.385337125871363,15.65692060168826,6.306727759584599,5503,14018,13,126
6007,20.21116952080716,14.136247967818875,-0.43051596199490966,5503,12334,14,126
6008,7.117438635747599,4.978132381061954,2.3273008535618667,5503,4496,15,126
6009,7.142346238054062,4.925335039337638,-2.3247126631108412,5541,4491,0,165
6010,7.8047297849909265,5.382112236139811,0.16548371783832225,5541,4741,1,165
6011,8.818683094207726,6.081330615603096,-2.4731118914564516,5541,5497,2,165
6012,7.727808129651882,5.329067352610267,0.491957988683672,5541,4700,3,165
6013,20.330439160811355,14.019794200168583,-4.800372705683114,5541,12579,4,165
6014,7.738490058042144,5.336433570157652,0.8224015885669025,5541,4718,5,165
6015,21.340624405489145,14.716414136531254,-4.1057789694458995,5541,13123,6,165
6016,5.3601706937397635,3.6963535027251857,0.7994628927377675,5541,3280,7,165
6017,22.54213248458728,15.544969578229027,-3.3621314458612086,5541,13794,8,165
6018,24.58326747982774,16.952528575931034,4.729639616026341,5541,15117,9,165
6019,46.80818763806839,32.27874972979209,-4.974501173065337,5541,28538,10,165
6020,5.4143390721613835,3.7337078122716236,1.2784202690228503,5541,3350,11,165
6021,22.834850915873474,15.74682710490455,-1.4536835206040077,5541,13888,12,165
6022,22.368364268244193,15.425139671339634,6.27298510143302,5541,13943,13,165
6023,20.30447947017045,14.001892495369844,-0.43051596199490966,5541,12334,14,165
6024,10.089299606816962,6.957542972513465,3.2838960442607834,5541,6344,15,165
6025,7.097079517216177,4.892291782463299,-2.309701158494895,5542,4462,0,165
6026,7.754630055510572,5.345566835567651,0.16440166863921069,5542,4710,1,165
6027,8.717058589428229,6.009006099038163,-2.444318156500437,5542,5433,2,165
6028,7.761626356934694,5.350389657107391,0.4940514269333897,5542,4720,3,165
6029,20.26822916212898,13.97167535384488,-4.78510798605299,5542,12539,4,165
6030,7.790273816334428,5.370137460393205,0.8278052446172572,5542,4749,5,165
6031,21.297653495789536,14.681297416838303,-4.097018639403647,5542,13095,6,165
6032,8.652487368045714,5.964494655283449,1.2903526079737015,5542,5294,7,165
6033,22.629833792588013,15.59962089101901,-3.374805857575344,5542,13846,8,165
6034,23.701466544035195,16.338338851132843,4.559438918062569,5542,14573,9,165
6035,46.75312571896137,32.22874031557523,-4.968051648102011,5542,28501,10,165
6036,5.426305550463911,3.7405625777858886,1.2810915949581219,5542,3357,11,165
6037,23.169770205341067,15.971819972170156,-1.474827246926157,5542,14090,12,165
6038,9.431045534448579,6.501184953091538,2.644524594866477,5542,5878,13,165
6039,20.22295562034742,13.940466548041924,-0.4287358165383067,5542,12283,14,165
6040,7.108213438466854,4.899966825600288,2.3133246251263304,5542,4469,15,165
6041,7.094302882756894,4.817664011601124,-2.297795482420179,5582,4439,0,206
6042,7.780179763949063,5.283435549906893,0.1641573349490887,5582,4703,1,206
6043,8.707207881109529,5.912970272570266,-2.4299212890224298,5582,5401,2,206
6044,7.828530821530822,5.316270227800428,0.49593552135813573,5582,4738,3,206
6045,20.34416113168995,13.815498795319156,-4.7801469521732,5582,12526,4,206
6046,20.421908945201388,13.868296490783374,2.1597193052869694,5582,12390,5,206
6047,21.339163668953102,14.49119420816593,-4.08544248899067,5582,13058,6,206
6048,8.690631761435455,5.901713609790915,1.2898651306000808,5582,5292,7,206
6049,22.887629414044962,15.54274047234618,-3.396986078075081,5582,13937,8,206
6050,20.67078275758828,14.037303992884889,3.9574790965877606,5582,12649,9,206
6051,45.40784257718749,30.835972560499687,-4.80210711391047,5582,27549,10,206
6052,5.436045609753016,3.6915595136462738,1.277275415050591,5582,3347,11,206
6053,46.84065433929448,31.808979461358025,-2.9673440470624293,5582,28349,12,206
6054,7.58031687779615,5.147710835331493,2.1154397150497064,5582,4702,13,206
6055,7.8116114916792405,5.304780494718339,-0.1648205263937055,5582,4722,14,206
6056,7.551381194193811,5.128060926968983,2.445839976218821,5582,4725,15,206
6057,7.074364866649307,4.802320424458273,-2.2910661872475138,5583,4426,0,206
6058,7.810882734046436,5.302293901123881,0.16478562158083093,5583,4721,1,206
6059,8.685667018733659,5.896127342929141,-2.423622659500802,5583,5387,2,206
6060,21.442603283813096,14.555971263068916,1.3582227364168784,5583,12976,3,206
6061,20.314085138746655,13.789894613139035,-4.772514592358139,5583,12506,4,206
6062,5.367362032064168,3.643548615022458,0.56755819677275,5583,3256,5,206
6063,21.27304870794027,14.440871827554487,-4.07230199392729,5583,13016,6,206
6064,8.757358283684797,5.9447938214639375,1.2996146780724926,5583,5332,7,206
6065,23.314084928151857,15.826396904666277,-3.459870659272137,5583,14195,8,206
6066,20.800713806542394,14.120234768691299,3.9818828731340368,5583,12727,9,206
6067,45.395090798213474,30.815737641427653,-4.800189687570021,5583,27538,10,206
6068,8.440107658797986,5.72943326482252,1.9828870799530536,5583,5196,11,206
6069,46.798283369111196,31.768272670323032,-2.9643085616003386,5583,28320,12,206
6070,9.08713928301149,6.168660424122636,2.5356482845640462,5583,5636,13,206
6071,7.792683261461282,5.289939477715204,-0.16440166863921069,5583,4710,14,206
6072,7.069569770716195,4.799065349611148,2.2895132729768983,5583,4423,15,206
6073,7.077159767005187,4.735956977731229,-2.281748701623823,5621,4408,0,245
6074,20.655878663475082,13.82268535797812,0.4338319192179935,5621,12429,1,245
6075,8.711623807277416,5.829722221306288,-2.4200234426313,5621,5379,2,245
6076,19.588304776462103,13.10827672995554,1.2352332392459602,5621,11801,3,245
6077,20.344725633322124,13.614465194408364,-4.758394726700274,5621,12469,4,245
6078,22.032581287987416,14.743959515333922,2.3193886260006793,5621,13306,5,245
6079,21.31253786043637,14.262114423906388,-4.061664450304555,5621,12982,6,245
6080,8.87083256850133,5.9362629620070475,1.310582918978956,5621,5377,7,245
6081,23.31130076119096,15.599664432426927,-3.4440276446294678,5621,14130,8,245
6082,20.96613934799206,14.030308373725811,3.995649106057577,5621,12771,9,245
6083,47.00427514069583,31.4547406254159,-4.948180138755545,5621,28387,10,245
6084,8.489342166186143,5.680973807563295,1.9855584058883253,5621,5203,11,245
6085,7.797681445733773,5.218122109552927,-0.1637733820074685,5621,4692,14,245
6086,7.618222117613342,5.0980299136421685,2.456192738022922,5621,4745,15,245
6087,7.0474776782568895,4.714313424983473,-2.271913577909927,5622,4389,0,245
6088,20.91093067358081,13.988079949157568,0.4391374507749277,5622,12581,1,245
6089,8.68024613111048,5.806531462214778,-2.4110254004575453,5622,5359,2,245
6090,19.064347260314385,12.752833330020081,1.202052242987934,5622,11484,3,245
6091,20.29161978516623,13.573800434019969,-4.74541971501467,5622,12435,4,245
6092,21.98712934720059,14.707988274748747,2.314333592921315,5622,13277,5,245
6093,21.223080857931286,14.196888528890238,-4.0441437902200486,5622,12926,6,245
6094,8.909817730391559,5.960100231339764,1.316188908775593,5622,5400,7,245
6095,23.182025761481743,15.507297824134016,-3.424528549684644,5622,14050,8,245
6096,20.932466181167108,14.00248583125651,3.988765989595807,5622,12749,9,245
6097,46.91868258378302,31.385608480845182,-4.938593007053303,5622,28332,10,245
6098,8.591506085154819,5.747170026949347,2.0092187213150168,5622,5265,11,245
6099,7.799051151946793,5.2170681804627606,-0.49174864485870023,5622,4698,12,245
6100,7.444376043773795,4.979813136842531,2.067750091528807,5622,4596,13,245
6101,7.80524047715885,5.221208444578645,-0.16391300125896674,5622,4696,14,245
6102,7.408763273519546,4.955990463174697,2.388382148206061,5622,4614,15,245
6103,7.060859705273817,4.652243655312915,-2.2657019208274662,5662,4377,0,30
6104,20.1581343002064,13.281747027353534,0.42137090102177316,5662,12072,1,30
6105,8.575743952780517,5.650367244106587,-2.3709841127843374,5662,5270,2,30
6106,19.27299448716981,12.698548061342551,1.2095886206869177,5662,11556,3,30
6107,20.32686927578594,13.392922755570169,-4.731681467347558,5662,12399,4,30
6108,22.150831647629712,14.594691056617389,2.3207831178846416,5662,13314,5,30
6109,21.300232100454757,14.034249904727476,-4.040076494129003,5662,12913,6,30
6110,8.876616202072537,5.8486052875254435,1.3052206678691296,5662,5355,7,30
6111,23.011239237566937,15.161594510070625,-3.3835804503005145,5662,13882,8,30
6112,21.087444216852287,13.894048693722299,3.999716402148623,5662,12784,9,30
6113,45.55444805045435,30.014814167135402,-4.772822784347256,5662,27381,10,30
6114,8.659288935777187,5.705413178072557,2.0157062271578194,5662,5282,11,30
6115,7.820272685214543,5.152604003083699,-0.4908065976463272,5662,4689,12,30
6116,7.6140239003909,5.016711259046437,2.105091966549889,5662,4679,13,30
6117,46.72171949302311,30.78390339838899,-0.9766366642303853,5662,27980,14,30
6118,7.223790212523681,4.759594948250225,2.317983367938176,5662,4478,15,30
6119,7.034244467432858,4.632946989115198,-2.256902073293981,5663,4360,0,30
6120,19.387233960791573,12.7689658245132,0.40520997266084857,5663,11609,1,30
6121,8.57510253428544,5.647798516458233,-2.3705342106756495,5663,5269,2,30
6122,5.410936560150323,3.56379172784004,0.3395556841042196,5663,3244,3,30
6123,20.2472272541938,13.335381074619113,-4.712600567809903,5663,12349,4,30
6124,21.665851155668335,14.26972581675201,2.2697098526345143,5663,13021,5,30
6125,8.969463158396866,5.907535276327969,-1.7010683728474705,5663,5437,6,30
6126,8.837849112918732,5.8208506439490035,1.2993709393856825,5663,5331,7,30
6127,22.896179722101035,15.08005406932652,-3.3662750035369835,5663,13811,8,30
6128,20.954592797122864,13.801271487937807,3.974061149882025,5663,12702,9,30
6129,8.671761676850839,5.711460887817677,2.018377553093091,5663,5289,11,30
6130,7.809495984779228,5.14354897341155,-0.49007389425892606,5663,4682,12,30
6131,24.31545580748775,16.01482835773212,-0.5082140754536959,5663,14560,14,30
6132,7.211713937941484,4.749833266363516,2.3138422632165354,5663,4470,15,30
6133,7.045371955155716,4.573570013007227,-2.2506904162115204,5701,4348,0,69
6134,19.649285166400958,12.755519791728714,0.4089098828255527,5701,11715,1,69
6135,8.504491893382395,5.520771557131665,-2.340840671502259,5701,5203,2,69
6136,19.63707216475496,12.747591605899425,1.2269641581595752,5701,11722,3,69
6137,20.331931478585176,13.19866611853279,-4.711837331828397,5701,12347,4,69
6138,21.758343216201972,14.124634824073123,2.269535541149019,5701,13020,5,69
6139,21.406864175305337,13.896468871746217,-4.042266576639566,5701,12920,6,69
6140,8.97449640242874,5.825879441035437,1.3137515219074898,5701,5390,7,69
6141,22.857492878022583,14.838158249820868,-3.346044692531729,5701,13728,8,69
6142,8.981935812254664,5.83070880446875,1.6960624699661833,5701,5421,9,69
6143,7.856065396264629,5.099839347770181,-0.8194382933134822,5701,4701,10,69
6144,8.895528780053223,5.774616860153409,2.06150038604819,5701,5402,11,69
6145,7.89369425356811,5.124266477307463,-0.4932140516335026,5701,4712,12,69
6146,7.922597003118291,5.143028971250659,2.1806755208094275,5701,4847,13,69
6147,24.342302656421435,15.802036597299088,-0.5065735492485912,5701,14513,14,69
6148,7.683798024689145,4.9880103499724635,2.4546398237523066,5701,4742,15,69
6149,7.029964543420493,4.5618243319398974,-2.24551403530947,5702,4338,0,69
6150,19.71357735761623,12.79236563770732,0.41020136090191167,5702,11752,1,69
6151,8.4760303354847,5.5001929503134335,-2.33274243354588,5702,5185,2,69
6152,19.726418684355078,12.800698521381177,1.2324070976088413,5702,11774,3,69
6153,20.400110642645654,13.23786493219025,-4.727102051458521,5702,12387,4,69
6154,21.832675590808556,14.167472698666128,2.2770309350253175,5702,13063,5,69
6155,21.391061517572304,13.880904279697116,-4.038825018408681,5702,12909,6,69
6156,8.9738478577313,5.823232429648506,1.3135077832206796,5702,5389,7,69
6157,22.74684760375015,14.760689365188085,-3.3294704618286293,5702,13660,8,69
6158,8.982953326110422,5.829141072138667,1.6960624699661833,5702,5421,9,69
6159,7.8435846702644545,5.089791730447841,-0.8180438014295196,5702,4693,10,69
6160,8.9327682349003,5.796575392928062,2.069895981844758,5702,5424,11,69
6161,46.76437899759801,30.3459399633762,-2.9216024213060963,5702,27912,12,69
6162,7.934937559969669,5.149071664575006,2.1838248355702414,5702,4854,13,69
6163,24.408803959383405,15.83915183749823,-0.5078999321378248,5702,14551,14,69
6164,7.310320436922509,4.7437504751915345,2.335065424914942,5702,4511,15,69
6165,7.01449506867345,4.485956747231975,-2.231020168783729,5740,4310,0,108
6166,19.996773835506858,12.788470393383333,0.4143201288211106,5740,11870,1,108
6167,8.466354131051515,5.414459354068432,-2.3201451745026236,5740,5157,2,108
6168,20.726213716222574,13.254966658982047,1.2893486180011642,5740,12318,3,108
6169,8.987555319367956,5.747781419948169,-2.073712161752289,5740,5434,4,108
6170,21.85733874452017,13.978351293653146,2.2698841641200094,5740,13022,5,108
6171,21.489308669444746,13.742986241385582,-4.040076494129003,5740,12913,6,108
6172,9.080837526652303,5.807437880330148,1.3235010693799014,5740,5430,7,108
6173,8.999781714888654,5.755600526091011,1.691995173875137,5740,5408,9,108
6174,7.8687762274850686,5.032292341011054,-0.8171722440020429,5740,4688,10,108
6175,8.9710158358947,5.737203978983966,2.069895981844758,5740,5424,11,108
6176,29.85261274177796,19.091542333468052,-1.8570890713246189,5740,17742,12,108
6177,7.986971659407722,5.107881473248579,2.1887737587658065,5740,4865,13,108
6178,24.75085098494244,15.828829571995614,-0.5128215107531388,5740,14692,14,108
6179,7.286286408921354,4.659774560871822,2.317465729847971,5740,4477,15,108
6180,6.999001162097418,4.474327006926017,-2.2258437878816784,5741,4300,0,108
6181,19.918133403096274,12.733280099402336,0.4126446978031314,5741,11822,1,108
6182,8.411474267028266,5.377293932288669,-2.304848502807241,5741,5123,2,108
6183,20.487888791902495,13.0975137756707,1.2743805345156822,5741,12175,3,108
6184,20.440120656849494,13.066976524456118,-4.715653511735929,5741,12357,4,108
6185,22.4254934387687,14.336187209126853,2.328627134731931,5741,13359,5,108
6186,21.490042599175577,13.738171455406242,-4.039763625198923,5741,12912,6,108
6187,9.113629093218325,5.82616802576348,1.328132104429297,5741,5449,7,108
6188,7.862574851756167,5.026393079301546,-1.1458155666951968,5741,4701,8,108
6189,8.959177455960512,5.727430060753702,1.6841734506231256,5741,5383,9,108
6190,7.867975727787177,5.02984575560877,-0.8169979325165477,5741,4687,10,108
6191,9.043144746378264,5.781108736683791,2.086305555447141,5741,5467,11,108
6192,46.83522963911542,29.94086270262562,-2.9132286683072253,5741,27832,12,108
6193,8.058464903879509,5.151621826990589,2.208119549439379,5741,4908,13,108
6194,24.620511201103522,15.739419902940815,-0.5100640305360479,5741,14613,14,108
6195,7.168279329738844,4.582543288023762,2.2796781492630025,5741,4404,15,108
6196,7.012947368786761,4.4162886534062995,-2.220667406979628,5780,4290,0,148
6197,23.571351030519192,14.843671943818928,0.4862240433427186,5780,13930,1,148
6198,8.363781662779857,5.266954407971328,-2.281903495264167,5780,5072,2,148
6199,23.38038654051871,14.723415186418144,1.4480312373297697,5780,13834,3,148
6200,20.437219457091434,12.870003958284627,-4.6946645222445085,5780,12302,4,148
6201,22.079152631067707,13.90398446099832,2.282783214046663,5780,13096,5,148
6202,21.56299820114737,13.578944669254247,-4.036009198037957,5780,12900,6,148
6203,9.164833528624605,5.771403690118462,1.3298382752369693,5780,5456,7,148
6204,7.884847614252914,4.9653535413152605,-1.1441093958875246,5780,4694,8,148
6205,9.156752259370952,5.766314643269362,1.7138959989807694,5780,5478,9,148
6206,8.982608161639847,5.656650252190293,2.0634084760019555,5780,5407,11,148
6207,46.97372151996365,29.580931161725164,-2.9092511356327617,5780,27794,12,148
6208,24.600165203279833,15.491550805401262,-0.5074461695704554,5780,14538,14,148
6209,7.222191486083895,4.548056706468306,2.2869250825258733,5780,4418,15,148
6210,6.9940992579992125,4.402714764892482,-2.2144557498971675,5781,4278,0,148
6211,19.84408016032724,12.491647815500956,0.40929383576717293,5781,11726,1,148
6212,8.333366148211855,5.245769730823522,-2.2733553551990995,5781,5053,2,148
6213,21.052097426508045,13.25208247018167,1.3036886700117307,5781,12455,3,148
6214,8.98525677153197,5.656128286874023,-2.0637900939927087,5781,5408,4,148
6215,22.30920675935865,14.043420084456361,2.3063152645885303,5781,13231,5,148
6216,7.887240736105382,4.964938294719941,-1.4761156121196184,5781,4718,6,148
6217,9.125521741687324,5.7444236673540585,1.3239885467535222,5781,5432,7,148
6218,7.878994287281581,4.959747238566004,-1.1431344411402835,5781,4690,8,148
6219,9.281466843335542,5.842589532065518,1.7370482998067238,5781,5552,9,148
6220,29.822609020692045,18.773030839224525,-3.08304724395566,5781,17687,10,148
6221,8.995225621500385,5.662403577133128,2.066079801937227,5781,5414,11,148
6222,41.21343167808476,25.943438528337186,-2.5522152421433986,5781,24383,12,148
6223,7.988685062722784,5.0287964726121395,2.1793258144833643,5781,4844,13,148
6224,24.381175411038253,15.347703400812064,-0.5028736390838872,5781,14407,14,148
6225,7.2131757658467786,4.5406212114786415,2.283819253984643,5781,4412,15,148
6226,6.99435173074282,4.336681807798661,-2.2051382642734767,5820,4260,0,188
6227,19.97963353901216,12.387897639502329,0.4103409801534099,5820,11756,1,188
6228,8.325817923170698,5.162225823410769,-2.2616579003732187,5820,5027,2,188
6229,23.24665840228679,14.41353887626128,1.4334818414942314,5820,13695,3,188
6230,20.416445598438834,12.658732590969882,-4.669477734854805,5820,12236,4,188
6231,22.32638714225033,13.842946520418144,2.298296936255746,5820,13185,5,188
6232,7.897349006858168,4.896563839840147,-1.471735447098492,5820,4704,6,188
6233,9.086803778499165,5.634057044064093,1.3127765671602487,5820,5386,7,188
6234,7.927755468839135,4.915416645016185,-1.145328089321576,5820,4699,8,188
6235,9.19846411746937,5.70328938743286,1.7142088679108498,5820,5479,9,188
6236,41.531653240507545,25.75071600478165,-2.561007682792213,5820,24467,12,188
6237,8.019417223790038,4.97224934094986,2.178426010265989,5820,4842,13,188
6238,24.918457549251126,15.45009826389785,-0.5117743663669018,5820,14662,14,188
6239,7.401534648401089,4.589145913041401,2.333512510644327,5820,4508,15,188
6240,6.985256252452217,4.329354713991491,-2.2020324357322467,5821,4254,0,188
6241,20.02938722159239,12.413907071157247,0.4113183149138978,5821,11784,1,188
6242,7.90764977731486,4.901040076803688,-2.1478326668752232,5821,4774,2,188
6243,23.556446444494892,14.599924293909746,1.4524274576541771,5821,13876,3,188
6244,20.472054207598816,12.688265281269086,-4.681689510558903,5821,12268,4,188
6245,22.128969804238032,13.715196161074356,2.2777281809672987,5821,13067,5,188
6246,7.906598697477257,4.900388633637504,-1.4732997917488946,5821,4709,6,188
6247,9.204210529789277,5.704628549843728,1.329594536550159,5821,5455,7,188
6248,22.550737622480966,13.976601387472305,-3.257567549219592,5821,13365,8,188
6249,9.311955059717322,5.771406957348395,1.7351710862262408,5821,5546,9,188
6250,39.260419910587764,24.33300624490601,-4.041063168237918,5821,23183,10,188
6251,9.08626794590606,5.63152954487367,2.0779099596505732,5821,5445,11,188
6252,47.058568423277485,29.166179116977382,-2.9015054141088057,5821,27720,12,188
6253,10.740092408066518,6.6565445869281765,2.9171652727312414,5821,6484,13,188
6254,25.29509000608774,15.67750891318416,-0.5194534251993065,5821,14882,14,188
6255,7.200364049601073,4.46267522822113,2.2698430255491067,5821,4385,15,188
6256,6.978286649342879,4.259564362962415,-2.1906443977477355,5860,4232,0,228
6257,20.101473460891107,12.269991804522588,0.41107398122377586,5860,11777,1,228
6258,7.844352428063747,4.788213172103566,-2.1217383445713347,5860,4716,2,228
6259,21.18337349604667,12.930386406465516,1.30065318454964,5860,12426,3,228
6260,7.906128723495664,4.82592158388433,-1.8004736803730768,5860,4718,4,228
6261,26.255649203714253,16.02651672171064,2.6911950245621887,5860,15439,5,228
6262,7.927968572082833,4.839252684397829,-1.4711097092383312,5860,4702,6,228
6263,9.266548459064001,5.656325337052497,1.3330068781655031,5860,5469,7,228
6264,22.575880721990995,13.780376447410399,-3.24757426306037,5860,13324,8,228
6265,9.37125676810642,5.720239561863704,1.7389255133872064,5860,5558,9,228
6266,39.37071926388942,24.03198967707254,-4.035485200702069,5860,23151,10,228
6267,9.033899946664928,5.5143160785757575,2.057302588149906,5860,5391,11,228
6268,25.44186914976666,15.529783255278558,-1.5621236219393873,5860,14924,12,228
6269,10.830063328906501,6.610698889645105,2.92931262966581,5860,6511,13,228
6270,20.946360050272194,12.785712781277166,-0.42835186359668653,5860,12272,14,228
6271,7.1926480067187235,4.39041109433886,2.257937349474391,5860,4362,15,228
6272,6.959240667327576,4.246271651192797,-2.184432740665275,5861,4220,0,228
6273,20.078009321163858,12.250859809046139,0.41055040903065737,5861,11762,1,228
6274,7.816908069621106,4.769588626507248,-2.114090008723643,5861,4699,2,228
6275,21.223138712134826,12.949575473911189,1.3029559666243296,5861,12448,3,228
6276,7.913674548604425,4.8286319584071915,-1.8020001523360893,5861,4722,4,228
6277,25.21416292097638,15.38475105805087,2.584167772468065,5861,14825,5,228
6278,8.003008673749989,4.883140342471366,-1.4848759421618716,5861,4746,6,228
6279,9.255673629704622,5.647470237812585,1.331300707357831,5861,5462,7,228
6280,22.529143337041923,13.746451265418953,-3.2405058411428715,5861,13295,8,228
6281,9.40429401043061,5.738152905596882,1.744870023058735,5861,5577,9,228
6282,25.405365516510365,15.501415820754387,-1.559716167952212,5861,14901,12,228
6283,7.224692859409335,4.408240775680139,1.9539248580308115,5861,4343,13,228
6284,23.782250115835307,14.511050744739908,-0.4862938529684678,5861,13932,14,228
6285,7.191765059292788,4.388149448069145,2.257419711384186,5861,4361,15,228
6286,6.954864278868728,4.178904055853733,-2.174079978861174,5900,4200,0,12
6287,20.157504359304568,12.111850547382494,0.41048059940490816,5900,11760,1,12
6288,7.829147536062642,4.7042264349767,-2.1086911834193907,5900,4687,2,12
6289,21.615524698516765,12.98791755095631,1.3215875670468176,5900,12626,3,12
6290,7.9396270714702615,4.7706092370116,-1.8004736803730768,5900,4718,4,12
6291,25.174842550577118,15.126571478861141,2.569525607686458,5900,14741,5,12
6292,21.33636977913833,12.820184353293996,-3.9424613879438986,5900,12601,6,12
6293,9.183298872112594,5.517882645012673,1.315457692715162,5900,5397,7,12
6294,22.58645714812351,13.571312623660964,-3.2353873287198556,5900,13274,8,12
6295,9.451600357681942,5.6790944417178855,1.7464343677091374,5900,5582,9,12
6296,21.924006249918307,13.173271966890022,4.971719183531252,5900,13028,11,12
6297,25.36819618110418,15.24275006099086,-1.5510283992158833,5900,14818,12,12
6298,7.217782484174669,4.336881251447476,1.9440270116396812,5900,4321,13,12
6299,21.108815151771747,12.683455739031924,-0.42985277055029286,5900,12315,14,12
6300,7.213187809226708,4.334120492214014,2.2548315209331604,5900,4356,15,12
6301,6.952281341890483,4.1757007631477325,-2.173044702680764,5901,4198,0,12
6302,20.14933244961117,12.102154494208056,0.41027117052766077,5901,11754,1,12
6303,7.816603887489526,4.694832848829741,-2.105091966549889,5901,4679,2,12
6304,47.10165021355191,28.290339108854862,2.8795243124867698,5901,27510,3,12
6305,7.937093551124258,4.767201723972839,-1.7997104443915706,5901,4716,4,12
6306,25.368777144524238,15.23707354077089,2.5890484940619336,5901,14853,5,12
6307,21.360621274361115,12.829682541645402,-3.9465286840349445,5901,12614,6,12
6308,9.204682599966604,5.528544986466497,1.3183825569568854,5901,5409,7,12
6309,22.534369936912142,13.534663100534178,-3.227587690741926,5901,13242,8,12
6310,9.474605678615065,5.6906670223962275,1.7505016638001833,5901,5595,9,12
6311,22.461503505789725,13.490897838876485,5.093073704590734,5901,13346,11,12
6312,25.24415597050561,15.162223185058378,-1.5432826776919275,5901,14744,12,12
6313,7.181786730565819,4.313547000880328,1.9341291652485515,5901,4299,13,12
6314,21.01674458331061,12.623142257868878,-0.4279330058421917,5901,12260,14,12
6315,7.190758834323124,4.318935853641603,2.2475845876702905,5901,4342,15,12
6316,6.963195989015476,4.119663160743502,-2.1678683217787134,5939,4188,0,51
6317,21.37881074833025,12.648430289674502,0.4335875855278716,5939,12422,1,51
6318,7.824088405759113,4.628996343410914,-2.0987933370282605,5939,4665,2,51
6319,47.32090155135989,27.996651991676995,2.881513078824001,5939,27529,3,51
6320,7.978674122189565,4.720454501727913,-1.8020001523360893,5939,4722,4,51
6321,25.42983516553128,15.045153874813048,2.585039329895541,5939,14830,5,51
6322,21.353434370080087,12.633416762725785,-3.9296337618105994,5939,12560,6,51
6323,9.222353352919933,5.45625735988445,1.3157014314019722,5939,5398,7,51
6324,22.59630334303799,13.36874024487435,-3.2236878717529613,5939,13226,8,51
6325,9.47473644462232,5.605575765817739,1.7436185473384134,5939,5573,9,51
6326,25.409479702575535,15.033110891822053,-1.5472602103663913,5939,14782,12,51
6327,7.128054817679792,4.2171992410496,1.9120839619228525,5939,4250,13,51
6328,20.948549704449828,12.393873247940592,-0.4248613823092298,5939,12172,14,51
6329,7.240859248367335,4.283938172167611,2.254313882842956,5939,4355,15,51
6330,6.917355774413857,4.090912801031968,-2.1533744552529726,5940,4160,0,51
6331,21.92320287728797,12.965346039024253,0.44458260158336016,5940,12737,1,51
6332,7.804767848509118,4.615726838663891,-2.093394511724008,5940,4653,2,51
6333,47.406586034701675,28.03617682639977,2.886432658710838,5940,27576,3,51
6334,20.386417274200234,12.056493566903724,-4.603839440445273,5940,12064,4,51
6335,23.590622302191655,13.951455138003745,2.3978287944735714,5940,13756,5,51
6336,21.291027982331116,12.591478848350635,-3.917744742467542,5940,12522,6,51
6337,9.22159685663537,5.453637178284705,1.315457692715162,5940,5397,7,51
6338,22.567880541493416,13.346607346819415,-3.219300575390376,5940,13208,8,51
6339,9.511420742146642,5.62503854637226,1.7501887948701031,5940,5594,9,51
6340,40.21690052404016,23.784208668313887,-4.087778646350664,5940,23451,10,51
6341,7.259619413955919,4.2933269532011265,1.639430888275273,5940,4296,11,51
6342,25.518688827208866,15.09171050228743,-1.5537498689405165,5940,14844,12,51
6343,7.108662398878496,4.204051223352153,1.9066851366186,5940,4238,13,51
6344,25.202130527537918,14.904498445740213,-0.5110762701094104,5940,14642,14,51
6345,7.188396397305555,4.2512057785724044,2.2377494639563946,5940,4323,15,51
6346,6.928346460859673,4.034012933996151,-2.148198074350922,5979,4150,0,91
6347,21.857144775678588,12.726269568565051,0.4414760732375237,5979,12648,1,91
6348,7.827584676724831,4.5575922056213125,-2.091145001180569,5979,4648,2,91
6349,47.51174827876632,27.663600276931167,2.8813037349990296,5979,27527,3,91
6350,20.43068470028596,11.895716647103761,-4.595443844648705,5979,12042,4,91
6351,23.75563328697149,13.831659902732664,2.4049755653788796,5979,13797,5,91
6352,21.277230068314672,12.38861563579242,-3.8995983445228752,5979,12464,6,91
6353,9.229341326404606,5.373761617337147,1.3113141350393869,5979,5380,7,91
6354,22.637618613984234,13.180698569215798,-3.216375711148652,5979,13196,8,91
6355,9.563145285839122,5.568118163648037,1.7526917463107468,5979,5602,9,91
6356,7.315820663314487,4.259618849220347,1.6455367761273225,5979,4312,11,91
6357,47.41336597586772,27.60631741952625,-2.875337435987334,5979,27470,12,91
6358,7.140481718871189,4.157528173802574,1.9075849408359753,5979,4240,13,91
6359,25.251154290181493,14.702423382026607,-0.5100291257231734,5979,14612,14,91
6360,5.18373873758296,3.0182193156766384,1.6072662700866538,5979,3105,15,91
6361,6.872282299458188,3.99976381087012,-2.1305983792839505,5980,4116,0,91
6362,21.461859738209668,12.491100649580318,0.43344796627637333,5980,12418,1,91
6363,7.8098532905143925,4.545443158245575,-2.0861960779850044,5980,4637,2,91
6364,21.979458684391048,12.792350429968998,1.3327874616828075,5980,12733,3,91
6365,20.386947218785462,11.865486623890028,-4.585140158898372,5980,12015,4,91
6366,24.27291661849298,14.127174822630673,2.457094699541979,5980,14096,5,91
6367,21.20939396567233,12.344162061135279,-3.886770718389576,5980,12423,6,91
6368,22.559282467967233,13.129815930536788,-3.2049199928685685,5980,13149,8,91
6369,23.293968547664274,13.557413439759298,4.26878368201782,5980,13644,9,91
6370,41.2429501936383,24.003970216857784,-4.174934389098322,5980,23951,10,91
6371,7.3148672043432486,4.257354376661666,1.6451551581365693,5980,4311,11,91
6372,47.35258859893311,27.55986468192175,-2.8713599033128703,5980,27432,12,91
6373,21.174964206196236,12.324123462607348,-0.4276537673391952,5980,12252,14,91
6374,11.205025877469366,6.5214807907554375,3.4738692233660333,5980,6711,15,91
6375,6.889291054919466,3.94713113629898,-2.1274925507427205,6019,4110,0,131
6376,21.76153766432365,12.467994486494947,0.4377761630728196,6019,12542,1,131
6377,7.833848456939655,4.488303210727928,-2.0843964695502533,6019,4633,2,131
6378,22.005369331226014,12.60769471933077,1.3291239447458014,6019,12698,3,131
6379,20.405915051228245,11.69130786045975,-4.571401911231261,6019,11979,4,131
6380,24.556948365768694,14.069589270407889,2.4760946514609685,6019,14205,5,131
6381,21.22950831031099,12.16317507737028,-3.8751945679765996,6019,12386,6,131
6382,25.07674645106107,14.367400930662981,3.5485915412710844,6019,14559,7,131
6383,22.606792854603782,12.95227262964157,-3.199070264385121,6019,13125,8,131
6384,23.42684640604962,13.422111816365009,4.276292536339751,6019,13668,9,131
6385,41.287828076005184,23.655332667733305,-4.16308120808464,6019,23883,10,131
6386,7.3044965138715,4.185017789936673,1.6363779443492483,6019,4288,11,131
6387,25.3809418716095,14.541685803575833,-0.5105876027291664,6019,14628,14,131
6388,6.85645197182661,3.9267270687084848,-2.1171397889386196,6020,4090,0,131
6389,21.88518206880275,12.53376194951848,0.4402194999740393,6020,12612,1,131
6390,7.838013793031965,4.488872824089754,-2.0852962737676286,6020,4635,2,131
6391,21.78572594388397,12.476802889720183,1.3157259399476078,6020,12570,3,131
6392,9.119608022303176,5.22284875972796,-2.0428011045012884,6020,5353,4,131
6393,24.61991603237257,14.099958857859868,2.4821955534533044,6020,14240,5,131
6394,21.178491788601125,12.12903660996044,-3.865495631144105,6020,12355,6,131
6395,26.19377230970118,15.001314846618673,3.706290471637345,6020,15206,7,131
6396,22.579769001418068,12.931555636556464,-3.1949267067093463,6020,13108,8,131
6397,24.509111743700437,14.036500643400599,4.473399962290442,6020,14298,9,131
6398,41.24700398766238,23.62238191516593,-4.158549109461761,6020,23857,10,131
6399,7.274561228327025,4.166180497672032,1.629508820515693,6020,4270,11,131
6400,47.54383723887233,27.22861232066858,-2.8713599033128703,6020,27432,12,131
6401,25.27242242705703,14.473652793592384,-0.5083536947051941,6020,14564,14,131
6402,6.849363505798223,3.860993134898997,-2.106787027134519,6059,4070,0,171
6403,21.837597720601604,12.309875919208169,0.4375667341955722,6059,12536,1,171
6404,7.922710043586616,4.466039663713009,-2.099693141245636,6059,4667,2,171
6405,21.911904346711033,12.351762639491469,1.318238065847269,6059,12594,3,171
6406,20.413497255270226,11.507109046724864,-4.554992337628877,6059,11936,4,171
6407,24.72573407874764,13.937921305033328,2.4832414223662767,6059,14246,5,171
6408,21.215819301597044,11.959378795618116,-3.8573610389620128,6059,12329,6,171
6409,26.257231491745305,14.801227945525385,3.7009282205275187,6059,15184,7,171
6410,22.608472373753827,12.744418740766523,-3.186639591357796,6059,13074,8,171
6411,51.02362382282862,28.76206834851754,9.27687664581577,6059,29651,9,171
6412,41.39642590988417,23.335207149119043,-4.15750324054879,6059,23851,10,171
6413,7.3506376678243495,4.143561886965773,1.6401941242567792,6059,4298,11,171
6414,47.61324236557839,26.839632872187035,-2.8644515570888016,6059,27366,12,171
6415,24.983633256929497,14.08329933258484,-0.5006048262470403,6059,14342,14,171
6416,5.22369147960631,2.9446001697116673,1.6067486319964488,6059,3104,15,171
6417,6.816376155083809,3.8408305720967926,-2.096434265330418,6060,4050,0,171
6418,21.998282630666807,12.395395227488304,0.4407430721671578,6060,12627,1,171
6419,7.9744224733344256,4.49335613727174,-2.113190204506268,6060,4697,2,171
6420,11.379859544748937,6.412221311032065,0.6845543076577053,6060,6540,3,171
6421,20.37787619872521,11.482343127453923,-4.546596741832309,6060,11914,4,171
6422,24.648319658999508,13.888614352142616,2.4752230940334923,6060,14200,5,171
6423,21.162835069517644,11.92464471999875,-3.8473492331994383,6060,12297,6,171
6424,24.760390059972107,13.95176277771207,3.489606779062993,6060,14317,7,171
6425,22.543248196670838,12.702467542605072,-3.1771337825721946,6060,13035,8,171
6426,23.94221041612828,13.490742241572951,4.352632555279384,6060,13912,9,171
6427,7.337677429287491,4.134568744063903,1.6371411803307545,6060,4290,11,171
6428,47.57616508754212,26.80779129759002,-2.8619394311891404,6060,27342,12,171
6429,25.574941713644467,14.410739046450328,-0.5124026529986438,6060,14680,14,171
6430,5.148467816889228,2.9010125234676765,1.583454917937222,6060,3059,15,171
6431,6.8315635557848795,3.7899154923298224,-2.093328436789188,6098,4044,0,210
6432,22.837166317696592,12.66927105655936,0.45585685614184535,6098,13060,1,210
6433,8.012568320616547,4.445096142879539,-2.1154397150497064,6098,4702,2,210
6434,11.450080479179135,6.352109153653133,0.6862290582574795,6098,6556,3,210
6435,20.419245875000406,11.327892312123097,-4.538964382017248,6098,11894,4,210
6436,24.32871966726661,13.496733335291303,2.4340855834565973,6098,13964,5,210
6437,21.187907849718385,11.7543194254128,-3.837650296366944,6098,12266,6,210
6438,51.76869608086044,28.719484447806735,7.269018856743426,6098,29823,7,210
6439,22.54714795273099,12.508378885174588,-3.165921802978921,6098,12989,8,210
6440,24.87411324278043,13.799298852596147,4.505312593158649,6098,14400,9,210
6441,51.400052253027766,28.514973585418325,11.425642643147503,6098,29940,11,210
6442,47.735448391843214,26.48197794198405,-2.8608927120642815,6098,27332,12,210
6443,22.372029545835392,12.411229241777983,-0.4465721759172105,6098,12794,14,210
6444,5.121983358343163,2.8414994492443175,1.5694786895016857,6098,3032,15,210
6445,6.795056531958672,3.7681118485669725,-2.0819403988046767,6099,4022,0,210
6446,22.930314970588583,12.71571341984723,0.4576719064113228,6099,13112,1,210
6447,7.987780390171712,4.429521636853985,-2.1086911834193907,6099,4687,2,210
6448,11.484375746199145,6.3685139511524165,0.6882178245947114,6099,6575,3,210
6449,20.373148479432487,11.29766938904853,-4.528279078276161,6099,11866,4,210
6450,24.949632039144305,13.835499919967052,2.4959661608074346,6099,14319,5,210
6451,21.136405420516482,11.720923781366375,-3.827951359534449,6099,12235,6,210
6452,22.455584959178065,12.452457952809832,-3.1527599138911655,6099,12935,8,210
6453,24.337530001163568,13.496066549398408,4.407697486973546,6099,14088,9,210
6454,51.380991184518514,28.49267268975782,11.420299991276961,6099,29926,11,210
6455,47.74006964184259,26.473646131239214,-2.8608927120642815,6099,27332,12,210
6456,22.65750158320208,12.564428238830134,-0.45222675560289033,6099,12956,14,210
6457,5.087000302766674,2.8209310731067014,1.5586082896073798,6099,3011,15,210
6458,6.790023063720244,3.7051160648358024,-2.0726229131809863,6138,4004,0,250
6459,22.22466693026954,12.127347684420084,0.4419298358048931,6138,12661,1,250
6460,7.990375750421997,4.3601132542755,-2.101492749680387,6138,4671,2,250
6461,11.578302006081728,6.3179391827794085,0.6912533100568021,6138,6604,3,250
6462,20.404768946437265,11.13428283132888,-4.518357010516581,6138,11840,4,250
6463,21.165410463986596,11.54934255642928,-3.818878160562116,6138,12206,6,250
6464,25.00029945350764,13.641928791939272,3.4969189396673017,6138,14347,7,250
6465,22.477093653780937,12.265089530021934,-3.143985321165995,6138,12899,8,250
6466,24.463510636238155,13.349018907594978,4.413954865575154,6138,14108,9,250
6467,47.743840131680436,26.05241063377481,-2.850425520815693,6138,27232,12,250
6468,22.029821497107868,12.021026256968018,-0.4380554015758162,6138,12550,14,250
6469,5.063688528538623,2.763106036363563,1.545667337352254,6138,2986,15,250
6470,6.760142139217122,3.68727988769412,-2.0633054275572955,6139,3986,0,250
6471,22.614755655378872,12.33508585706339,0.4496437994501724,6139,12882,1,250
6472,7.934680284014829,4.327924831166225,-2.086645980093692,6139,4638,2,250
6473,47.84657639171355,26.097634515805744,2.8562871479149026,6139,27288,3,250
6474,20.367070517832705,11.1090991794367,-4.50957979672926,6139,11817,4,250
6475,24.492892135403686,13.35950438651492,2.4408837313909144,6139,14003,5,250
6476,21.132742241509956,11.52673033114177,-3.812620781960507,6139,12186,6,250
6477,24.13655248711399,13.165141014966231,3.375780812322585,6139,13850,7,250
6478,22.378156713865035,12.206034351854253,-3.129848477330998,6139,12841,8,250
6479,24.110332790391674,13.150839635143939,4.34981673490866,6139,13903,9,250
6480,47.748386407913486,26.044077364937774,-2.850425520815693,6139,27232,12,250
6481,22.072296448927077,12.039204663938674,-0.4388582122719312,6139,12573,14,250
6482,5.037035161433731,2.7474212911318454,1.5373851279089732,6139,2970,15,250
6483,6.778274942499118,3.637526026458418,-2.061234875196475,6178,3982,0,34
6484,22.573090775338915,12.113731869753588,0.44716555773607813,6178,12811,1,34
6485,7.9227448546249395,4.251699857878918,-2.0758483294851864,6178,4614,2,34
6486,20.412807067128337,10.95442684306005,-4.503092290886458,6178,11800,4,34
6487,24.702638112166106,13.256542382457296,2.452736912404596,6178,14071,5,34
6488,21.163716368484565,11.357398417740068,-3.8041733208483346,6178,12159,6,34
6489,47.67284202550267,25.583382954228572,6.643097909014589,6178,27255,7,34
6490,22.30329879534707,11.968949405590477,-3.1079119955180707,6178,12751,8,34
6491,51.508994036726996,27.64203399754764,9.258730247871105,6178,29593,9,34
6492,51.58039562038691,27.68035128640012,11.378703630284873,6178,29817,11,34
6493,47.87175945535304,25.690130959338287,-2.847285363441116,6178,27202,12,34
6494,21.87357340450061,11.738339507542038,-0.43330834702487503,6178,12414,14,34
6495,5.050512745955521,2.710331421522382,1.5358322136383582,6178,2967,15,34
6496,6.758481049231431,3.625384597555402,-2.0550232181140147,6179,3970,0,34
6497,22.650978136971517,12.150438339496288,0.4486664646896846,6179,12854,1,34
6498,7.892575923799904,4.233735802578701,-2.067750091528807,6179,4596,2,34
6499,20.38530762901067,10.935087300873363,-4.496604785043655,6179,11783,4,34
6500,11.858236231911034,6.360995418376224,1.1772997730353665,6179,6754,5,34
6501,21.141327879323846,11.340631705149981,-3.799793155827208,6179,12145,6,34
6502,47.59159049944102,25.52908233566155,6.631154713360885,6179,27206,7,34
6503,22.1829360848126,11.899371208502687,-3.0908502874413504,6179,12681,8,34
6504,51.52948438729885,27.64144748751336,9.26154606824183,6179,29602,9,34
6505,51.611176880985006,27.685268977310887,11.38442790014617,6179,29832,11,34
6506,5.182722832469128,2.7801163298917575,1.3578045640195693,6179,3018,13,34
6507,22.002498289888464,11.802580761393392,-0.43582149355184385,6179,12486,14,34
6508,5.042473770232619,2.7048839239191684,1.533244023187333,6179,2962,15,34
6509,6.759081596893198,3.5666752380530733,-2.0477762848511443,6218,3956,0,74
6510,22.883486356053634,12.075303867314966,0.45163337378402274,6218,12939,1,74
6511,7.8919114683620295,4.164454121703762,-2.0601017556811154,6218,4579,2,74
6512,11.81199781138978,6.233030257422223,0.6999410787931308,6218,6687,3,74
6513,20.401968439648346,10.76584068384104,-4.484011391348803,6218,11750,4,74
6514,11.890686479527664,6.27455319513787,1.1762539041223947,6218,6748,5,74
6515,21.202307222825713,11.188168551775691,-3.796977335456484,6218,12136,6,74
6516,47.73616717327192,25.189724813313457,6.62725489437192,6218,27190,7,74
6517,22.196703257509267,11.712897786492167,-3.081588217342559,6218,12643,8,74
6518,51.54697384718792,27.200635557032115,9.231197782024024,6218,29505,9,74
6519,24.387085656355215,12.86873272528357,-1.445100423780165,6218,13806,12,74
6520,5.153268244246009,2.7193094177537125,1.345207304976313,6218,2990,13,74
6521,22.126539748093904,11.675873458843615,-0.43669411387370805,6218,12511,14,74
6522,5.048808422350708,2.664187393439543,1.5296205565558976,6218,2955,15,74
6523,6.715277225755581,3.5420620123127424,-2.034317694505813,6219,3930,0,74
6524,22.806000709262594,12.029327464729851,0.4500626572046672,6219,12894,1,74
6525,7.865059625863022,4.148529984509989,-2.052903321942112,6219,4563,2,74
6526,11.850183570693295,6.250536448994107,0.7021391889553344,6219,6708,3,74
6527,20.37953615578151,10.749456562878631,-4.47866873947826,6219,11736,4,74
6528,11.865347401318648,6.25853481251858,1.1736392318399649,6219,6733,5,74
6529,21.17106242729758,11.166957589840205,-3.791032825784955,6219,12117,6,74
6530,47.70720243036305,25.163796483962702,6.622623859322524,6219,27171,7,74
6531,22.149584434103637,11.68309199680503,-3.074763534111871,6219,12615,8,74
6532,51.52201773179426,27.175971396319877,9.225879010212656,6219,29488,9,74
6533,5.331047716278906,2.8119318036841685,1.1715672316119852,6219,3070,11,74
6534,5.131335197500377,2.7065907876147794,1.339358577563372,6219,2977,13,74
6535,22.178101666933742,11.698133789378597,-0.4376714486341959,6219,12539,14,74
6536,5.035603558346488,2.656095865212634,1.5254794518342574,6219,2947,15,74
6537,6.711186617171528,3.483208061940202,-2.0260354850625326,6257,3914,0,113
6538,11.760343238625358,6.103797244313289,0.2312792901068811,6257,6626,1,113
6539,7.86472611174492,4.081912627386765,-2.045704888203108,6257,4547,2,113
6540,11.967604550348147,6.211369021571568,0.7066400811922275,6257,6751,3,113
6541,20.425985037883823,10.601397311018694,-4.473326087607716,6257,11722,4,113
6542,11.869458047423292,6.160429491837082,1.1699786906445633,6257,6712,5,113
6543,21.19731940356887,11.001731593801313,-3.7825853646727823,6257,12090,6,113
6544,25.00512490420494,12.978040639384933,3.459139443211706,6257,14192,7,113
6545,22.19310550263285,11.518559744482285,-3.0701324990624754,6257,12596,8,113
6546,51.737940304376664,26.85277895793904,9.232449257744346,6257,29509,9,113
6547,48.097325827291655,24.963244599804444,-2.839958329567104,6257,27132,12,113
6548,5.1042020575674645,2.649158602027346,1.3276611227374913,6257,2951,13,113
6549,22.40606294059863,11.629087898009503,-0.4406383577285341,6257,12624,14,113
6550,5.042820603245136,2.617300692428752,1.5223736232930272,6257,2941,15,113
6551,6.708364815079814,3.480257413155889,-2.025000208882122,6258,3912,0,113
6552,11.690406813334535,6.0649094222571085,0.22988309759189843,6258,6586,1,113
6553,7.820463403848463,4.057207156411056,-2.0340074333772273,6258,4521,2,113
6554,12.099881308755842,6.277342211389987,0.7143858027161832,6258,6825,3,113
6555,10.166864827218422,5.2745054359509815,-2.226359358053525,6258,5834,4,113
6556,11.849310418888976,6.147347611957956,1.1678869528186195,6258,6700,5,113
6557,21.153649483285385,10.974380114810332,-3.7744507724906904,6258,12064,6,113
6558,24.91047541150817,12.92339774385203,3.4457338154371397,6258,14137,7,113
6559,22.179256844072526,11.506458753757197,-3.0679388508811827,6258,12587,8,113
6560,51.70931061522596,26.826464653991767,9.226504748072816,6258,29490,9,113
6561,24.402505247735835,12.659866022357594,-2.4051498768643746,6258,13798,10,113
6562,5.082176837095064,2.636601332788251,1.3218123953245509,6258,2938,13,113
6563,22.353066049244124,11.596629874655902,-0.4395563085294225,6258,12593,14,113
6564,5.046706965945781,2.618199787044423,1.5234088994734372,6258,2943,15,113
6565,6.720974969765702,3.4304201740499423,-2.021894380340892,6296,3906,0,152
6566,11.787368847553697,6.016333653304118,0.23100005160388457,6296,6618,1,152
6567,7.812485183613363,3.987532598156338,-2.025009391203473,6296,4501,2,152
6568,11.863733562034795,6.055310596131604,0.6980569843683848,6296,6669,3,152
6569,9.269592480279279,4.731247652701822,-2.022956968982128,6296,5301,4,152
6570,11.889820267905192,6.068625384907768,1.1678869528186195,6296,6700,5,152
6571,21.18550127551256,10.813188756067126,-3.7672547870988398,6296,12041,6,152
6572,47.88723656823018,24.441891710970857,6.6014185935700285,6296,27084,7,152
6573,22.17905388834291,11.320303117058723,-3.05745808734834,6296,12544,8,152
6574,51.84914351699026,26.464069383983233,9.219934500541127,6296,29469,9,152
6575,10.42544998442276,5.321203264555416,2.2752064608699203,6296,5962,11,152
6576,48.13448833731256,24.568090284919617,-2.832212608043148,6296,27058,12,152
6577,5.057894206853885,2.581575203516456,1.3110147447160454,6296,2914,13,152
6578,12.581742752964537,6.421786178141475,-0.24656759814594145,6296,7064,14,152
6579,5.074284481781632,2.5899408840945415,1.5265147280146671,6296,2949,15,152
6580,6.6837152632798205,3.4099323346285235,-2.010506342356381,6297,3884,0,152
6581,11.852544294113969,6.046992195816998,0.23225662486736898,6297,6654,1,152
6582,7.7923504999644955,3.9755415791828046,-2.01961056589922,6297,4489,2,152
6583,47.948412288734126,24.462568349630935,2.8210127134071583,6297,26951,3,152
6584,9.31413823575387,4.75193509720393,-2.0324974187509555,6297,5326,4,152
6585,47.90604536005375,24.44095337138376,4.705189927975074,6297,26993,5,152
6586,21.145157721376886,10.787945655177491,-3.7597459327769087,6297,12017,6,152
6587,24.955426238738564,12.731888104723568,3.4398840869536924,6297,14113,7,152
6588,22.13682286422221,11.293878493802476,-3.0513646201780826,6297,12519,8,152
6589,51.80977148607981,26.432576505870525,9.212112777289114,6297,29444,9,152
6590,27.54956996718091,14.055381735412517,-2.7058371893437956,6297,15523,10,152
6591,5.228928525141583,2.6677217312504227,1.141037792351738,6297,2990,11,152
6592,5.034042425907114,2.5682937357162245,1.3047161151944169,6297,2900,13,152
6593,12.584644640504235,6.420498927479274,-0.24660250295881603,6297,7065,14,152
6594,5.078178100396177,2.5908111018251216,1.5275500041950774,6297,2951,15,152
6595,6.682596155347032,3.3522321465583764,-2.0032594090935105,6336,3870,0,192
6596,11.970288624430859,6.00473010751842,0.23375753182097536,6336,6697,1,192
6597,7.803553644167625,3.9145450024599016,-2.015561446921031,6336,4480,2,192
6598,48.07096605835577,24.114136780208955,2.8185005875074967,6336,26927,3,192
6599,20.399992671594052,10.23337481923918,-4.436309142504666,6336,11625,4,192
6600,48.01787216792237,24.087502962728557,4.699960583410214,6336,26963,5,192
6601,21.218098521004908,10.643766329354323,-3.7597459327769087,6336,12017,6,192
6602,47.98395613127434,24.070489450959723,6.591425307410806,6336,27043,7,192
6603,22.15995370792757,11.116234986985024,-3.044052459573774,6336,12489,8,192
6604,5.178720392952268,2.59783362270086,0.9176445719259944,6336,2933,9,192
6605,26.99636257810834,13.542352757927612,-2.6423878086235004,6336,15159,10,192
6606,5.199585228897478,2.6083001797338228,1.1307341066014045,6336,2963,11,192
6607,5.056633086834512,2.536590210299351,1.3060658215204801,6336,2903,13,192
6608,12.658441696016027,6.349932599887331,-0.24719588477768364,6336,7082,14,192
6609,5.0956954145811615,2.556185287982886,1.5275500041950774,6336,2951,15,192
6610,6.648642724680216,3.3337475931369664,-1.9929066472894097,6337,3850,0,192
6611,12.117916962477969,6.076138872304587,0.23661972647668986,6337,6779,1,192
6612,7.78507455386959,3.903574704054035,-2.0106125237254657,6337,4469,2,192
6613,12.058518418164514,6.046355386811261,0.7069540969296852,6337,6754,3,192
6614,9.768283758733581,4.897991036407102,-2.1240857365316965,6337,5566,4,192
6615,12.237498822569478,6.13609934164716,1.1976942168383187,6337,6871,5,192
6616,21.186405152218068,10.623239976671893,-3.7538014231053802,6337,11998,6,192
6617,47.96331331060788,24.04965749092856,6.588012965795462,6337,27029,7,192
6618,22.112207153926697,11.087453549685922,-3.0372277763430855,6337,12461,8,192
6619,47.91397877982039,24.024920280631367,8.489385548803249,6337,27134,9,192
6620,26.606897818420233,13.341171309105942,-2.6040392818145306,6337,14939,10,192
6621,5.156165591656354,2.585393040776872,1.1211936568325773,6337,2938,11,192
6622,5.069269848234618,2.541821971089112,1.3092151362812945,6337,2910,13,192
6623,12.471855236348839,6.253609811486813,-0.24353087942585414,6337,6977,14,192
6624,5.103049156215595,2.5587595162908405,1.5296205565558976,6337,2955,15,192
6625,6.6469217879700775,3.276456965183691,-1.9856597140265393,6376,3836,0,232
6626,12.184105656743197,6.005892519424657,0.2371083938569338,6376,6793,1,232
6627,7.778254265474712,3.8341229486419675,-2.0020643836603984,6376,4450,2,232
6628,11.674823383737856,5.754852789477343,0.6821468536705299,6376,6517,3,232
6629,9.635868336025906,4.74979380414927,-2.0882136454009066,6376,5472,4,232
6630,12.048449625481384,5.939023799936883,1.1752080352094227,6376,6742,5,232
6631,21.229874865616054,10.464809665628493,-3.748795520224093,6376,11982,6,232
6632,48.07604695624642,23.698052110884998,6.581188282564774,6376,27001,7,232
6633,22.11060150004326,10.89894489511388,-3.026747012810243,6376,12418,8,232
6634,48.04805096025507,23.684252087507385,8.484379645921962,6376,27118,9,232
6635,26.232452099145835,12.930722390874148,-2.5587182955857486,6376,14679,10,232
6636,5.1454691662769925,2.5363482265577795,1.1150877689805279,6376,2922,11,232
6637,48.282927702701045,23.80002952002353,-2.8211173853196443,6376,26952,12,232
6638,5.0934456021558,2.5107043308635264,1.3110147447160454,6376,2914,13,232
6639,11.927617049513067,5.879461983538049,-0.23211700561587073,6376,6650,14,232
6640,5.120347727698535,2.523965154358135,1.5296205565558976,6376,2955,15,232
6641,6.626698457505646,3.2650508331651773,-1.9794480569440787,6377,3824,0,232
6642,12.65691807553553,6.236209655959809,0.24628835964294493,6377,7056,1,232
6643,7.71948885732662,3.803481279078875,-1.9867677119650158,6377,4416,2,232
6644,12.093269359543296,5.958493426443059,0.7065354092797417,6377,6750,3,232
6645,9.619086261448173,4.739434850344902,-2.0843974654933755,6377,5462,4,232
6646,12.054847678859938,5.939562620804134,1.1757309696659086,6377,6745,5,232
6647,21.146646610537154,10.419196916404292,-3.733777811580231,6377,11934,6,232
6648,48.044568683502696,23.672113649815703,6.5763135088285685,6377,26981,7,232
6649,22.07688975716491,10.877538454112711,-3.0218722390740367,6377,12398,8,232
6650,48.01320065016882,23.656658257658012,8.477496529460192,6377,27096,9,232
6651,25.877263090024172,12.750026269328844,-2.5238559984866855,6377,14479,10,232
6652,5.138867394893038,2.5319792920736774,1.1135612970175155,6377,2918,11,232
6653,47.025797651747034,23.17015340107814,-2.747428358929579,6377,26248,12,232
6654,5.090387579831321,2.5080927275085334,1.3101149404986698,6377,2912,13,232
6655,12.122371365429297,5.972832320716608,-0.23588672540632394,6377,6758,14,232
6656,5.117322318256844,2.5213637840838827,1.5285852803754874,6377,2953,15,232
6657,6.641814487830192,3.2165009736695347,-1.9773775045832587,6416,3820,0,16
6658,11.836990302905736,5.732423105820801,0.2295689542760273,6416,6577,1,16
6659,7.713629197198771,3.735559893877892,-1.9786694740086364,6416,4398,2,16
6660,12.16949832167712,5.893450242018409,0.7086288475294594,6416,6770,3,16
6661,9.598114751751496,4.648179424608751,-2.072948925770783,6416,5432,4,16
6662,12.220520006182468,5.918159046847332,1.187932773650581,6416,6815,5,16
6663,21.186853645027178,10.26037922364298,-3.7284590397688624,6416,11917,6,16
6664,48.15634687098938,23.321177802047835,6.56973256428469,6416,26954,7,16
6665,22.08252754045517,10.694136589497337,-3.0126101689752454,6416,12360,8,16
6666,48.169557158543796,23.327575286177975,8.47687079160003,6416,27094,9,16
6667,25.48287744796171,12.340859605979082,-2.4771405203739403,6416,14211,10,16
6668,5.143614146235015,2.490951823460249,1.110889971082244,6416,2911,11,16
6669,48.41195403240889,23.44496335569273,-2.8190239470699265,6416,26932,12,16
6670,5.07050977924094,2.455548807003408,1.3006669962162274,6416,2891,13,16
6671,12.812457650355167,6.204822881304284,-0.24848736285404263,6416,7119,14,16
6672,5.144798185730245,2.491525230651349,1.5316911089167178,6416,2959,15,16
6673,6.600643568187482,3.195140609629357,-1.9649541904183376,6417,3796,0,16
6674,12.251969308925034,5.93074967349411,0.23759706123717775,6417,6807,1,16
6675,7.675692112186308,3.7155339962392,-1.9687716276175067,6417,4376,2,16
6676,11.76424327470348,5.6946585647686785,0.6849729953076489,6417,6544,3,16
6677,9.531775795421012,4.613999167083461,-2.0584474421221652,6417,5394,4,16
6678,12.221552733658303,5.916026073615308,1.187932773650581,6417,6815,5,16
6679,21.153083730297862,10.239467734829372,-3.7222016611672535,6417,11897,6,16
6680,48.11217384332643,23.28942002038327,6.563151619740812,6417,26927,7,16
6681,22.07903339332212,10.687687569795228,-3.011878952914815,6417,12357,8,16
6682,5.227373805755713,2.530388765268417,0.9198346544365575,6417,2940,9,16
6683,24.39647885380595,11.80948183499085,-2.3713334486782833,6417,13604,10,16
6684,5.138747499644846,2.4874878713160364,1.1097451171099846,6417,2908,11,16
6685,48.416045213067555,23.436513518696525,-2.8190239470699265,6417,26932,12,16
6686,5.104265092884405,2.470796144665464,1.3092151362812945,6417,2910,13,16
6687,11.841590433879507,5.732099618321985,-0.22963876390177643,6417,6579,14,16
6688,5.152188327855508,2.493994105988352,1.533761661277538,6417,2963,15,16
6689,6.590290270106514,3.136350623670664,-1.9556367047946468,6455,3778,0,55
6690,12.594382344750516,5.993726725646437,0.243461069800105,6455,6975,1,55
6691,7.68256911620272,3.6561713447268165,-1.964272606530629,6455,4366,2,55
6692,48.35039563886228,23.0101842713247,2.806253973746648,6455,26810,3,55
6693,9.521394084911085,4.531276932046639,-2.0496702283348442,6455,5371,4,55
6694,11.96367710832394,5.69357109053101,1.1591713785438538,6455,6650,5,55
6695,21.2009081669687,10.089613480831108,-3.7187601029363684,6455,11886,6,55
6696,48.2368964852847,22.956169481911882,6.559251800751848,6455,26911,7,55
6697,22.10461920614362,10.5196938817189,-3.0057854857445574,6455,12332,8,55
6698,5.201232392300246,2.475291343606218,0.9123258001146264,6455,2916,9,55
6699,24.130646775029927,11.483890080795854,-2.338039954948678,6455,13413,10,55
6700,5.1161316941078745,2.4347915147805996,1.1013495213134166,6455,2886,11,55
6701,48.45138863236382,23.058247319411016,-2.812115600845858,6455,26866,12,55
6702,5.1398956455401175,2.446100892795931,1.3141640594768595,6455,2921,13,55
6703,11.814343180172418,5.622502360703173,-0.22838219063829204,6455,6543,14,55
6704,5.1912927061506045,2.470560999482238,1.5404909564502034,6455,2976,15,55
6705,6.580370381053048,3.1302212103039673,-1.9525308762534166,6456,3772,0,55
6706,11.735869280718974,5.582644261124783,0.2268463788718111,6456,6499,1,55
6707,7.630413668960445,3.6297170716629226,-1.9507755432699974,6456,4336,2,55
6708,48.31292822732572,22.98201224425107,2.8038465197594724,6456,26787,3,55
6709,9.513320353788206,4.525398332833481,-2.047762138381079,6456,5366,4,55
6710,11.979064230460855,5.698329845041568,1.1605658704278161,6456,6658,5,55
6711,21.150937584158047,10.061305004104014,-3.709686903964035,6456,11857,6,55
6712,48.206842785884774,22.93154838284609,6.554620765702452,6456,26892,7,55
6713,22.058054457842932,10.492812094709247,-2.999204541200679,6456,12305,8,55
6714,5.180258306856284,2.464200871377081,0.9085713729536609,6456,2904,9,55
6715,23.78180699883322,11.312785204529805,-2.3040492152770913,6456,13218,10,55
6716,5.068688574632962,2.4111281836695713,1.0910458355630832,6456,2859,11,55
6717,48.41934039611701,23.03263152682884,-2.81002216259614,6456,26846,12,55
6718,5.136802928896572,2.443529550780459,1.313264255259484,6456,2919,13,55
6719,11.815324312008656,5.620440283203486,-0.22838219063829204,6456,6543,14,55
6720,5.189979290464692,2.4688250531957325,1.5399733183599984,6456,2975,15,55
6721,6.573522290262765,3.072270466776257,-1.944248666810136,6495,3756,0,95
6722,11.771785366146522,5.50178533283641,0.22681147405893654,6495,6498,1,95
6723,7.626696388241153,3.5644929823042886,-1.9435771095309937,6495,4320,2,95
6724,11.728492952404418,5.481551735336886,0.6784833367335238,6495,6482,3,95
6725,9.504774203345216,4.442251168991938,-2.039366542584511,6495,5344,4,95
6726,10.986928696046066,5.134966470477977,1.0610340122099904,6495,6087,5,95
6727,21.206405211645222,9.911248423807107,-3.7074968214534714,6495,11850,6,95
6728,48.338436082580756,22.591959535399745,6.551452162773918,6495,26879,7,95
6729,22.039046623461708,10.300400465282337,-2.987017606860165,6495,12255,8,95
6730,5.180805323857631,2.421355627588319,0.9057555525829367,6495,2895,9,95
6731,23.643466237803093,11.050258879052247,-2.2833061485031485,6495,13099,10,95
6732,5.074311527347287,2.37158356757747,1.0887561276185647,6495,2853,11,95
6733,48.53157018966234,22.682224721568335,-2.8075100366964785,6495,26822,12,95
6734,5.1515509400202975,2.407682991287943,1.3128143531507963,6495,2918,13,95
6735,12.867804163702484,6.014032197466454,-0.24792888584804956,6495,7103,14,95
6736,5.257417720966279,2.457162002714557,1.5549848229759446,6495,3004,15,95
6737,6.574058402491143,3.0711231239145436,-1.944248666810136,6496,3756,0,95
6738,11.97747307396988,5.595370815323735,0.2307557179137626,6496,6611,1,95
6739,7.58847556831192,3.545016086907922,-1.9336792631398636,6496,4298,2,95
6740,11.175729716060554,5.220830095547471,0.6464537315128421,6496,6176,3,95
6741,9.430842589892709,4.405692341407009,-2.0233385869728813,6496,5302,4,95
6742,11.06183506890837,5.167623314721396,1.0681807831152985,6496,6128,5,95
6743,9.324420416199501,4.355976385369471,-1.6300471257192057,6496,5210,6,95
6744,5.30742805239613,2.4794067868411283,0.7192728647771804,6496,2951,7,95
6745,21.9617092334155,10.259585318236875,-2.976293104640512,6496,12211,8,95
6746,5.141854098990628,2.402057611356332,0.8988724361211666,6496,2873,9,95
6747,23.53889185681546,10.996378593989395,-2.273021770858925,6496,13040,10,95
6748,5.078282835560861,2.3723597953068674,1.0895193636000708,6496,2855,11,95
6749,48.55362366278121,22.682207435837068,-2.808556755821338,6496,26832,12,95
6750,5.151971081510978,2.4067838393665233,1.3128143531507963,6496,2918,13,95
6751,12.435845587615983,5.809503142698852,-0.23958663557102805,6496,6864,14,95
6752,5.299853259516288,2.475868162729829,1.5674081371408657,6496,3028,15,95
6753,6.5948104179957845,3.026304127529368,-1.944248666810136,6535,3756,0,135
6754,13.014889259989324,5.972425375468696,0.24995336499477447,6535,7161,1,135
6755,7.601802808174737,3.4884046328711698,-1.9309798504877371,6535,4292,2,135
6756,11.370749943522023,5.217943398840404,0.6556648598116003,6535,6264,3,135
6757,9.18403855733586,4.214479572848904,-1.9641877984061522,6535,5147,4,135
6758,11.728732374906139,5.38221858508753,1.1290154915531638,6535,6477,5,135
6759,21.221220465983755,9.738243105847292,-3.698110753551058,6535,11820,6,135
6760,5.307943994449779,2.435771735797661,0.7170792165958878,6535,2942,7,135
6761,22.011188556181956,10.100752949262905,-2.973611979085599,6535,12200,8,135
6762,5.143722219546824,2.3604117172802446,0.8963694846805229,6535,2865,9,135
6763,23.519032898761914,10.792690286107279,-2.2639575736131685,6535,12988,10,135
6764,5.110372338878939,2.3451077320068507,1.0929539255168486,6535,2864,11,135
6765,48.70689056267288,22.351190497714835,-2.808556755821338,6535,26832,12,135
6766,5.187716781254382,2.380600458918839,1.3177632763463614,6535,2929,13,135
6767,12.667752847664515,5.813127337943975,-0.24328654573573213,6535,6970,14,135
6768,5.332385314018422,2.4469876558324524,1.5720668799527109,6535,3037,15,135
6769,6.595338507260316,3.025153069888576,-1.944248666810136,6536,3756,0,135
6770,13.005025764644317,5.9651515343124375,0.24974393611752707,6536,7155,1,135
6771,7.57052816768262,3.4724535369840233,-1.9228816125313581,6536,4274,2,135
6772,12.057881363883409,5.530714880540158,0.6952308427312659,6536,6642,3,135
6773,9.095549444499229,4.1719510369423025,-1.9451068988684979,6536,5097,4,135
6774,11.316769745990602,5.190781443684643,1.0892724728602319,6536,6249,5,135
6775,9.33664829876715,4.282538376520448,-1.626918436418401,6536,5200,6,135
6776,5.265064869802196,2.414982511740841,0.7112294881124407,6536,2918,7,135
6777,21.991299051798894,10.08697973032809,-2.970687114843875,6536,12188,8,135
6778,5.12977003645726,2.3529254118690237,0.8938665332398793,6536,2857,9,135
6779,23.368794495481307,10.718810009490578,-2.249315408831562,6536,12904,10,135
6780,5.114350541089816,2.3458527902445825,1.093717161498355,6536,2866,11,135
6781,48.605497686933816,22.294393286898853,-2.802485784897156,6536,26774,12,135
6782,5.189903493521309,2.3805074551621868,1.318213178455049,6536,2930,13,135
6783,12.977761559686993,5.952645975540294,-0.24922036392440858,6536,7140,14,135
6784,5.269598205614539,2.4170618644131032,1.5534319087053294,6536,3001,15,135
6785,6.614736438279759,2.9824994507461384,-1.944248666810136,6573,3756,0,173
6786,12.58753570898161,5.675557701895132,0.2410177328988853,6573,6905,1,173
6787,7.54305206727742,3.401065009546334,-1.9102843534881018,6573,4246,2,173
6788,12.067855155408639,5.441240434675651,0.6937654359564633,6573,6628,3,173
6789,9.10977271565612,4.107479167821899,-1.942435572933226,6573,5090,4,173
6790,11.546214472511174,5.206039370393619,1.108098113293726,6573,6357,5,173
6791,10.224886552882154,4.6102696324274675,-1.7764697849968618,6573,5678,6,173
6792,5.195496842195886,2.3425825991386486,0.6997737698323568,6573,2871,7,173
6793,22.027024577920002,9.931701635916278,-2.9667872958549104,6573,12172,8,173
6794,5.144857499398436,2.319749971793814,0.8938665332398793,6573,2857,9,173
6795,23.40846501836149,10.55457533516328,-2.246526425063637,6573,12888,10,173
6796,5.118654217441357,2.307935249503071,1.0914274535538362,6573,2860,11,173
6797,48.704756398186646,21.960347258233803,-2.799973658997495,6573,26750,12,173
6798,5.221156388537055,2.354152158044436,1.3222622974332385,6573,2939,13,173
6799,13.125308776925067,5.91803265078131,-0.2513146526968826,6573,7200,14,173
6800,5.378435857962296,2.4250674447760137,1.5808667274861967,6573,3054,15,173
6801,6.5412843608390485,2.948007193322775,-1.922507867021524,6574,3714,0,173
6802,11.810061115740424,5.322524324308462,0.22611337780144516,6574,6478,1,173
6803,7.511665894087752,3.3853359475061233,-1.9021861155317223,6574,4228,2,173
6804,11.502510403805575,5.1839182553652705,0.6612124711733524,6574,6317,3,173
6805,9.101540066994533,4.101855860058295,-1.9405274829794605,6574,5085,4,173
6806,11.716052044428741,5.280156586846443,1.1243090814447905,6574,6450,5,173
6807,10.544455978335835,4.75214504660704,-1.8318475856211036,6574,5855,6,173
6808,5.14161193620698,2.3172068567996282,0.692461609228048,6574,2841,7,173
6809,21.985322703640403,9.908281906512455,-2.960937567371463,6574,12148,8,173
6810,5.134456702687526,2.313982156768005,0.8919893196593964,6574,2851,9,173
6811,23.32856688474393,10.513651324785872,-2.2386824082163477,6574,12843,10,173
6812,5.120846830220522,2.3078484986483345,1.0918090715445894,6574,2861,11,173
6813,48.68309611463446,21.94035752342028,-2.7985082522226925,6574,26736,12,173
6814,5.212683948262409,2.349237386467116,1.3200127868898,6574,2934,13,173
6815,13.155511116267816,5.9288878549258826,-0.2518731297028756,6574,7216,14,173
6816,5.486295310719881,2.4725477671514393,1.6124426509887042,6574,3115,15,173
6817,6.501134290816943,2.8768346822827446,-1.9049081719545526,6613,3680,0,213
6818,11.81127210319042,5.226638261623571,0.22545018635682842,6613,6459,1,213
6819,7.513150273049958,3.3246646372530373,-1.8967872902274698,6613,4216,2,213
6820,11.809666865567769,5.225927923541081,0.6768085861337496,6613,6466,3,213
6821,9.028711011325514,3.9953195568315825,-1.9191568754972876,6613,5029,4,213
6822,5.172579316949881,2.2889321940140817,0.4948703073212031,6613,2839,5,213
6823,10.578364694994962,4.681061038745698,-1.8321604545511838,6613,5856,6,213
6824,5.151819532215208,2.279745724999622,0.6917303931676171,6613,2838,7,213
6825,22.00324332275565,9.736715268752791,-2.9543566228275853,6613,12121,8,213
6826,5.151894827548776,2.279779044143226,0.8923021885894769,6613,2852,9,213
6827,23.343108914674843,10.329622849492221,-2.233278752165993,6613,12812,10,213
6828,5.145413751930587,2.2769110856789254,1.093717161498355,6613,2866,11,213
6829,48.794781933267636,21.59231215671567,-2.7964148139729748,6613,26716,12,213
6830,5.2535026102825615,2.32474178145682,1.326311416411428,6613,2948,13,213
6831,13.047441779882899,5.773659079839631,-0.2490458398600357,6613,7135,14,213
6832,6.193743702066359,2.7408104337182886,1.8148391442588756,6613,3506,15,213
6833,6.483968804239063,2.8678855743768974,-1.8997317910525022,6614,3670,0,213
6834,12.702807100560358,5.618502854913843,0.24244883022674255,6614,6946,1,213
6835,7.488779704339326,3.312317491367342,-1.8904886607058415,6614,4202,2,213
6836,11.909213371451763,5.267493145222064,0.6824608694079876,6614,6520,3,213
6837,8.964771343360647,3.9651545510834136,-1.9054186278301766,6614,4993,4,213
6838,5.253151703037032,2.3234902023748036,0.502540012682997,6614,2883,5,213
6839,10.290132857380131,4.551367298499134,-1.7821014257383099,6614,5696,6,213
6840,5.154032783951889,2.27964950437418,0.6919741318544274,6614,2839,7,213
6841,21.986787969863098,9.724845067797004,-2.9519192359594824,6614,12111,8,213
6842,5.134227103348724,2.27088937189862,0.8891734992886723,6614,2842,9,213
6843,23.2938922551597,10.302982569254073,-2.2283980305721243,6614,12784,10,213
6844,5.1799249600631825,2.291101718380863,1.1009679033226636,6614,2885,11,213
6845,48.78028409478386,21.575716554647304,-2.795368094848116,6614,26706,12,213
6846,5.253908274248532,2.3238248368755174,1.326311416411428,6614,2948,13,213
6847,13.057593247624672,5.775426199839454,-0.24922036392440858,6614,7140,14,213
6848,6.195988718383214,2.7405108199835913,1.8153567823490806,6614,3507,15,213
6849,6.478531143677592,2.8129129534055055,-1.8924848577896318,6653,3656,0,253
6850,12.72057962835026,5.523147518760056,0.24206487728512233,6653,6935,1,253
6851,7.478976943634592,3.2472964405676423,-1.8823904227494623,6653,4184,2,253
6852,12.007080685545173,5.213353466073251,0.6860197144325078,6653,6554,3,253
6853,8.935727620121117,3.879802907989682,-1.8935884701168306,6653,4962,4,253
6854,5.250569817205104,2.2797445167782655,0.5007968978280438,6653,2873,5,253
6855,10.369797094922587,4.502461426146098,-1.7905488868504824,6653,5723,6,253
6856,5.160326031917463,2.2405615743843432,0.6907554384203759,6653,2834,7,253
6857,22.032443537826854,9.566265014132163,-2.949238110404569,6653,12100,8,253
6858,5.156813302839365,2.239036382808282,0.8904249750089941,6653,2846,9,253
6859,23.32327602059573,10.12673147341602,-2.224563177891227,6653,12762,10,253
6860,5.200802371404633,2.2581359932031844,1.1021127572949228,6653,2888,11,253
6861,48.9076939245215,21.235227972275176,-2.794321375723257,6653,26696,12,253
6862,5.2982045078711595,2.300427019560825,1.3335098501504317,6653,2964,13,253
6863,13.081928465666048,5.680041543445813,-0.24894112542141203,6653,7132,14,253
6864,9.726656851106755,4.223216411718495,2.8413154771354727,6653,5489,15,253
6865,6.432945795149585,2.7917859307120247,-1.8790262674443006,6654,3630,0,253
6866,12.72888099381414,5.524111659549851,0.24220449653662057,6654,6939,1,253
6867,7.459879397828775,3.2374571480720196,-1.8774414995538973,6654,4173,2,253
6868,12.053794456996958,5.231135913209758,0.6886365122446548,6654,6579,3,253
6869,8.891380430208223,3.8587035520149815,-1.8840480203480034,6654,4937,4,253
6870,5.16872135439202,2.2431346410290876,0.49295288098075457,6654,2828,5,253
6871,10.39051573877758,4.509302048562743,-1.7939904450813675,6654,5734,6,253
6872,5.144327995541566,2.232548350049789,0.6885617902390833,6654,2825,7,253
6873,22.02682882621975,9.559258351222036,-2.9482631556573278,6654,12096,8,253
6874,5.151767744217764,2.2357770708168605,0.8894863682187527,6654,2843,9,253
6875,23.26838456957737,10.098071822822247,-2.219159521840872,6654,12731,10,253
6876,5.19219156983802,2.253320303921246,1.1002046673411574,6654,2883,11,253
6877,5.3039688888947945,2.301829704847755,1.334859556476495,6654,2967,13,253
6878,48.79496100813606,21.17615940971697,-0.9284680224634829,6654,26600,14,253
6879,9.628152756211486,4.178449851668989,2.81232774408399,6654,5433,15,253
6880,6.452279213076811,2.746807827779589,-1.8790262674443006,6694,3630,0,38
6881,13.068881314877672,5.563569757377308,0.24792888584804956,6694,7103,1,38
6882,7.4410595298512865,3.1677427291344507,-1.8670937510540797,6694,4150,2,38
6883,48.82868799497891,20.786921640493897,2.781237386662521,6694,26571,3,38
6884,8.876555607381245,3.778849553915818,-1.8752708065606822,6694,4914,4,38
6885,5.151257921408032,2.19294843173532,0.4898152742418389,6694,2810,5,38
6886,10.461728900820152,4.453675652882608,-1.800873561543138,6694,5756,6,38
6887,5.143350368384894,2.1895820974795863,0.6863681420577905,6694,2816,7,38
6888,22.060151189400834,9.39125446497104,-2.9438758592947423,6694,12078,8,38
6889,5.169068275526843,2.2005304997911983,0.8897992371488331,6694,2844,9,38
6890,23.312650173148022,9.924457368817816,-2.216719161043938,6694,12717,10,38
6891,5.2294726258381585,2.226245311067622,1.1047840832301945,6694,2895,11,38
6892,10.243559781696481,4.360798605191594,2.5702907469330016,6694,5713,13,38
6893,48.960007291129784,20.84282574177251,-0.9288170705922285,6694,26610,14,38
6894,9.681973794388263,4.121725134411962,2.819574677346861,6694,5447,15,38
6895,6.4989766283305785,2.7653476901557745,-1.8924848577896318,6695,3656,0,38
6896,13.08641256277376,5.568335266069087,0.2482430291639207,6695,7112,1,38
6897,7.402162780974342,3.149658002968161,-1.8571959046629496,6695,4128,2,38
6898,48.7330737863451,20.736171359932676,2.775585103388283,6695,26517,3,38
6899,8.846504249823278,3.7642326618869744,-1.86878330071788,6695,4897,4,38
6900,5.1553072327555025,2.193609511687973,0.49016389721282955,6695,2812,5,38
6901,10.593378263674564,4.507536461155705,-1.823400124508931,6695,5828,6,38
6902,5.134599396549954,2.184798221804346,0.685149448623739,6695,2811,7,38
6903,22.02343113632259,9.371082234185343,-2.9387573468717263,6695,12057,8,38
6904,5.163999253105601,2.197308010662896,0.8888606303585919,6695,2841,9,38
6905,23.27588215756182,9.904006529299608,-2.2130586198485362,6695,12696,10,38
6906,5.249732764955369,2.2337880570642326,1.1089818811284784,6695,2906,11,38
6907,10.213837015608005,4.346039725025834,2.56264241108531,6695,5696,13,38
6908,13.160014433205557,5.599653237194334,-0.24963922167890334,6695,7152,14,38
6909,10.384852697677033,4.418807769663577,3.0240417229778527,6695,5842,15,38
6910,13.249407633666817,5.5369138698288936,0.2506514612522658,6732,7181,1,76
6911,7.400771308361406,3.092774744176043,-1.8517970793586966,6732,4116,2,76
6912,48.84200846019427,20.411025273792287,2.7742243685259664,6732,26504,3,76
6913,8.830776268105739,3.6903723511372246,-1.8603877049213118,6732,4875,4,76
6914,5.156497089496723,2.1548948484321877,0.48894371681436233,6732,2805,5,76
6915,10.771720928932352,4.501491135481471,-1.849055376775529,6732,5910,6,76
6916,5.144937867210931,2.150064261286842,0.6846619712501185,6732,2809,7,76
6917,22.05784504621618,9.217950836125825,-2.9353450052563823,6732,12043,8,76
6918,5.1744358235598895,2.162391427010473,0.8882348924984309,6732,2839,9,76
6919,23.317293790793737,9.744273175584267,-2.2109668820225927,6732,12684,10,76
6920,5.278539906720026,2.205896416659256,1.1120348250545031,6732,2914,11,76
6921,9.959395596942135,4.162021211854009,2.4920077800213365,6732,5539,13,76
6922,11.777046222767762,4.921615545344357,-0.2227974205783613,6732,6383,14,76
6923,9.675230101461736,4.043268742554612,2.8097395536329652,6732,5428,15,76
6924,6.381696680668529,2.665596264641371,-1.8531443629340485,6733,3580,0,76
6925,13.246683407695595,5.533059870645746,0.2505816516265167,6733,7179,1,76
6926,7.365347376425107,3.0764612354356173,-1.842799037184942,6733,4096,2,76
6927,11.275173481230942,4.709572049357281,0.6403827605886607,6733,6118,3,76
6928,8.782507743836957,3.6684005849214487,-1.8500840191709784,6733,4848,4,76
6929,5.15319619618407,2.15245901189923,0.4885950938433717,6733,2803,5,76
6930,10.617571897734958,4.434895828862652,-1.8224615177186896,6733,5825,6,76
6931,5.148976494086884,2.150696467749767,0.685149448623739,6733,2811,7,76
6932,22.04846320146703,9.209510274743488,-2.9338825731355205,6733,12037,8,76
6933,5.18210418974429,2.1645337066878145,0.8894863682187527,6733,2843,9,76
6934,23.258325036719473,9.714862275967592,-2.205214603001247,6733,12651,10,76
6935,5.2988521350501445,2.2132986202341667,1.1162326229527872,6733,2925,11,76
6936,24.822705396976065,10.368294529714483,-1.4098259892724208,6733,13469,12,76
6937,10.069810866206202,4.206099345322134,2.5194518086512883,6733,5600,13,76
6938,48.956819079673984,20.448968447969484,-0.9260944951880122,6733,26532,14,76
6939,10.552973281999357,4.407913376166736,3.0644174940138456,6733,5920,15,76
6940,6.425178905651848,2.63122865889707,-1.860391296196919,6773,3594,0,117
6941,13.207265870832082,5.408617717156149,0.24911564948578485,6773,7137,1,117
6942,7.348774479737234,3.0094579937450483,-1.8333510929024999,6773,4075,2,117
6943,8.753399424606638,3.5846776824436835,-1.838635479448386,6773,4818,4,117
6944,5.171785040336407,2.1179408722483997,0.48894371681436233,6773,2805,5,117
6945,10.662898556578586,4.366652614809234,-1.8249644691593334,6773,5833,6,117
6946,5.154680484811204,2.110936242905547,0.6839307551896876,6773,2806,7,117
6947,22.07180542587549,9.038809322348591,-2.928520322025694,6773,12015,8,117
6948,5.222681497710445,2.138783905453452,0.8938665332398793,6773,2857,9,117
6949,23.255516832001103,9.52356086334013,-2.198590766552425,6773,12613,10,117
6950,5.354144479932702,2.192620408916881,1.124628218749355,6773,2947,11,117
6951,24.876001447424144,10.187179047987444,-1.4087792701475619,6773,13459,12,117
6952,9.951052166672405,4.07513845631538,2.4825598357388943,6773,5518,13,117
6953,49.05027170691819,20.086986298296328,-0.9251869700532735,6773,26506,14,117
6954,10.726509024460514,4.392702268609466,3.105828541230249,6773,6000,15,117
6955,6.411335009780138,2.6242527734605714,-1.8562501914752787,6774,3586,0,117
6956,11.649948123363876,4.7684933990772445,0.2197257970453994,6774,6295,1,117
6957,7.298801362274035,2.987505673727424,-1.8207538338592433,6774,4047,2,117
6958,5.2827619119252605,2.1623113716182405,0.29915232588466695,6774,2858,3,117
6959,8.70860139397162,3.564557354471535,-1.8290950296795585,6774,4793,4,117
6960,5.153715558104421,2.109490819985434,0.4872006019594091,6774,2795,5,117
6961,10.650863394936865,4.359553472291763,-1.8227743866487702,6774,5826,6,117
6962,5.153211682061627,2.109284576184297,0.6836870165028773,6774,2805,7,117
6963,22.034802465114847,9.019165492604081,-2.9234018096026775,6774,11994,8,117
6964,5.223054706373949,2.137872343003359,0.8938665332398793,6774,2857,9,117
6965,23.214768828813835,9.502142906481794,-2.1945816023860325,6774,12590,10,117
6966,48.80668696951088,19.977287639435502,10.251022467609493,6774,26862,11,117
6967,24.859294945235415,10.17527139149535,-1.407732551022703,6774,13449,12,117
6968,10.55413530319438,4.319961255906323,2.6328271400405963,6774,5852,13,117
6969,10.857790717901501,4.444251838601799,3.143616121815217,6774,6073,15,117
6970,6.399915484674109,2.570154883740114,-1.8479679820319983,6812,3570,0,156
6971,49.15802737608239,19.741470717578068,0.9246633978601551,6812,26491,1,156
6972,7.311221118863614,2.9361279394626307,-1.8189542254244926,6812,4043,2,156
6973,5.254358659682343,2.11010842290715,0.2967448718974915,6812,2835,3,156
6974,8.668286536756153,3.4811145599428124,-1.8157384000032004,6812,4758,4,156
6975,5.169441651677372,2.0760064315044167,0.4873749134449045,6812,2796,5,156
6976,10.809691494491574,4.341085667900224,-1.844988080684483,6812,5897,6,156
6977,5.1707717463565785,2.0765405868919036,0.6841744938764979,6812,2807,7,156
6978,22.057292800453748,8.858032414479393,-2.9185270358664717,6812,11974,8,156
6979,5.231619387023732,2.1009765128348716,0.8929279264496378,6812,2854,9,156
6980,23.225510024453193,9.32717911035711,-2.189700880792164,6812,12562,10,156
6981,11.124118872096062,4.467357188526863,2.330159451538365,6812,6106,11,156
6982,24.957740286166647,10.022828932228462,-1.4095119735349633,6812,13466,12,156
6983,48.820439412802614,19.60589809094055,12.146007228242647,6812,26997,13,156
6984,11.725853119529825,4.709008850718199,-0.22056351255438902,6812,6319,14,156
6985,10.550000735940372,4.23679593580128,3.046300160856669,6812,5885,15,156
6986,6.403949601920603,2.5704770855195065,-1.8490032582124083,6813,3572,0,156
6987,49.02414443228988,19.677768835439718,0.9220804417074371,6813,26417,1,156
6988,7.268329648707068,2.9174300194992697,-1.808156574815987,6813,4019,2,156
6989,5.236191671290772,2.10175150385387,0.29569815277263267,6813,2825,3,156
6990,8.62334493025625,3.4613187051170233,-1.8061979502343732,6813,4733,4,156
6991,5.162407904552401,2.0721354866342123,0.48667766750292324,6813,2792,5,156
6992,10.643626733740751,4.272238278967429,-1.8165170080471609,6813,5806,6,156
6993,5.171134092302307,2.075638085350534,0.6841744938764979,6813,2807,7,156
6994,21.986991589464925,8.825343978859502,-2.90902122708087,6813,11935,8,156
6995,5.237485631811459,2.1022708858094985,0.8938665332398793,6813,2857,9,156
6996,23.167969571648133,9.299375948254543,-2.184122913256314,6813,12530,10,156
6997,10.833384524678568,4.3484050328810095,2.269100573017871,6813,5946,11,156
6998,11.708680632758869,4.699739557467219,-0.6612124711733524,6813,6317,12,156
6999,48.84737094092509,19.606813840924428,12.151855955655588,6813,27010,13,156
7000,25.958652849258836,10.419526459103258,-0.4882485224894435,6813,13988,14,156
7001,10.418071426864676,4.181702783861661,3.007994942181496,6813,5811,15,156
7002,6.392534982934945,2.5155091954853215,-1.8407210487691275,6852,3556,0,196
7003,49.17927971437044,19.352405685552515,0.9224992994619319,6852,26429,1,196
7004,7.268072129232453,2.8600394559187468,-1.8032076516204218,6852,4008,2,196
7005,5.196478758020436,2.0448523371150986,0.2926626673105419,6852,2796,3,196
7006,8.615648172494163,3.390320469239727,-1.7997104443915706,6852,4716,4,196
7007,5.15970670192133,2.0303822645224363,0.4851088641334653,6852,2783,5,196
7008,10.677974675060005,4.201861007562386,-1.8174556148374024,6852,5809,6,196
7009,5.209156450445764,2.049841101659772,0.6873430968050317,6852,2820,7,196
7010,21.97820689624245,8.648584903385803,-2.9000028956688895,6852,11898,8,196
7011,5.286599271040209,2.0803154170682427,0.8998110429114079,6852,2876,9,196
7012,23.176964958935876,9.120304954651445,-2.1790678801769494,6852,12501,10,196
7013,11.251861131126283,4.427689518669949,2.350385205048279,6852,6159,11,196
7014,11.74597487506765,4.62212688503842,-0.6615264869108101,6852,6320,12,196
7015,48.96337713607921,19.267446444426668,12.147806836677399,6852,27001,13,196
7016,26.015948756540656,10.2374658098948,-0.48800418879932156,6852,13981,14,196
7017,10.377982130619639,4.083811750713375,2.9883246947537043,6852,5773,15,196
7018,6.317466358706775,2.484695888922214,-1.8189802489805158,6853,3514,0,196
7019,49.19382220852857,19.348213486477963,0.9227087283391794,6853,26435,1,196
7020,7.225046811202539,2.841652505885349,-1.7924100010119164,6853,3984,2,196
7021,5.211704916488038,2.0497935477608715,0.293500042610429,6853,2804,3,196
7022,8.57421823825051,3.3722893954062996,-1.7909332306042498,6853,4693,4,196
7023,5.161915128069664,2.0302109373330475,0.4852831756189607,6853,2784,5,196
7024,10.56289472417034,4.154447306251556,-1.7977448722423333,6853,5746,6,196
7025,5.205819444991124,2.047478757938114,0.6868556194314112,6853,2818,7,196
7026,21.974173987994824,8.642569136151122,-2.8992716796084586,6853,11895,8,196
7027,5.297992097991458,2.0837307930067843,0.9016882564918908,6853,2882,9,196
7028,11.606892493432502,4.565057639261808,-1.09118989920068,6853,6260,10,196
7029,11.292828240065287,4.441534360325236,2.3587808008448468,6853,6181,11,196
7030,24.930313140104865,9.80523568335113,-1.4039643621732112,6853,13413,12,196
7031,10.42590213795266,4.100567333417388,2.58648722284576,6853,5749,13,196
7032,26.008430459103288,10.229265431701004,-0.48782966473494876,6853,13976,14,196
7033,10.306782764503684,4.053716998062336,2.967619171145503,6853,5733,15,196
7034,6.2981812561003645,2.427740405796298,-1.808627487176415,6892,3494,0,236
7035,7.200581910611054,2.7755859888446808,-1.7816123504034107,6892,3960,2,236
7036,5.208764169158881,2.0078061782491017,0.292557995398056,6892,2795,3,236
7037,8.554840826834731,3.2976079753731886,-1.7821560168169284,6892,4670,4,236
7038,5.17375559060163,1.994311529991621,0.4851088641334653,6892,2783,5,236
7039,10.758657863506984,4.147106497145525,-1.826215944879655,6892,5837,6,236
7040,5.223339981277726,2.013424671364704,0.6873430968050317,6892,2820,7,236
7041,9.533521589942007,3.6748570154305438,-1.2545230210125882,6892,5147,8,236
7042,5.358132329829503,2.0653826601339795,0.9095099797439022,6892,2907,9,236
7043,11.650710128027457,4.490963118382138,-1.0924100795991476,6892,6267,10,236
7044,11.046186335291956,4.2579392058887215,2.3011564842411305,6892,6030,11,236
7045,24.98902280653003,9.632441160694885,-1.4035456745232677,6892,13409,12,236
7046,10.460845386804392,4.032309644904911,2.5882868312805107,6892,5753,13,236
7047,26.071858187381675,10.04983835839749,-0.48772495029632507,6892,13973,14,236
7048,10.294480009613387,3.968181298655597,2.956231133160992,6892,5711,15,236
7049,6.276972580127864,2.4183069291861354,-1.8024158300939546,6893,3482,0,236
7050,5.33862473421525,2.056792987745414,0.09986266963413626,6893,2861,1,236
7051,7.190155525666995,2.7701256788495123,-1.7789129377512845,6893,3954,2,236
7052,5.196068435236783,2.0018708288196003,0.2918252920106548,6893,2788,3,236
7053,8.49312841070199,3.2721174139094082,-1.7691810051313235,6893,4636,4,236
7054,5.177821948880795,1.994841069835519,0.485457487104456,6893,2785,5,236
7055,10.893942899099155,4.1970706837965714,-1.849055376775529,6893,5910,6,236
7056,5.219986565007121,2.0110856817153895,0.6868556194314112,6893,2818,7,236
7057,9.49896774498102,3.6596335613330435,-1.2498919859631925,6893,5128,8,236
7058,5.419321848282829,2.0878828782338275,0.9198346544365575,6893,2940,9,236
7059,23.109632612060423,8.903366067524416,-2.166691764706782,6893,12430,10,236
7060,11.178832951273415,4.306829262225024,2.328632979575353,6893,6102,11,236
7061,24.975793795053125,9.622335357608128,-1.4027082992233804,6893,13401,12,236
7062,10.294251499949636,3.966029708641146,2.5468958372812396,6893,5661,13,236
7063,26.06801381928942,10.04313108661427,-0.4876202358577013,6893,13970,14,236
7064,48.96110720168661,18.863071854306558,14.059050529968927,6893,27160,15,236
7065,5.315084102211108,2.0062829745102717,0.09916457337664492,6932,2841,1,20
7066,7.176027261984059,2.7087325512593265,-1.7708146997949052,6932,3936,2,20
7067,5.200231408073749,1.9629295674158178,0.29130193244822533,6932,2783,3,20
7068,8.478468948980241,3.200364768485358,-1.7615486453162614,6932,4616,4,20
7069,5.196872390169266,1.9616616400785936,0.48598042156094196,6932,2788,5,20
7070,9.58423594950362,3.6177582592115805,-1.6225382713972745,6932,5186,6,20
7071,5.252126434409702,1.982518365221721,0.6892930062995141,6932,2828,7,20
7072,9.514371896563262,3.591386699091541,-1.248673292529141,6932,5123,8,20
7073,11.23643551349441,4.241413462400002,1.9022430948892073,6932,6080,9,20
7074,23.11750766961235,8.726157697365394,-2.1618110431129134,6932,12402,10,20
7075,10.965437527168985,4.139119945376427,2.278259404795945,6932,5970,11,20
7076,25.033237575984195,9.449287608576972,-1.402289611573437,6932,13397,12,20
7077,10.28454516891567,3.8821037402575866,2.537897795107485,6932,5641,13,20
7078,49.06306554834118,18.51981853795485,14.051803596706057,6932,27146,15,20
7079,6.253937524212658,2.359424694949266,-1.7910277921094435,6933,3460,0,20
7080,5.259304994846541,1.984179412581065,0.0981174289904079,6933,2811,1,20
7081,7.143680556329688,2.6950982884267205,-1.7627164618385263,6933,3918,2,20
7082,5.200573924707317,1.9620219259239327,0.29130193244822533,6933,2783,3,20
7083,8.440452957505856,3.184331961647481,-1.7535346675104466,6933,4595,4,20
7084,5.189758136512217,1.9579414505971386,0.4852831756189607,6933,2784,5,20
7085,10.876772772515883,4.103482994748434,-1.8412336535235172,6933,5885,6,20
7086,5.278474707604134,1.9914115752786035,0.6927053479148583,6933,2842,7,20
7087,21.91811401282068,8.269052779684307,-2.876360243048291,6933,11801,8,20
7088,11.200211215199024,4.22550670317341,1.8959857162875984,6933,6060,9,20
7089,22.984812436492685,8.671486381416205,-2.1492606161572505,6933,12330,10,20
7090,11.08371994463337,4.181558010137301,2.3026829562041424,6933,6034,11,20
7091,25.042361180381874,9.447738350451534,-1.4027082992233804,6933,13401,12,20
7092,10.61523945863998,4.004814250949558,2.6193300767799643,6933,5822,13,20
7093,49.055452140789455,18.507163647665628,14.048697768164827,6933,27140,15,20
7094,6.225960660250215,2.301817535786103,-1.7786044779445225,6971,3436,0,59
7095,5.24421460658774,1.9388534238480315,0.09759385679728941,6971,2796,1,59
7096,7.143119683187307,2.6409029938070026,-1.7582174407516489,6971,3908,2,59
7097,5.215345401822127,1.928180108451429,0.29140660436071125,6971,2784,3,59
7098,8.354583321608722,3.088796644129807,-1.7314008240467675,6971,4537,4,59
7099,5.215710784948795,1.9283151952812598,0.4865033560174279,6971,2791,5,59
7100,10.998241666017766,4.066191052456094,-1.8571899689576208,6971,5936,6,59
7101,5.274808814941133,1.9501644952030026,0.6905116997335656,6971,2833,7,59
7102,21.944545249875112,8.113179929566744,-2.8727041627461363,6971,11786,8,59
7103,11.783830356447606,4.356633270488671,1.9898463953117367,6971,6360,9,59
7104,23.023130372830227,8.51194668787715,-2.147517501302297,6971,12320,10,59
7105,11.028344613867011,4.077320498499761,2.2855101466202536,6971,5989,11,59
7106,25.08198979346137,9.273133431054664,-1.40145223627355,6971,13389,12,59
7107,11.03089234596607,4.078262427744437,2.7151592259304507,6971,6035,13,59
7108,49.48993083312736,18.297062389718935,-0.9209983925083255,6971,26386,14,59
7109,49.20610817513238,18.192129511585392,14.056979977608107,6971,27156,15,59
7110,6.222738116105856,2.299391674183204,-1.7775692017641125,6972,3434,0,59
7111,5.231422780828136,1.9330863298319674,0.09734952310716743,6972,2789,1,59
7112,7.096054118931173,2.6220945596911256,-1.7465199859257678,6972,3882,2,59
7113,5.193200466002094,1.9189626320579063,0.2901505414108806,6972,2772,3,59
7114,8.349597634498716,3.0852970067717895,-1.7302559700745082,6972,4534,4,59
7115,5.221653903417136,1.9294765884342324,0.4870262904739138,6972,2794,5,59
7116,10.991539490548524,4.061532707861947,-1.855938493237299,6972,5932,6,59
7117,5.29376946644748,1.9561243312955017,0.6929490866016685,6972,2843,7,59
7118,21.867755404136194,8.080451687208713,-2.862467137900104,6972,11744,8,59
7119,11.884648397231663,4.391549357421869,2.0067413175360813,6972,6414,9,59
7120,23.00218906344242,8.499641320847722,-2.145425763476353,6972,12308,10,59
7121,11.010640550654571,4.068590825648109,2.281693966712723,6972,5979,11,59
7122,25.08360787853609,9.268755656790514,-1.40145223627355,6972,13389,12,59
7123,10.42107278001716,3.850737013085808,2.564891921628749,6972,5701,13,59
7124,49.50812939303615,18.293969375971656,-0.9212776310113221,6972,26394,14,59
7125,10.106060126244135,3.7343352844844873,2.8868676290735165,6972,5577,15,59
7126,6.21281273478433,2.2477804581743035,-1.7703222685012419,7011,3420,0,99
7127,5.229416320189138,1.8919900396107732,0.0970702846041709,7011,2781,1,99
7128,7.073422780106502,2.5591470685266486,-1.7366221395346377,7011,3860,2,99
7129,5.196751435349913,1.8801719641360306,0.28962718184845115,7011,2767,3,99
7130,8.348251299057257,3.020376909944084,-1.7256765541854713,7011,4522,4,99
7131,5.244034059493506,1.8972787019532067,0.4878978479013904,7011,2799,5,99
7132,10.992925054642363,3.977213408937161,-1.8515583282161727,7011,5918,6,99
7133,5.36482861914523,1.9409818783130428,0.7005049858927878,7011,2874,7,99
7134,21.88305007036866,7.917234015123104,-2.857348625477088,7011,11723,8,99
7135,11.873399281729299,4.295766831687451,1.9998582010743116,7011,6392,9,99
7136,23.035154970158153,8.334062751166373,-2.143159714164914,7011,12295,10,99
7137,11.034387000102882,3.9922142394373705,2.2809307307312165,7011,5977,11,99
7138,25.127335545192082,9.091008568187911,-1.4004055171486909,7011,13379,12,99
7139,10.335260227927634,3.73927188251044,2.537447892998797,7011,5640,13,99
7140,49.226549557656654,17.81004527941733,14.026956968376213,7011,27098,15,99
7141,6.278607109242301,2.270345516022403,-1.7889572397486233,7012,3456,0,99
7142,5.225985400470652,1.889717307409115,0.09700047497842175,7012,2779,1,99
7143,7.059208458720582,2.5526111113612595,-1.733022922665136,7012,3852,2,99
7144,5.215861869902928,1.8860566368446332,0.29067390097331003,7012,2777,3,99
7145,8.328469489969407,3.011576139881016,-1.7214787562871872,7012,4511,4,99
7146,5.244365117222389,1.8963634164563976,0.4878978479013904,7012,2799,5,99
7147,21.16615332263927,7.653685037364274,-3.564828589336781,7012,11394,6,99
7148,5.408103575454647,1.9555712738649,0.7061109756894245,7012,2897,7,99
7149,21.89936591082446,7.918814847673159,-2.85929853497157,7012,11731,8,99
7150,11.612219099510101,4.198980618620684,1.9557436819329663,7012,6251,9,99
7151,22.974778516391908,8.307684248870435,-2.137407435143569,7012,12262,10,99
7152,11.033237346942403,3.989620707587886,2.2805491127404633,7012,5976,11,99
7153,25.119530661894764,9.08322702958593,-1.3998821575862617,7012,13374,12,99
7154,10.31025617569107,3.728190579573844,2.531149263477169,7012,5626,13,99
7155,5.393352331252188,1.9502372211764452,-0.10010700332425822,7012,2868,14,99
7156,11.296405962172633,4.084782528537992,3.218673644894948,7012,6218,15,99
7157,6.202474237141619,2.1964113230150217,-1.7630753352383715,7050,3406,0,138
7158,5.215783501605869,1.8470058082178376,0.09658161722392695,7050,2767,1,138
7159,7.057613004322556,2.4992318425647966,-1.7285239015782587,7050,3842,2,138
7160,5.232021264047574,1.8527559014747865,0.29088324479828176,7050,2779,3,138
7161,8.31679873697267,2.945132896761876,-1.7149912504443847,7050,4494,4,138
7162,5.268095496069296,1.8655304570234599,0.48894371681436233,7050,2805,5,138
7163,21.19410373421142,7.50522576042649,-3.5610741621758155,7050,11382,6,138
7164,12.48859148085035,4.422442188117765,1.6267119957719085,7050,6674,7,138
7165,21.90275146589052,7.75617108359581,-2.8529613291145024,7050,11705,8,138
7166,11.61932940620974,4.11462034309096,1.9523021237020812,7050,6240,9,138
7167,22.961759548999364,8.131185514284784,-2.131132221665738,7050,12226,10,138
7168,11.05760401722557,3.915702950189633,2.2801674947497106,7050,5975,11,138
7169,25.167923806328883,8.912429251858564,-1.3992541261113463,7050,13368,12,138
7170,10.307201084657432,3.649971334885755,2.524400731846853,7050,5611,13,138
7171,5.321343268895327,1.8843864823270529,-0.09853628674490271,7050,2823,14,138
7172,11.172102009648805,3.95624881582418,3.1757096834079293,7050,6135,15,138
7173,5.208565336215587,1.8434267220045657,0.09644199797242868,7051,2763,1,138
7174,7.017633405302227,2.483696010227138,-1.7186260551871289,7051,3820,2,138
7175,5.241758629262814,1.8551745641539448,0.29140660436071125,7051,2784,3,138
7176,8.293252761077607,2.935165974747374,-1.7100302165645944,7051,4481,4,138
7177,5.275933912156986,1.8672699542762765,0.4896409627563436,7051,2809,5,138
7178,21.14885864345942,7.485049845141588,-3.5532524389238045,7051,11357,6,138
7179,12.244216827418635,4.333499732208645,1.5947822277997599,7051,6543,7,138
7180,21.89849080153643,7.750361281721773,-2.8522301130540715,7051,11702,8,138
7181,11.553008631154547,4.088865830699868,1.9410388422191844,7051,6204,9,138
7182,22.880536460625276,8.09792900782969,-2.1234625163039436,7051,12182,10,138
7183,11.252617002310165,3.9825505749752366,2.320237383778785,7051,6080,11,138
7184,25.14500233254486,8.899373672512906,-1.3978933912490297,7051,13355,12,138
7185,10.304163814225182,3.6468719689434597,2.5235009276294775,7051,5609,13,138
7186,5.29716561518849,1.8747843245866196,-0.09808252417753334,7051,2810,14,138
7187,11.001603666947073,3.8937113917993136,3.127051702928656,7051,6041,15,138
7188,5.213433945090358,1.8053133667129033,0.09630237872093042,7090,2759,1,178
7189,6.988340189630722,2.419929759992129,-1.7073785024699353,7090,3795,2,178
7190,5.239166411241702,1.8142240320422796,0.29056922906082416,7090,2776,3,178
7191,8.27408084915673,2.8651573821727983,-1.7020162387587796,7090,4460,4,178
7192,5.312996875285203,1.8397901224564237,0.4919070120677827,7090,2822,5,178
7193,9.878206203390217,3.420635589891913,-1.6557023779858036,7090,5292,6,178
7194,11.57187690243108,4.007121653394817,1.5036239589327096,7090,6169,7,178
7195,21.911346101037033,7.587483876366487,-2.8471116006310555,7090,11681,8,178
7196,12.232026691386261,4.235719013711584,2.050230098817266,7090,6553,9,178
7197,22.90688624436395,7.932220559860846,-2.120847844021514,7090,12167,10,178
7198,11.025305490255256,3.8178543323437086,2.2679557190456117,7090,5943,11,178
7199,25.201220853497997,8.726705151246598,-1.397684047424058,7090,13353,12,178
7200,10.323224006079007,3.5747368206892958,2.5221512213034143,7090,5606,13,178
7201,5.26823263461831,1.8242891143151776,-0.09731461829429287,7090,2788,14,178
7202,11.272469400892481,3.9034425101823524,3.196415207016131,7090,6175,15,178
7203,5.213748952306412,1.8044034233442587,0.09630237872093042,7091,2759,1,178
7204,6.957455731389736,2.4078752265070644,-1.699730166622244,7091,3778,2,178
7205,5.25080750419236,1.8172288544301962,0.29119726053573947,7091,2782,3,178
7206,8.231909182474192,2.848945211093186,-1.6932390249714586,7091,4437,4,178
7207,5.349091477359881,1.8512435220456935,0.4952189302921937,7091,2841,5,178
7208,9.873202837973315,3.4169733071498105,-1.654763771195562,7091,5289,6,178
7209,12.22727363029426,4.231683304757115,1.5886887606295024,7091,6518,7,178
7210,21.880779322453552,7.57262259384581,-2.84296804295528,7091,11664,8,178
7211,11.801548183336605,4.084345858914937,1.977957375968679,7091,6322,9,178
7212,22.896973409423975,7.924312731994959,-2.1198019751085417,7091,12161,10,178
7213,11.007418791890776,3.809509113683992,2.2641395391380805,7091,5933,11,178
7214,25.198968723390436,8.721000156541175,-1.3974747035990862,7091,13351,12,178
7215,10.986813365132653,3.8023778722448776,2.6841159804309975,7091,5966,13,178
7216,5.264771504576174,1.822061593851796,-0.09724480866854372,7091,2786,14,178
7217,10.858736716468995,3.758052388717917,3.078911360539587,7091,5948,15,178
7218,6.141405544338026,2.0775564791863594,-1.7371934307281192,7131,3356,0,219
7219,5.233795882483962,1.7705241036261006,0.09644199797242868,7131,2763,1,219
7220,6.957482405541101,2.353624515772806,-1.6956810476440545,7131,3769,2,219
7221,5.276609645726833,1.7850074349386829,0.2919299639231407,7131,2789,3,219
7222,8.219982487487865,2.7807116387914066,-1.686751519128656,7131,4420,4,219
7223,5.359997813502346,1.8132165520534473,0.49504461880669837,7131,2840,5,219
7224,10.3402932171098,3.4979847878143677,-1.7289137076246315,7131,5526,6,219
7225,12.203866638153706,4.128407092183877,1.5818640773988142,7131,6490,7,219
7226,21.919949676572845,7.415229811030425,-2.841261872147608,7131,11657,8,219
7227,11.683820276444731,3.9524822683881493,1.953553599422403,7131,6244,9,219
7228,22.910216006375,7.750223846963663,-2.1159671224276453,7131,12139,10,219
7229,11.061641591759688,3.742007427043278,2.2698638089993772,7131,5948,11,219
7230,25.249778534195165,8.541666986981593,-1.3969513440366566,7131,13346,12,219
7231,11.123849555794818,3.7630515606386123,2.711110106952261,7131,6026,13,219
7232,5.248949833645696,1.775650485395557,-0.09672123647542522,7131,2771,14,219
7233,11.067705820070437,3.7440588754824504,3.130675169560091,7131,6048,15,219
7234,6.039283246204549,2.0418352447095507,-1.708205697676637,7132,3300,0,219
7235,5.218949971864737,1.7644868701308822,0.09616275946943215,7132,2755,1,219
7236,6.943124407259931,2.34741699390502,-1.6920818307745527,7132,3761,2,219
7237,5.280705203379093,1.7853658392255103,0.2921393077481124,7132,2791,3,219
7238,8.19071033892744,2.7692162078570135,-1.6806456312766067,7132,4404,4,219
7239,5.373526239889114,1.8167479182024717,0.4962647992051656,7132,2847,5,219
7240,21.153379296179526,7.1517949450032745,-3.5366703856295394,7132,11304,6,219
7241,11.719412350437644,3.962243234649819,1.5189794962017582,7132,6232,7,219
7242,9.718537071094632,3.285762682392533,-1.2596415334356044,7132,5168,8,219
7243,12.05690222976687,4.076345968741693,2.015814516508415,7132,6443,9,219
7244,22.871932200553665,7.732824472348982,-2.1123065812322435,7132,12118,10,219
7245,11.062294526780295,3.740076749394532,2.2698638089993772,7132,5948,11,219
7246,11.08943055421707,3.7492512316903626,2.7025619668871945,7132,6007,13,219
7247,5.239787884638063,1.7715320082693355,-0.0965467124110524,7132,2766,14,219
7248,11.152543061324401,3.7705890852303034,3.154486521709523,7132,6094,15,219
7249,6.04718983980764,1.9999168278255335,-1.706652783406022,7170,3297,0,2
7250,5.226740500739832,1.7285791514756474,0.09609294984368302,7170,2753,1,2
7251,6.941888598246846,2.295810151871418,-1.6880327117963632,7170,3752,2,2
7252,5.322769949443675,1.7603378551904514,0.29381405834788665,7170,2807,3,2
7253,8.162297108081997,2.699421677273511,-1.6711051815077795,7170,4379,4,2
7254,49.012010334253745,16.209172661950205,4.516410589183646,7170,25910,5,2
7255,10.195070951099707,3.3716973496946068,-1.70075550391739,7170,5436,6,2
7256,49.74846750784231,16.452732585393825,6.433726377044546,7170,26396,7,2
7257,21.915259137035548,7.247779000718267,-2.8341934502301096,7170,11628,8,2
7258,11.81172863319094,3.9063557594511833,1.970448521646748,7170,6298,9,2
7259,22.831916817230518,7.550934543795406,-2.103939629928468,7170,12070,10,2
7260,5.370176165594758,1.7760159622014102,-0.29643085616003384,7170,2832,12,2
7261,11.041895296998181,3.6517577255779905,2.685015784648373,7170,5968,13,2
7262,5.243827556499606,1.7342301548767665,-0.09640709315955412,7170,2762,14,2
7263,11.023236559673615,3.64558693819577,3.1110049221322993,7170,6010,15,2
7264,6.0255277388029445,1.99158616304285,-1.7004411263235613,7171,3285,0,2
7265,5.249826170820466,1.7351975815919813,0.09651180759817782,7171,2765,1,2
7266,6.896031929599409,2.2793093594853033,-1.6767851590791696,7171,3727,2,2
7267,5.319284389144906,1.75815524314812,0.29360471452291487,7171,2805,3,2
7268,8.11989448235276,2.6838262468333487,-1.6623279677204583,7171,4356,4,2
7269,48.986462605879396,16.191239229390252,4.513795916901216,7171,25895,5,2
7270,10.066244166934121,3.3271430264230384,-1.6791675477418382,7171,5367,6,2
7271,50.22442459127071,16.60041632845182,6.4949047874339305,7171,26647,7,2
7272,21.892021301745384,7.23585528033054,-2.8310248473015758,7171,11615,8,2
7273,12.32256832061807,4.0729140457610145,2.0555488706286336,7171,6570,9,2
7274,22.782157527036322,7.530067350436256,-2.099233219820095,7171,12043,10,2
7275,50.042857500744304,16.540403907825546,10.244916579757444,7171,26846,11,2
7276,5.3022171665059386,1.7525141033305327,-0.2926626673105419,7171,2796,12,2
7277,10.940766514548244,3.616194323218835,2.6602711686705476,7171,5913,13,2
7278,5.230839457725274,1.7289220026350482,-0.09616275946943215,7171,2755,14,2
7279,11.033043941826397,3.6466942985396478,3.1135931125833247,7171,6015,15,2
7280,6.0260759687935685,1.9463695045097658,-1.696817659692126,7210,3278,0,42
7281,5.265321374963217,1.7006524658406448,0.09658161722392695,7210,2767,1,42
7282,6.8742986184972406,2.220337955449859,-1.6677871169054153,7210,3707,2,42
7283,5.3235261307522475,1.7194520897205752,0.29318602687297135,7210,2801,3,42
7284,8.096873579940295,2.6152189085365425,-1.6539323719238905,7210,4334,4,42
7285,49.834956374611245,16.096252328783187,4.58177739624439,7210,26285,5,42
7286,9.708946947109824,3.135904418832112,-1.615968023865585,7210,5165,6,42
7287,21.891652603062873,7.0708111299257075,-2.824687641444508,7210,11589,8,42
7288,12.406398809472382,4.007157631034258,2.0649349385310476,7210,6600,9,42
7289,22.796861915477482,7.363185771401524,-2.0959213015956837,7210,12024,10,42
7290,50.15428429328038,16.199392436218737,10.244916579757444,7210,26846,11,42
7291,5.312122647430392,1.7157688649657292,-0.292557995398056,7210,2795,12,42
7292,10.987380446343714,3.5488271880335622,2.6656699939748,7210,5925,13,42
7293,5.2367778908199405,1.691433171663699,-0.09605804503080846,7210,2752,14,42
7294,11.114598934510651,3.5899176401055652,3.129639893379681,7210,6046,15,42
7295,5.980454511930649,1.9304815629473053,-1.683876707437,7211,3253,0,42
7296,5.256103083689588,1.6966620305816134,0.09640709315955412,7211,2762,1,42
7297,6.863558947602461,2.2155463231290624,-1.6650877042532888,7211,3701,2,42
7298,5.335230276663899,1.722204167364018,0.29381405834788665,7211,2807,3,42
7299,8.06370000959575,2.6029500210406624,-1.6470632480903347,7211,4316,4,42
7300,49.847245208822464,16.090614458712743,4.582648953671867,7211,26290,5,42
7301,10.061028561177157,3.247684620440097,-1.6744745137906314,7211,5352,6,42
7302,50.24652613479067,16.219501730487895,6.482961591780225,7211,26598,7,42
7303,21.872106157929405,7.060282390991385,-2.8220065158895946,7211,11578,8,42
7304,12.145796998087745,3.920644680990932,2.0214461572498634,7211,6461,9,42
7305,22.77729009865288,7.352474381609593,-2.0940038752552352,7211,12013,10,42
7306,5.302918586352789,1.7117740031868935,-0.29203463583562655,7211,2790,12,42
7307,12.041364022367679,3.886933876270468,2.921214391709431,7211,6493,13,42
7308,5.238976028022243,1.6911334432263512,-0.09609294984368302,7211,2753,14,42
7309,10.988372769077618,3.5470299113851964,3.093922865155533,7211,5977,15,42
7310,5.9430558399172195,1.8761193122657502,-1.6699004790014638,7248,3226,0,80
7311,5.2669499779143765,1.6626844566953396,0.09640709315955412,7248,2762,1,80
7312,6.853564666268221,2.163551104784349,-1.6592389768403484,7248,3688,2,80
7313,5.388141885303156,1.7009426329714654,0.2961168404225762,7248,2829,3,80
7314,8.046641584424691,2.5401847268576425,-1.6401941242567792,7248,4298,4,80
7315,11.741791675132427,3.7066793103905957,1.0772449803610549,7248,6180,5,80
7316,10.03281395336511,3.167184781918481,-1.6663399216085393,7248,5326,6,80
7317,50.39754388143169,15.909627624840152,6.489055058950483,7248,26623,7,80
7318,21.907778061819062,6.915904312146455,-2.8207878224555434,7248,11573,8,80
7319,12.018278825097521,3.7939614924220626,1.9961037739133458,7248,6380,9,80
7320,5.454803219952299,1.721986456331942,-0.5004482748570532,7248,2871,10,80
7321,11.96699232378842,3.777771236406247,2.439302196893749,7248,6392,11,80
7322,5.300529822127495,1.6732850291833117,-0.29130193244822533,7248,2783,12,80
7323,12.125680435846025,3.8278663120167784,2.9356112591874384,7248,6525,13,80
7324,5.2593222444199315,1.6602765139629785,-0.09626747390805585,7248,2758,14,80
7325,11.040524999573435,3.4853016238092507,3.102205074598814,7248,5993,15,80
7326,5.919432796741291,1.867525897583508,-1.6631711838287984,7249,3213,0,80
7327,5.278682321339911,1.6653750922969317,0.09661652203680153,7249,2768,1,80
7328,6.837216175073524,2.1570780027025482,-1.6551898578621589,7249,3679,2,80
7329,5.409390538490642,1.7066123170341296,0.29726823145992093,7249,2840,3,80
7330,8.022745091007161,2.5311013304205354,-1.635233090376989,7249,4285,4,80
7331,50.35568015769179,15.886747939209936,4.619602988596873,7249,26502,5,80
7332,9.765860372390284,3.0810379615532724,-1.6219125335371136,7249,5184,6,80
7333,21.867336317898992,6.8989408761134,-2.8154255713457172,7249,11551,8,80
7334,11.907793868418013,3.7567980237226535,1.9776445070385986,7249,6321,9,80
7335,5.365800345835093,1.6928600173695896,-0.4922556350387733,7249,2824,10,80
7336,11.960162343373103,3.773319789667766,2.4377757249307366,7249,6388,11,80
7337,5.276060490006719,1.6645479289382181,-0.2899411975859088,7249,2770,12,80
7338,49.7691354086624,15.701698535573318,12.04837847065741,7249,26780,13,80
7339,5.259611937231023,1.659358563784298,-0.09626747390805585,7249,2758,14,80
7340,13.329317237604496,4.205275402744065,3.7451115826334753,7249,7235,15,80
7341,5.908006139226347,1.8197977163325323,-1.6564418886561327,7288,3200,0,120
7342,5.301362333305131,1.6329378880542784,0.09682595091404893,7288,2774,1,120
7343,6.834978905858276,2.105326012015741,-1.6511407388839692,7288,3670,2,120
7344,50.07062257960742,15.422868981251542,2.745753608329805,7288,26232,3,120
7345,7.992881183064946,2.4619857496904327,-1.6256926406081615,7288,4260,4,120
7346,49.52582967375723,15.255060610275446,4.533841737733178,7288,26010,5,120
7347,10.01692343480236,3.085435925717947,-1.66008254300693,7288,5306,6,120
7348,50.41632257287261,15.529352292787596,6.4773556019835885,7288,26575,7,120
7349,21.87774343971277,6.738833137927622,-2.8107945362963216,7288,11532,8,120
7350,12.423930102607299,3.8268476869863948,2.0589904288595187,7288,6581,9,120
7351,5.352445490693254,1.6486726403492609,-0.4899895857273342,7288,2811,10,120
7352,5.266272022611195,1.6221292893897912,-0.288789806548564,7288,2759,12,120
7353,49.85623577924415,15.356833063122995,12.043879449570532,7288,26770,13,120
7354,5.278429259044258,1.6258739894758172,-0.09640709315955412,7288,2762,14,120
7355,11.014738945820122,3.392785367387465,3.0882288461632776,7288,5966,15,120
7356,5.891706503554755,1.8136512661135729,-1.6517831458442875,7289,3191,0,120
7357,5.316936791848563,1.6367191981752396,0.09710518941704546,7289,2782,1,120
7358,6.820446313130399,2.099546385042301,-1.6475415220144674,7289,3662,2,120
7359,11.770053817956525,3.6231901565840374,0.6454070123879834,7289,6166,3,120
7360,7.957659842368615,2.4496162257412495,-1.618441898783853,7289,4241,4,120
7361,49.39519675849108,15.205384227288814,4.521639933748506,7289,25940,5,120
7362,9.985366645298695,3.0738077071435224,-1.654763771195562,7289,5289,6,120
7363,50.422826659164336,15.521720804701099,6.47784307935721,7289,26577,7,120
7364,11.87331647424532,3.6549776271933463,1.9676327012760237,7289,6289,9,120
7365,5.337499480109888,1.643049035816906,-0.4885950938433717,7289,2803,10,120
7366,49.8812613179739,15.355010079015655,10.144932666180134,7289,26584,11,120
7367,5.258919602411648,1.6188596953274443,-0.2883711188986205,7289,2755,12,120
7368,49.834702894710574,15.34067794226566,12.038030722157593,7289,26757,13,120
7369,5.2672457937939035,1.6214227570707982,-0.09619766428230672,7289,2756,14,120
7370,10.978403907908671,3.3794955901947046,3.0778760843591764,7289,5946,15,120
7371,5.855810449131844,1.7590556087535891,-1.6383245554989563,7328,3165,0,160
7372,5.335614937604257,1.6027915288025885,0.09724480866854372,7328,2786,1,160
7373,6.8084504371496815,2.045223805043851,-1.641242892492839,7328,3648,2,160
7374,11.76957658506437,3.5355208103912887,0.6440462775256668,7328,6153,3,160
7375,7.942185088101702,2.385791914944183,-1.6119543929410505,7328,4224,4,160
7376,49.47846988010003,14.863080134029774,4.519896818893552,7328,25930,5,160
7377,9.9436264627647,2.987014701486803,-1.644439096502907,7328,5256,6,160
7378,5.469656959735717,1.6430570689677375,-0.7012362019532187,7328,2877,8,160
7379,11.835488422955853,3.5553203905063624,1.9573080265833687,7328,6256,9,160
7380,5.314212827461573,1.5963624440136106,-0.485457487104456,7328,2785,10,160
7381,49.97710218791269,15.012866737503876,10.143406194217123,7328,26580,11,160
7382,5.2812938324984104,1.5864737457322196,-0.28899915037353585,7328,2761,12,160
7383,49.924903836007125,14.997186618674075,12.034881407396778,7328,26750,13,160
7384,5.293481582030928,1.5901348835643772,-0.09647690278530326,7328,2764,14,160
7385,11.106612994040587,3.336369927124106,3.107381455500864,7328,6003,15,160
7386,5.7728550407437575,1.733037812558594,-1.6150308414397294,7329,3120,0,160
7387,5.355047125291194,1.6076099418160976,0.09759385679728941,7329,2796,1,160
7388,6.771478304994252,2.0328291402867587,-1.6322448503190845,7329,3628,2,160
7389,50.56228730938096,15.179032762499302,2.766687990826983,7329,26432,3,160
7390,7.916276456543289,2.37650284599721,-1.6066117410705072,7329,4210,4,160
7391,12.52578862313935,3.76029974125593,1.1441805907912563,7329,6564,5,160
7392,9.866577237828785,2.961992170772438,-1.6316114703696079,7329,5215,6,160
7393,50.50334133302889,15.161336907468241,6.474430737741865,7329,26563,7,160
7394,5.414806916254424,1.625550107761531,-0.69416778003572,7329,2848,8,160
7395,49.940205708481045,14.992280985562662,8.258488278403869,7329,26396,9,160
7396,5.299225320910722,1.5908519776763739,-0.48406299522049345,7329,2777,10,160
7397,49.95339675642019,14.996240999230848,10.138063542346579,7329,26566,11,160
7398,5.281570643961895,1.5855519619120977,-0.28899915037353585,7329,2761,12,160
7399,49.923787679709555,14.98735221730712,12.033981603179402,7329,26748,13,160
7400,5.286098020673711,1.5869111013635298,-0.096337283533805,7329,2760,14,160
7401,11.027633347061792,3.3105465906568012,3.085123017622047,7329,5960,15,160
7402,5.597262411376974,1.6388751717903045,-1.5627493943290203,7368,3019,0,200
7403,5.37354212793757,1.5733700031904765,0.09773347604878767,7368,2800,1,200
7404,6.732792197137275,1.9713576312383874,-1.6196475912758281,7368,3600,2,200
7405,7.900238743342901,2.3131852995427673,-1.600124235227705,7368,4193,4,200
7406,12.61036922843803,3.692308760366183,1.149584246841611,7368,6595,5,200
7407,9.47133360058058,2.7732009580583803,-1.563093174681987,7368,4996,6,200
7408,11.861199294213895,3.4729522402651964,1.5175170640808964,7368,6226,7,200
7409,5.368592934644195,1.5719208822787223,-0.6868556194314112,7368,2818,8,200
7410,50.09417915567278,14.667546460315176,8.26724860844612,7368,26424,9,200
7411,5.3080189504388136,1.5541848550078128,-0.48388868373499816,7368,2776,10,200
7412,50.03547342432961,14.650357456393445,10.134247362439048,7368,26556,11,200
7413,5.276906444997705,1.5450751315480047,-0.2881617750736487,7368,2753,12,200
7414,50.01155448434664,14.643354004707144,12.030832288418589,7368,26741,13,200
7415,5.319806706658194,1.5576363031585718,-0.09675614128829979,7368,2772,14,200
7416,10.994291520193922,3.219122149293311,3.069593874915896,7368,5930,15,200
7417,5.590131936688758,1.6357281200264286,-1.5606788419682,7369,3015,0,200
7418,5.41795871630871,1.585348525898643,0.09853628674490271,7369,2823,1,200
7419,6.718173636600115,1.9658043239523746,-1.6160483744063263,7369,3592,2,200
7420,7.851651961004641,2.2974713381958973,-1.5902021674681244,7369,4167,4,200
7421,12.739131419146288,3.7275963649889707,1.1612631163697973,7369,6662,5,200
7422,5.473406132775274,1.6015729906025833,-0.903252601142293,7369,2887,6,200
7423,11.846563619445357,3.466422162745411,1.515567154586414,7369,6218,7,200
7424,5.328857903439798,1.559276743196995,-0.6817371070083951,7369,2797,8,200
7425,13.441790606642428,3.933201421327438,2.2182407142704736,7369,7090,9,200
7426,5.325500000348606,1.5582941874053264,-0.485457487104456,7369,2785,10,200
7427,50.038029631974865,14.641624395759601,10.134247362439048,7369,26556,11,200
7428,5.263757857398953,1.540227823219786,-0.2874290716862475,7369,2746,12,200
7429,50.00662820762174,14.632436027147728,12.029032679983837,7369,26737,13,200
7430,5.327755365381856,1.558954129611985,-0.09689576053979806,7369,2776,14,200
7431,11.126494776805718,3.255722868417446,3.106346179320454,7369,6001,15,200
7432,5.58228082974552,1.5933150446389477,-1.5555024610661496,7407,3005,0,239
7433,11.827773609882035,3.3759264737792964,0.21469950399146176,7407,6151,1,239
7434,6.723567877870367,1.9190653749231712,-1.6142487659715754,7407,3588,2,239
7435,50.654764552913946,14.458068468132003,2.760721691815287,7407,26375,3,239
7436,5.5050025259142155,1.5712579880568962,-1.1127980610360093,7407,2916,4,239
7437,12.811470345874817,3.656696799856026,1.1656209035071803,7407,6687,5,239
7438,5.423123143346466,1.5478876747262265,-0.8932407953797182,7407,2855,6,239
7439,11.882655110120721,3.39159095263115,1.5172733253940862,7407,6225,7,239
7440,5.300904938281967,1.5130037069006752,-0.6768623332721891,7407,2777,8,239
7441,13.444786552926894,3.8374602317731106,2.214486287109508,7407,7078,9,239
7442,5.326138412072977,1.5202059374307992,-0.48458592967697944,7407,2780,10,239
7443,50.12648390537525,14.307284670400104,10.132720890476035,7407,26552,11,239
7444,5.294983350611707,1.5113135456545947,-0.2885804627235923,7407,2757,12,239
7445,50.08945634767974,14.29671612923533,12.025883365223024,7407,26730,13,239
7446,5.341823295114988,1.5246827742088906,-0.09696557016554719,7407,2778,14,239
7447,12.450065264876699,3.5535432376606413,3.469210480554188,7407,6702,15,239
7448,5.415360729239279,1.5446499912787621,-1.508915032947696,7408,2915,0,239
7449,50.332557915913824,14.356603194700833,0.9135985721789173,7408,26174,1,239
7450,6.705162741432783,1.9125465666867483,-1.609749744884698,7408,3578,2,239
7451,50.666890467559924,14.451966513749184,2.761245051377716,7408,26380,3,239
7452,5.509052588249999,1.5713741813077668,-1.1135612970175155,7408,2918,4,239
7453,12.821688227423108,3.657193232158001,1.166492460934657,7408,6692,5,239
7454,5.402497482418463,1.5409809440844893,-0.8897992371488331,7408,2844,6,239
7455,13.498223075017695,3.850164596151246,1.7234762544355955,7408,7071,7,239
7456,5.289715194579838,1.5088114970916564,-0.6753999011513273,7408,2771,8,239
7457,13.540436728086782,3.8622054041611253,2.2301297336135315,7408,7128,9,239
7458,5.309159904092862,1.5143578072788138,-0.4830171263075215,7408,2771,10,239
7459,50.12142841427724,14.296381687922754,10.131194418513024,7408,26548,11,239
7460,5.30677097656816,1.5136764017243742,-0.2892084941985076,7408,2763,12,239
7461,50.086328840210726,14.286370063677115,12.02453365889696,7408,26727,13,239
7462,5.361319304254899,1.529235489677769,-0.09731461829429287,7408,2788,14,239
7463,11.146540094489083,3.1793824863370745,3.105828541230249,7408,6000,15,239
7464,5.412720050834048,1.5041326243640203,-1.5052915663162605,7447,2908,0,23
7465,50.39828645524467,14.005103932485088,0.9130400951729243,7447,26158,1,23
7466,6.706760045806424,1.8637314499803348,-1.6070503322325715,7447,3572,2,23
7467,50.74869265162317,14.102477782749338,2.760407676077829,7447,26372,3,23
7468,5.502596696811625,1.5291083101770075,-1.1101267351007378,7447,2909,4,23
7469,12.567935764963329,3.492484744722724,1.141217295537836,7447,6547,5,23
7470,5.374796242179619,1.4935940342833314,-0.8835418585472239,7447,2824,6,23
7471,13.600622105746757,3.779456396927073,1.7332258019080073,7447,7111,7,23
7472,5.307513196940972,1.474896850157872,-0.6763748558985685,7447,2775,8,23
7473,13.646348816015536,3.792163323587637,2.2432702286769106,7447,7170,9,23
7474,5.296308962201592,1.4717833222376653,-0.48092538848157773,7447,2759,10,23
7475,50.210012622952135,13.952784800735127,10.129667946550011,7447,26544,11,23
7476,5.315026888509904,1.4769848185937233,-0.2891038222860217,7447,2762,12,23
7477,50.1767792452774,13.94354962745646,12.023183952570896,7447,26724,13,23
7478,5.379310948201051,1.494848619141309,-0.09745423754579113,7447,2792,14,23
7479,11.162339114460725,3.101885608084948,3.104275626959634,7447,5997,15,23
7480,5.386922738424008,1.4959510980076587,-1.49804463305339,7448,2894,0,23
7481,50.389169355067395,13.993097151131582,0.9128306662956769,7448,26152,1,23
7482,6.678919974647109,1.8547393669324614,-1.6003018006022556,7448,3557,2,23
7483,50.76269982476293,14.096826746563618,2.7610357075527445,7448,26378,3,23
7484,5.442330102658591,1.511337750348747,-1.0979149593966389,7448,2877,4,23
7485,11.80256841935597,3.2775790638889903,1.0716670128252048,7448,6148,5,23
7486,5.34650661055191,1.4847275193889735,-0.8788488245960171,7448,2809,6,23
7487,11.874104315706452,3.297444617543427,1.513129767718311,7448,6208,7,23
7488,5.307770534163241,1.4739704918948147,-0.6763748558985685,7448,2775,8,23
7489,13.734564507562327,3.8140953292669395,2.257662199460612,7448,7216,9,23
7490,5.311923685159071,1.4751238239721594,-0.4823198803655403,7448,2767,10,23
7491,50.19163872570052,13.938242798054675,10.125470148651727,7448,26533,11,23
7492,5.3172090232701485,1.4765915649691135,-0.2892084941985076,7448,2763,12,23
7493,9.65504821749661,2.681211645984458,2.313396642872308,7448,5142,13,23
7494,5.39498601231985,1.4981902731404266,-0.09773347604878767,7448,2800,14,23
7495,11.153573271816398,3.0973527917283654,3.1016874365086085,7448,5992,15,23
7496,5.396980482111951,1.4592491059043302,-1.49804463305339,7487,2894,0,63
7497,50.51413534207382,13.658138486468312,0.9133891433016699,7487,26168,1,63
7498,5.470498176318755,1.4791270042763927,-1.308315332063919,7487,2908,2,63
7499,11.907490294476615,3.219577062279814,0.6464537315128421,7487,6176,3,63
7500,5.439224893408356,1.4706712556819794,-1.0952436334613673,7487,2870,4,63
7501,11.830374577230616,3.1987263214228894,1.0721899472816907,7487,6151,5,63
7502,5.3202577486774185,1.438504620995045,-0.8729043149244883,7487,2790,6,63
7503,11.89819034090529,3.217062517530414,1.5133735064051215,7487,6209,7,63
7504,5.3004339640753795,1.4331446164421204,-0.6741812077172759,7487,2766,8,63
7505,11.958185068801468,3.2332840423870706,1.9620010605345755,7487,6271,9,63
7506,5.325688051430919,1.4399728798601823,-0.48266850333653094,7487,2769,10,63
7507,50.29293066075872,13.59832861046435,10.126996620614738,7487,26537,11,63
7508,5.346416869589323,1.445577589653809,-0.29025521332336646,7487,2773,12,63
7509,9.648619376320116,2.608817883402207,2.3075479154593674,7487,5129,13,63
7510,5.430153726584137,1.4682185708665305,-0.09818723861615704,7487,2813,14,63
7511,12.52830507215898,3.3874345174379026,3.4774926899974687,7487,6718,15,63
7512,5.40096503515369,1.4593149470826645,-1.4990799092338,7488,2896,0,63
7513,50.481769921715056,13.639933034643416,0.9127608566699278,7488,26150,1,63
7514,5.435011968500838,1.4685142657993069,-1.299767191998852,7488,2889,2,63
7515,11.809718056396333,3.1909293928692852,0.6411154639760619,7488,6125,3,63
7516,5.395889827601501,1.4579436502510332,-1.0864664196740461,7488,2847,4,63
7517,11.857860506069407,3.203937252749847,1.0746303080786253,7488,6165,5,63
7518,5.3224157264412,1.438091299171401,-0.8732171838545687,7488,2791,6,63
7519,50.34691627722235,13.603496224222335,6.403502779880069,7488,26272,7,63
7520,5.291102155961134,1.4296305220416363,-0.6729625142832244,7488,2761,8,63
7521,11.945400254542344,3.22759007452872,1.9598109780240125,7488,6264,9,63
7522,5.349020286679485,1.4452797242331428,-0.48476024116247474,7488,2781,10,63
7523,50.28203622278462,13.585965943505414,10.124325294679467,7488,26530,11,63
7524,5.338956620107992,1.442560569608988,-0.28983652567342294,7488,2769,12,63
7525,5.469019280620221,1.4777028790495144,-0.09888533487364838,7488,2833,14,63
7526,12.444972265048541,3.3625720448489713,3.4541989759382417,7488,6673,15,63
7527,5.4051679984819465,1.421044618420971,-1.497526994963185,7527,2893,0,103
7528,50.68561436447036,13.32549137126174,0.9147853358166527,7527,26208,1,103
7529,5.418496122750005,1.4245486462828412,-1.2934685624772237,7527,2875,2,103
7530,11.833095890031196,3.1109777232660982,0.6412201358885478,7527,6126,3,103
7531,5.375308952634319,1.41319453190657,-1.0803605318219967,7527,2831,4,103
7532,11.856271238471535,3.1170706336419505,1.0725385702526815,7527,6153,5,103
7533,5.326349762071287,1.400322925641717,-0.8722785770643274,7527,2788,6,103
7534,50.4537040978428,13.264521048703733,6.405452689374552,7527,26280,7,103
7535,5.317989358866992,1.3981249354988332,-0.675156162464517,7527,2770,8,103
7536,13.394203078149854,3.5214002983049055,2.193524068794117,7527,7011,9,103
7537,5.351026365876069,1.406810523260799,-0.48406299522049345,7527,2777,10,103
7538,9.167075811839808,2.410068244452462,1.8424516593559168,7527,4828,11,103
7539,5.377626339837879,1.4138037841287656,-0.29140660436071125,7527,2784,12,103
7540,25.61356366922487,6.733928866032909,-0.4622793417107656,7527,13244,14,103
7541,12.321839941233474,3.2394708809147263,3.4138232049022483,7527,6595,15,103
7542,5.394205255792317,1.4171559673277314,-1.4944211664219547,7528,2887,0,103
7543,11.793919949292379,3.0984775776520386,0.2128495489091097,7528,6098,1,103
7544,5.414975109352487,1.4226125861469194,-1.2925687582598484,7528,2873,2,103
7545,11.849092335926379,3.1129723684956256,0.6420575111884349,7528,6134,3,103
7546,5.354668514892634,1.4067689453962782,-1.0761627339237125,7528,2820,4,103
7547,49.89189005008682,13.107508215379232,4.513098670959235,7528,25891,5,103
7548,5.309399195757845,1.3948758707529205,-0.8694627566936032,7528,2779,6,103
7549,12.535287073708822,3.2932482240265326,1.5913698861844157,7528,6529,7,103
7550,5.341272574522583,1.4032495878759097,-0.6780810267062406,7528,2782,8,103
7551,13.618351013804217,3.5777888473288297,2.2301297336135315,7528,7128,9,103
7552,5.349344821715694,1.4053703142363272,-0.48388868373499816,7528,2776,10,103
7553,9.165597489853454,2.407969396960225,1.8420700413651636,7528,4827,11,103
7554,5.424233987492872,1.4250450620697288,-0.2939187302603726,7528,2808,12,103
7555,12.15872065103825,3.1943173662491393,2.9023185031445466,7528,6451,13,103
7556,25.637947334834337,6.7355557181625825,-0.4626981994652605,7528,13256,14,103
7557,9.252547428709232,2.4308127295486406,2.5633438226953653,7528,4952,15,103
7558,5.401613823772119,1.3808708653860058,-1.4939035283317497,7566,2886,0,142
7559,11.794836382995818,3.01523701150112,0.21250050078036403,7566,6088,1,142
7560,5.386530604091841,1.3770149846636464,-1.2835707160860939,7566,2853,2,142
7561,50.65136055098898,12.948535448648444,2.7398919812305955,7566,26176,3,142
7562,5.333447358830546,1.3634447611687959,-1.0700568460716633,7566,2804,4,142
7563,50.047215666982126,12.794091592420584,4.519373884437067,7566,25927,5,142
7564,5.305136713967362,1.3562074158221489,-0.86727267418304,7566,2772,6,142
7565,12.635705829391227,3.2301972359826663,1.601363172343638,7566,6570,7,142
7566,5.35238498069951,1.3682859829132055,-0.6783247653930509,7566,2783,8,142
7567,13.549916282427457,3.4639063867318947,2.215112024969669,7566,7080,9,142
7568,5.368199435718645,1.3723287969499613,-0.48476024116247474,7566,2781,10,142
7569,12.085850398719433,3.089631958796908,2.4248007132451312,7566,6354,11,142
7570,5.433565878177608,1.3890391022235953,-0.2939187302603726,7566,2808,12,142
7571,9.517525683570616,2.4330643314719387,2.267956529894847,7566,5041,13,142
7572,25.70142895151487,6.5703242763754695,-0.4630472475940061,7566,13266,14,142
7573,9.24600564429462,2.3636528326427126,2.557132165612905,7566,4940,15,142
7574,5.396239515304323,1.378493648218778,-1.4923506140611347,7567,2883,0,142
7575,11.820549667790676,3.0196125633954725,0.2129542633477334,7567,6101,1,142
7576,5.364113565833605,1.370286929973084,-1.2781718907818411,7567,2841,2,142
7577,50.63426855637724,12.93475157824485,2.7388452621057366,7567,26166,3,142
7578,5.329880903196808,1.3615420423763407,-1.069293610090157,7567,2802,4,142
7579,50.57644674846306,12.919980737419092,4.566960919977288,7567,26200,5,142
7580,5.328340320150346,1.3611484935099352,-0.8710271013440055,7567,2784,6,142
7581,49.7834394944501,12.71740346864739,6.308932169397675,7567,25884,7,142
7582,5.368010339553787,1.3712823783416344,-0.6802746748875332,7567,2791,8,142
7583,13.68449471590337,3.495765707110645,2.2370128500753017,7567,7150,9,142
7584,5.366508471783486,1.370898719466606,-0.48458592967697944,7567,2780,10,142
7585,9.923621938607335,2.5350338454951356,1.9909010577588686,7567,5217,11,142
7586,5.449289163600026,1.3920454194121183,-0.2947561055602596,7567,2816,12,142
7587,9.400887519987863,2.4014989877986572,2.2400625991562078,7567,4979,13,142
7588,11.797299938891562,3.013673315606464,-0.2125354055932386,7567,6089,14,142
7589,12.164467780077281,3.1074679915968915,3.364129948242565,7567,6499,15,142
7590,5.394247807094936,1.3389385962221212,-1.4892447855199045,7606,2877,0,182
7591,11.840829524179986,2.939083302839441,0.2129542633477334,7606,6101,1,182
7592,5.375207822543099,1.3342125674782441,-1.2786217928905288,7606,2842,2,182
7593,50.69012395108424,12.582099642534194,2.7371705115059624,7606,26150,3,182
7594,5.3256870464273485,1.321920718674219,-1.0666222841548854,7606,2795,4,182
7595,50.663217931323985,12.57542113802049,4.566960919977288,7606,26200,5,182
7596,5.327895861113,1.322468981813082,-0.8694627566936032,7606,2779,6,182
7597,49.91316261286885,12.389245409523118,6.314538159194312,7606,25907,7,182
7598,5.460064957149433,1.3552754657269666,-0.6907554384203759,7606,2834,8,182
7599,13.663876862955146,3.391592815178782,2.2298168646834506,7606,7127,9,182
7600,5.398920017719716,1.3400983136394355,-0.48667766750292324,7606,2792,10,182
7601,9.97494514778074,2.4759409525078846,1.9977701815924243,7606,5235,11,182
7602,5.499345378555486,1.3650254946795222,-0.2969542157224633,7606,2837,12,182
7603,9.428364178528273,2.3402708124134577,2.2427620118083342,7606,4985,13,182
7604,11.79619109129093,2.9280033297259673,-0.2121514526516184,7606,6078,14,182
7605,12.177837854390546,3.022734161439929,3.3620593958817446,7606,6495,15,182
7606,5.364480822000252,1.3305560336385696,-1.4809625760766238,7607,2861,0,182
7607,50.80461831228435,12.601105992379914,0.9136683818046665,7607,26176,1,182
7608,5.341394886579468,1.3248300124846975,-1.2705235549341494,7607,2824,2,182
7609,50.68456508643592,12.571329104492587,2.736751823856019,7607,26146,3,182
7610,5.320201135503204,1.3195733111736763,-1.0654774301826262,7607,2792,4,182
7611,50.20516892927116,12.452424131097443,4.5254747864294025,7607,25962,5,182
7612,5.360720387831461,1.3296233304491265,-0.8747815285049712,7607,2796,6,182
7613,9.729894898235624,2.4133128243134085,1.2308803683919896,7607,5050,7,182
7614,5.483421956510612,1.3600570887120718,-0.6936803026620995,7607,2846,8,182
7615,13.685558701123378,3.3944389602095364,2.2332584229143357,7607,7138,9,182
7616,5.406889004169254,1.3410745655399603,-0.4873749134449045,7607,2796,10,182
7617,9.98109367756654,2.4756178380829925,1.9989150355646836,7607,5238,11,182
7618,11.8055917301459,2.928149401298855,-0.6374519470390558,7607,6090,12,182
7619,11.81028814296494,2.9293142559455903,-0.21239578634174033,7607,6085,14,182
7620,9.018927911157363,2.236971171548941,2.48983921388625,7607,4810,15,182
7621,5.335850103077293,1.2849647666980561,-1.470609814272523,7646,2841,0,222
7622,50.83866666545511,12.242828075950259,0.9127608566699278,7646,26150,1,222
7623,5.344605175004515,1.287073139073416,-1.2691738486080864,7646,2821,2,222
7624,50.75925184323745,12.223703616579778,2.7362284642935895,7646,26141,3,222
7625,5.33860331395046,1.285627787378729,-1.0673855201363918,7646,2797,4,222
7626,50.35849869697006,12.127195344580157,4.531749999907234,7646,25998,5,222
7627,5.390771809126216,1.2981908611041029,-0.878223086735856,7646,2807,6,222
7628,9.742236427219119,2.3460986189621944,1.230392891018369,7646,5048,7,222
7629,5.479043030284286,1.3194480941429616,-0.6919741318544274,7646,2839,8,222
7630,13.886950820018408,3.344217355412814,2.2623552334118187,7646,7231,9,222
7631,5.40814402499963,1.3023743904172551,-0.48667766750292324,7646,2792,10,222
7632,50.60316448318006,12.186115087230915,10.117456170845912,7646,26512,11,222
7633,11.813598875875316,2.844918434768042,-0.6368239155641405,7646,6084,12,222
7634,12.436011474204054,2.994806127216555,2.9531574414262596,7646,6564,13,222
7635,25.755665620801118,6.202408655838969,-0.462418960962264,7646,13248,14,222
7636,12.17798383257767,2.932668619243293,3.3563653768894888,7646,6484,15,222
7637,5.32480486218626,1.2813216737027184,-1.4675039857312926,7647,2835,0,222
7638,50.81747228026643,12.22834081637278,0.9123419989154329,7647,26138,1,222
7639,5.329672467623516,1.2824929782870576,-1.2655746317385845,7647,2813,2,222
7640,50.78662830208994,12.220918749505802,2.737589199155906,7647,26154,3,222
7641,5.335010078498483,1.2837773815049958,-1.0666222841548854,7647,2795,4,222
7642,50.43228706646816,12.135652694347048,4.538199524870561,7647,26035,5,222
7643,5.369872197425141,1.2921663440544309,-0.8747815285049712,7647,2796,6,222
7644,9.771595767375901,2.351364560289219,1.2340489713205234,7647,5063,7,222
7645,5.486993238524528,1.3203494854636084,-0.6929490866016685,7647,2843,8,222
7646,13.79342708222724,3.3191483129466817,2.247024655837876,7647,7182,9,222
7647,5.447113164236931,1.3107530392357942,-0.49016389721282955,7647,2812,10,222
7648,9.38923598430556,2.259356329024356,1.877178896514448,7647,4919,11,222
7649,11.81409522787777,2.8428565294789827,-0.6368239155641405,7647,6084,12,222
7650,9.276244721466313,2.2321669469226566,2.202720724135126,7647,4896,13,222
7651,25.772301344678695,6.20165605103059,-0.4626981994652605,7647,13256,14,222
7652,12.304337443450507,2.960824791684835,3.3910471289332267,7647,6551,15,222
7653,5.275083720837195,1.2314331977013164,-1.4514572049349364,7686,2804,0,6
7654,50.8878460420984,11.87942908436117,0.9121325700381855,7686,26132,1,6
7655,5.317403695864823,1.2413125143023127,-1.2606257085430195,7686,2802,2,6
7656,50.84918663031447,11.87040430189444,2.736542480031047,7686,26144,3,6
7657,5.362743329819355,1.2518967501889755,-1.0704384640624165,7686,2805,4,6
7658,50.7950553086182,11.857767704998562,4.563474690267381,7686,26180,5,6
7659,5.493962610573971,1.2825290182345865,-0.8935536643097987,7686,2856,6,6
7660,5.493920273322519,1.2825191348849194,-0.6927053479148583,7686,2842,8,6
7661,13.719517275424918,3.2027300273281063,2.231381209333853,7686,7132,9,6
7662,5.4617295910527215,1.2750044342846047,-0.4906868316693155,7686,2815,10,6
7663,9.68926317130998,2.261894021375304,1.9340399771366583,7686,5068,11,6
7664,23.714968351569166,5.536101577914585,-1.2762646289404282,7686,12193,12,6
7665,9.19064457497264,2.1454948275396504,2.1788759123746764,7686,4843,13,6
7666,25.8178119863057,6.026996433509122,-0.4627680090910096,7686,13258,14,6
7667,12.256480185896692,2.861193752861653,3.3724121576858455,7686,6515,15,6
7668,5.2828239563814225,1.2322678704946077,-1.4535277572957566,7687,2808,0,6
7669,43.50141596895419,10.147110269463042,0.7797037099920782,7687,22338,1,6
7670,5.311926881198107,1.2390563986540026,-1.2592760022169562,7687,2799,2,6
7671,50.83375222681601,11.857445965073609,2.735600432818674,7687,26135,3,6
7672,5.345754381452058,1.2469469780195594,-1.0670039021456386,7687,2796,4,6
7673,50.818467435294885,11.853880645151119,4.56539211660783,7687,26191,5,6
7674,5.532661064907046,1.290544702021714,-0.8998110429114079,7687,2876,6,6
7675,51.22777012303655,11.94935430764216,6.458831461786006,7687,26499,7,6
7676,5.467079282536977,1.2752471407227453,-0.6892930062995141,7687,2828,8,6
7677,9.437842553697486,2.2014646412095025,1.5349349709747453,7687,4906,9,6
7678,5.50657899970856,1.2844608174922254,-0.4946959958357078,7687,2838,10,6
7679,50.679510511140805,11.821467648914327,10.115548080892147,7687,26507,11,6
7680,23.694538726882445,5.52697175230636,-1.2751132379030834,7687,12182,12,6
7681,9.090435784544098,2.1204287779752313,2.155031100614227,7687,4790,13,6
7682,25.795494490319957,6.017039243858334,-0.46234915133651483,7687,13246,14,6
7683,12.4281819999486,2.8989891568687245,3.4195172238945037,7687,6606,15,6
7684,5.2628249248233105,1.1898901717517427,-1.445763185942681,7726,2793,0,46
7685,43.40173691728723,9.812847839806999,0.7767018960848654,7726,22252,1,46
7686,5.329741567770195,1.2050195854993968,-1.261525512760395,7726,2804,2,46
7687,50.91328505999479,11.511159571115039,2.735600432818674,7726,26135,3,46
7688,5.384756905269775,1.217458192202346,-1.073109789997688,7726,2812,4,46
7689,50.892146339149996,11.506380245080843,4.564869182151344,7726,26188,5,46
7690,5.552877753438745,1.2554692124738478,-0.9016882564918908,7726,2882,6,46
7691,5.498867548343137,1.2432578596100212,-0.6922178705412376,7726,2840,8,46
7692,9.43912148303137,2.1341234114883347,1.532744888464182,7726,4899,9,46
7693,5.5443444900563215,1.253539897633101,-0.4973106681181375,7726,2853,10,46
7694,50.64390678295509,11.450254910802077,10.09265100144696,7726,26447,11,46
7695,23.712129548508,5.361156850951302,-1.2740665187782245,7726,12172,12,46
7696,13.436498980944188,3.0379042260682008,3.1803580063135635,7726,7069,13,46
7697,25.839754209968604,5.842198821758186,-0.462418960962264,7726,13248,14,46
7698,9.423339580752371,2.1305552269711656,2.5887080891154124,7726,5001,15,46
7699,5.26680125044674,1.1898230113302193,-1.446798462123091,7727,2795,0,46
7700,43.58289873705122,9.845812164151774,0.7799131388693256,7727,22344,1,46
7701,5.3261501247233705,1.2032305148514295,-1.2606257085430195,7727,2802,2,46
7702,51.01854610808539,11.525599178222807,2.741148044180426,7727,26188,3,46
7703,5.402204275579008,1.2204119072169648,-1.076544351914466,7727,2821,4,46
7704,50.8902669760743,11.49661964095105,4.5645205591803535,7727,26186,5,46
7705,5.497218993984071,1.2418766811846202,-0.8926150575195574,7727,2853,6,46
7706,9.286482056859985,2.0979090571568415,1.1689707419421747,7727,4796,7,46
7707,5.5261926168220175,1.248422111994501,-0.6956302121565818,7727,2854,8,46
7708,51.26113358428048,11.580402112245228,8.323565015860604,7727,26604,9,46
7709,5.5892617361639685,1.2626700560366309,-0.5013198322845297,7727,2876,10,46
7710,9.214961706517613,2.0817518956143335,1.8363457715038674,7727,4812,11,46
7711,23.69747956540212,5.353497342443189,-1.2732291434783374,7727,12164,12,46
7712,9.028983973032124,2.0397376679315813,2.1370350162667173,7727,4750,13,46
7713,25.852476721306694,5.840332725728053,-0.4626283898395113,7727,13254,14,46
7714,9.425595654645651,2.129336208470038,2.5892257272056174,7727,5002,15,46
7715,5.274778045180004,1.1539457457286566,-1.446798462123091,7766,2795,0,86
7716,51.05656241270897,11.169475280862665,0.9122721892896837,7766,26136,1,86
7717,5.345639111647686,1.169447786854898,-1.263325121195146,7766,2808,2,86
7718,51.35336313023234,11.23440539211697,2.7549647366285632,7766,26320,3,86
7719,5.464087247124602,1.195360293666057,-1.0872296556555523,7766,2849,4,86
7720,50.969288810567924,11.150382723594383,4.564694870665849,7766,26187,5,86
7721,5.544139541988488,1.212873069427003,-0.8988724361211666,7766,2873,6,86
7722,9.228795321250557,2.018953026637577,1.1599524105301937,7766,4759,7,86
7723,5.55783303019628,1.2158687485487065,-0.6985550763983054,7766,2866,8,86
7724,51.34455996995743,11.23247955386156,8.324503622650845,7766,26607,9,86
7725,22.546616320373424,4.932448675683252,-2.0192242479777445,7766,11584,10,86
7726,9.180970744817644,2.008490602239177,1.82680532173504,7766,4787,11,86
7727,23.674836938534924,5.1792657685390315,-1.2700889861037608,7766,12134,12,86
7728,9.04265875367753,1.978232545427623,2.1370350162667173,7766,4750,13,86
7729,25.887724406688832,5.66337184044965,-0.4625585802137622,7766,13252,14,86
7730,9.413450049859703,2.0593493308388338,2.581978793942747,7766,4988,15,86
7731,5.2712047836351905,1.152200043028276,-1.445763185942681,7767,2793,0,86
7732,51.0741396379576,11.163980210213674,0.9125514277926803,7767,26144,1,86
7733,5.3363241859155846,1.1664340903076347,-1.2610756106517071,7767,2803,2,86
7734,51.36703026223117,11.228001359788108,2.7555927681034786,7767,26326,3,86
7735,5.535260674066202,1.2099183865198873,-1.1013495213134166,7767,2886,4,86
7736,50.97123414316523,11.141486734738065,4.564694870665849,7767,26187,5,86
7737,5.55593001847779,1.2144363706426697,-0.9007496497016494,7767,2879,6,86
7738,9.258237113891568,2.023700774082867,1.163608490832348,7767,4774,7,86
7739,5.556105850712053,1.2144748047229605,-0.6983113377114951,7767,2865,8,86
7740,51.417922685766676,11.239125619799685,8.336079773063823,7767,26644,9,86
7741,22.55526258261728,4.930215308441009,-2.0199214939197256,7767,11588,10,86
7742,9.200500850137065,2.0110805613776503,1.8306215016425706,7767,4797,11,86
7743,23.64842386911197,5.169162671147606,-1.2686235793289584,7767,12120,12,86
7744,9.412339199131877,2.0573849955336945,2.2243160253521372,7767,4944,13,86
7745,25.90043387852057,5.661415606908387,-0.4627680090910096,7767,13258,14,86
7746,9.425133078938108,2.060181530570429,2.585084622483977,7767,4994,15,86
7747,5.290070391604041,1.1196150368509212,-1.4488690144839111,7805,2799,0,125
7748,51.1744471576057,10.83079738052695,0.9130400951729243,7805,26158,1,125
7749,5.382073016288945,1.1390868991139367,-1.2700736528254617,7805,2823,2,125
7750,51.440366910964485,10.887077870655913,2.7555927681034786,7805,26326,3,125
7751,5.554687607373008,1.1756198518822627,-1.1036392292579351,7805,2892,4,125
7752,51.05375177253955,10.805252849359077,4.565566428093326,7805,26192,5,125
7753,5.587053024822192,1.1824698189654184,-0.9045040768626149,7805,2891,6,125
7754,9.263686797322428,1.9606096454634596,1.162633536085107,7805,4770,7,125
7755,5.577632805431869,1.180476080035861,-0.7000175085191671,7805,2872,8,125
7756,22.58356628117911,4.77969072665983,-2.019572870948735,7805,11586,10,125
7757,50.10358953178849,10.604156105186966,9.954886906785097,7805,26086,11,125
7758,23.65092308327563,5.005591071428215,-1.2669488287291844,7805,12104,12,125
7759,9.368581934836653,1.98281013894647,2.2108189620915053,7805,4914,13,125
7760,25.92176102294806,5.486201746768946,-0.4624887705880131,7805,13250,14,125
7761,13.348970052125523,2.8252379440078803,3.656077831118208,7805,7063,15,125
7762,5.269475108739622,1.1142952978278353,-1.4431749954916557,7806,2788,0,125
7763,45.35595282218625,9.591073857515887,0.8091982768710873,7806,23183,1,125
7764,5.40705726591616,1.1433887364803041,-1.2759223802384023,7806,2836,2,125
7765,51.428587945384365,10.875207214931503,2.7548600647160773,7806,26319,3,125
7766,5.568338159751554,1.1774935643657582,-1.1063105551932069,7806,2899,4,125
7767,51.03419474738144,10.791807924307458,4.563649001752877,7806,26181,5,125
7768,5.6027204315606856,1.1847641184560531,-0.9070070283032586,7806,2899,6,125
7769,9.2815081468749,1.9626890100800152,1.1648271842663995,7806,4779,7,125
7770,5.6186237850824625,1.1881270780835915,-0.7051360209421833,7806,2893,8,125
7771,26.00945552533415,5.500019146664906,4.210590061022854,7806,13458,9,125
7772,22.580501583349243,4.7749246780175545,-2.0192242479777445,7806,11584,10,125
7773,9.75755703743977,2.063355400820301,1.9386193930256952,7806,5080,11,125
7774,23.604899212745284,4.991546151311697,-1.264436702829523,7806,12080,12,125
7775,9.016210793553428,1.9065886229955424,2.127587071984275,7806,4729,13,125
7776,25.93054387720556,5.483332308481024,-0.4626283898395113,7806,13254,14,125
7777,13.338122612042865,2.8205100131890366,3.652972002576978,7806,7057,15,125
7778,5.267474082996475,1.0764675759646862,-1.4405868050406303,7845,2783,0,165
7779,45.4417371928099,9.286530111552358,0.8095822298127076,7845,23194,1,165
7780,5.456718879962624,1.1151418787983118,-1.2858202266295324,7845,2858,2,165
7781,5.568530049212029,1.1379917488558056,-1.1047840832301945,7845,2895,4,165
7782,51.15331848606022,10.453755991128562,4.567832477404765,7845,26205,5,165
7783,5.62033188981825,1.1485780376365877,-0.9085713729536609,7845,2904,6,165
7784,21.850893968526634,4.465475955333142,-2.7384041463136635,7845,11235,8,165
7785,26.046290142277556,5.322852352105096,4.210590061022854,7845,13458,9,165
7786,22.602719891245613,4.619120038972624,-2.018352690550268,7845,11579,10,165
7787,9.652118751967517,1.9725190313500627,1.9149590775990035,7845,5018,11,165
7788,23.591364928086865,4.821160772259462,-1.2619245769298617,7845,12056,12,165
7789,9.452839459305443,1.931794066455718,2.2274653401129516,7845,4951,13,165
7790,25.975103548429495,5.308304570964955,-0.4627680090910096,7845,13258,14,165
7791,9.66429129277039,1.9750066269765314,2.6430600885869415,7845,5106,15,165
7792,5.2657690819884175,1.0751617411224972,-1.4400691669504253,7846,2782,0,165
7793,51.21145439609015,10.456325679424609,0.9123419989154329,7846,26138,1,165
7794,5.4760068947748755,1.1180879783588473,-1.2903192477164096,7846,2868,2,165
7795,5.597582097392178,1.1429111341957494,-1.1105083530914908,7846,2910,4,165
7796,51.19418450763209,10.452799523405524,4.5713187071146715,7846,26225,5,165
7797,5.694079178754156,1.1626138534747357,-0.9204603922967185,7846,2942,6,165
7798,21.82055358078027,4.455308239857232,-2.7345043273246987,7846,11219,8,165
7799,9.232072631766595,1.884999347747957,1.4923847964838026,7846,4770,9,165
7800,22.584004597475523,4.611189234939124,-2.016609575695315,7846,11569,10,165
7801,9.66977498405171,1.9743691654989801,1.9183936395157815,7846,5027,11,165
7802,23.588292249981677,4.816244117567703,-1.2617152331048898,7846,12054,12,165
7803,9.460813864577933,1.931703602778274,2.2292649485477023,7846,4955,13,165
7804,25.97602962672596,5.30377097933321,-0.4627680090910096,7846,13258,14,165
7805,13.30638269100596,2.7168896621463534,3.6389957741414416,7846,7030,15,165
7806,5.272965432150854,1.0392941574649917,-1.4400691669504253,7885,2782,0,205
7807,51.28732727890303,10.108660919329516,0.9124467133540566,7885,26141,1,205
7808,5.506434037080966,1.0853104949846546,-1.2957180730206623,7885,2880,2,205
7809,51.59519829232669,10.169341868146875,2.756011455753422,7885,26330,3,205
7810,5.624493878017629,1.1085799255347937,-1.1143245329990217,7885,2920,4,205
7811,51.244600123620394,10.100239456412353,4.569575592259717,7885,26215,5,205
7812,8.529534224193993,1.6811593398757747,-1.376936161284112,7885,4401,6,205
7813,26.13514315059815,5.151200388174814,3.270729438307348,7885,13419,7,205
7814,21.844531304650783,4.3055267571181695,-2.7337731112642683,7885,11216,8,205
7815,9.246627535475923,1.8224974347983005,1.4926976654138828,7885,4771,9,205
7816,22.579682472933023,4.450424030555754,-2.013471968956399,7885,11551,10,205
7817,9.754259245986738,1.922550939352122,1.9325135051736457,7885,5064,11,205
7818,23.589175732739413,4.649393748908168,-1.2600404825051157,7885,12038,12,205
7819,9.183125930590236,1.8099813567400334,2.1608798280271673,7885,4803,13,205
7820,26.02722480708188,5.129929832669957,-0.4630472475940061,7885,13266,14,205
7821,9.72333309379363,1.9164554377409806,2.655483402751863,7885,5130,15,205
7822,5.271251291146728,1.0380005883139714,-1.4395515288602205,7886,2781,0,205
7823,51.31655903225722,10.105118409967476,0.9129353807343006,7886,26155,1,205
7824,5.5391277497199045,1.0907500981052094,-1.3033664088683539,7886,2897,2,205
7825,51.65184194052949,10.171141416046272,2.7589422693030268,7886,26358,3,205
7826,5.642023640939857,1.111012079506245,-1.1177590949157996,7886,2929,4,205
7827,51.22876852794854,10.087830940619574,4.568006788890259,7886,26206,5,205
7828,8.506569631877767,1.6750907507014356,-1.3731817341231467,7886,4389,6,205
7829,26.097088021961056,5.138968192537842,3.265854664571142,7886,13399,7,205
7830,21.816067089632494,4.295961095948681,-2.7301170309621137,7886,11201,8,205
7831,9.239192853761978,1.8193569397570617,1.4914461896935611,7886,4767,9,205
7832,10.083110282651248,1.9855388839088668,-0.8990986421848417,7886,5158,10,205
7833,9.783488587345007,1.9265381877132868,1.938237775034942,7886,5079,11,205
7834,23.550794310694414,4.63755890196692,-1.257947044255398,7886,12018,12,205
7835,51.04907552287599,10.052446278671377,12.011936399853704,7886,26699,13,205
7836,26.020271683647305,5.123841726361639,-0.46290762834250787,7886,13262,14,205
7837,13.069139752771195,2.57353975419807,3.569114631963761,7886,6895,15,205
7838,5.270602774620099,1.0006552025394424,-1.4374809764994003,7925,2777,0,245
7839,51.37629465137215,9.754094309222621,0.9127957614828022,7925,26151,1,245
7840,5.552167494544493,1.0541119348890386,-1.3047161151944169,7925,2900,2,245
7841,51.71987759946139,9.81932557008806,2.7589422693030268,7925,26358,3,245
7842,5.716963299568641,1.0853993960591655,-1.1311157245921575,7925,2964,4,245
7843,51.274715254485926,9.734808858143955,4.566089362549811,7925,26195,5,245
7844,8.494485945869426,1.6127285470199555,-1.369427306962181,7925,4377,6,245
7845,50.62276184184501,9.611031635296897,6.326725093534826,7925,25957,7,245
7846,21.837002132108434,4.145884394206548,-2.7291420762148726,7925,11197,8,245
7847,51.20174153755383,9.720954365096524,8.254420982312821,7925,26383,9,245
7848,10.063115522936139,1.9105421775040305,-0.8961353469314213,7925,5141,10,245
7849,50.372541677305875,9.563525852726439,9.966335446507689,7925,26116,11,245
7850,23.566117686073724,4.474167239424751,-1.2571096689555108,7925,12010,12,245
7851,9.109383772083689,1.7294705469662226,2.1406342331362196,7925,4758,13,245
7852,26.034899496003355,4.942880111116905,-0.4625585802137622,7925,13252,14,245
7853,8.757134030283448,1.662593843902408,2.388382148206061,7925,4614,15,245
7854,5.274573364195246,1.0004553045979079,-1.4385162526798103,7926,2779,0,245
7855,51.37013761306676,9.74363671226675,0.912656142231304,7926,26147,1,245
7856,5.561924406851833,1.0549586463959386,-1.3069656257378557,7926,2905,2,245
7857,51.703930150713845,9.806948849925334,2.758000222090654,7926,26349,3,245
7858,7.213951050131351,1.3683069884297094,-1.4272512854165553,7926,3740,4,245
7859,26.181409841791346,4.965961898620478,2.331416118499856,7926,13375,5,245
7860,8.45789258692248,1.6042517413343333,-1.3634827972906522,7926,4358,6,245
7861,50.46841296691044,9.57260198713474,6.3072259985900025,7926,25877,7,245
7862,10.118256616776728,1.9191814781178282,-1.2645163071718102,7926,5188,8,245
7863,26.126698027799545,4.955584429059843,4.211841536743176,7926,13462,9,245
7864,22.567885911477564,4.280566334893121,-2.009637116275502,7926,11529,10,245
7865,50.204470035513054,9.52253858151029,9.932753063321417,7926,26028,11,245
7866,23.51980366565927,4.461121443516076,-1.2545975430558496,7926,11986,12,245
7867,9.159465184984223,1.737322603909869,2.1523316879621004,7926,4784,13,245
7868,25.91002313233351,4.914486593543194,-0.46032467218978995,7926,13188,14,245
7869,8.759322085556336,1.6614254158759785,2.3888997862962666,7926,4615,15,245
7870,5.279360585963299,0.9641824452953052,-1.4379986145896053,7965,2778,0,29
7871,51.458875779492644,9.398059456885049,0.9130749999857988,7965,26159,1,29
7872,5.555557159028087,1.01462489620647,-1.3038163109770415,7965,2898,2,29
7873,51.757697076390855,9.452633916056426,2.7573721906157385,7965,26343,3,29
7874,7.192196677151985,1.313528346152141,-1.4211453975645059,7965,3724,4,29
7875,9.239300885340121,1.6873959593007892,0.8217043426249213,7965,4714,5,29
7876,8.414205793086023,1.5367068387724638,-1.3547224672483993,7965,4330,6,29
7877,50.530449151908336,9.228498647107898,6.306982259903193,7965,25876,7,29
7878,10.320506406238815,1.8848591494035105,-1.2881589597924088,7965,5285,8,29
7879,51.29750681891104,9.368588251712586,8.259114016264029,7965,26398,9,29
7880,22.580820004243428,4.123989997264402,-2.0082426243915394,7965,11521,10,29
7881,50.3762776924899,9.200341939052752,9.95412367080359,7965,26084,11,29
7882,11.230573453617664,2.051066904459573,-0.5983046517693339,7965,5716,12,29
7883,9.113567541069541,1.6644329732800407,2.1388346247014685,7965,4754,13,29
7884,25.52190276245795,4.661127084125028,-0.4528550422346326,7965,12974,14,29
7885,13.43595368709882,2.4538408524974114,3.6597012977496433,7965,7070,15,29
7886,5.290931657086405,0.9653414857082828,-1.4411044431308355,7966,2784,0,29
7887,5.540397419600459,1.0108570329552642,-1.3002170941075397,7966,2890,2,29
7888,51.74166267220289,9.440373974610468,2.7564301434033656,7966,26334,3,29
7889,7.161523884617285,1.3066349283594427,-1.4150395097124564,7966,3708,4,29
7890,9.216074855561045,1.6814920263712558,0.8196126047989774,7966,4702,5,29
7891,8.375607940749235,1.5281470896347507,-1.3484650886467902,7966,4310,6,29
7892,9.297539541682355,1.696355427796556,1.1604398879038142,7966,4761,7,29
7893,10.260296734299327,1.872012480076267,-1.2806030605012897,7966,5254,8,29
7894,22.589379564087842,4.121479286246006,-2.0089398703335206,7966,11525,10,29
7895,50.47831398283639,9.209873378533546,9.973967806322749,7966,26136,11,29
7896,11.22896643774738,2.048748282254835,-0.5981999798568479,7966,5715,12,29
7897,8.791786355116853,1.6040797069663812,2.06325107044193,7966,4586,13,29
7898,25.11550129621836,4.58237545047991,-0.44562974596959715,7966,12767,14,29
7899,9.587913150144006,1.7493346966229477,2.611484165084434,7966,5045,15,29
7900,5.31831064691326,0.9329769948542761,-1.446798462123091,8005,2795,0,69
7901,5.527955413191743,0.9697544147936226,-1.2957180730206623,8005,2880,2,69
7902,26.333181825730314,4.619559569913519,1.4011382205360923,8005,13386,3,69
7903,7.135444845413437,1.2517519811833662,-1.4081703858789005,8005,3690,4,69
7904,9.219457133357606,1.6173446760692929,0.8189153588569962,8005,4698,5,69
7905,8.35857628962516,1.4663226550109187,-1.3440849236256638,8005,4296,6,69
7906,9.29518414971104,1.630629263758377,1.1587337170961423,8005,4754,7,69
7907,10.220010002216998,1.7928689864671932,-1.2740221159574119,8005,5227,8,69
7908,9.35475670403114,1.6410799174330766,1.50427381582686,8005,4808,9,69
7909,22.589436156253598,3.9628042925146083,-2.0064995095365865,8005,11511,10,69
7910,26.14202679272202,4.586025754368002,5.159093616991019,8005,13519,11,69
7911,23.417764563984285,4.108115726897545,-1.2460144462320066,8005,11904,12,69
7912,8.800581794959772,1.5438624971627637,2.062801168333242,8005,4585,13,69
7913,24.94323983476577,4.3757257685720115,-0.4420345502435168,8005,12664,14,69
7914,9.578667547964706,1.6803599971722454,2.6057901460921786,8005,5034,15,69
7915,5.316570548376557,0.9317152902951346,-1.446280824032886,8006,2794,0,69
7916,5.535802533879867,0.9701351308966228,-1.2975176814554132,8006,2884,2,69
7917,26.31038034996561,4.610826366825702,1.3998821575862617,8006,13374,3,69
7918,7.110524015792122,1.2461010132833197,-1.4032093519991105,8006,3677,4,69
7919,51.464121475261244,9.018954689644596,4.571144395629176,8006,26224,5,69
7920,8.316026146782798,1.4573621557260457,-1.3372018071638936,8006,4274,6,69
7921,9.30720037180571,1.6310628848703754,1.1601961492170039,8006,4760,7,69
7922,10.269205116118401,1.799651737676305,-1.280115583127669,8006,5252,8,69
7923,9.553506874287212,1.6742274648139646,1.5361864466950672,8006,4910,9,69
7924,22.560690225732277,3.9537028337459685,-2.0038848372541564,8006,11496,10,69
7925,50.58779120291594,8.865380067308035,9.983126638100824,8006,26160,11,69
7926,11.195780960943194,1.9620317671306318,-0.5956878539571866,8006,5691,12,69
7927,9.630069803216122,1.6876449208420103,2.2571588792863415,8006,5017,13,69
7928,24.857337327698975,4.3561843209835995,-0.44049873847703586,8006,12620,14,69
7929,12.539799539656947,2.1975675601449307,3.4112350144512233,8006,6590,15,69
7930,5.309297786274086,0.8941883279268215,-1.4426573574014505,8044,2787,0,108
7931,26.12996581607408,4.400791099392685,0.4625236754008876,8044,13251,1,108
7932,5.555566651238346,0.9356647629371405,-1.3006669962162274,8044,2891,2,108
7933,51.57192261411353,8.685708187155164,2.7408340284429684,8044,26185,3,108
7934,7.097336145809468,1.1953285342861983,-1.3990115541008266,8044,3666,4,108
7935,51.528699302322835,8.678428546333828,4.571667330085662,8044,26227,5,108
7936,8.25927870583995,1.3910221112384535,-1.3265642635411579,8044,4240,6,108
7937,50.697908500010406,8.538507323550416,6.31258824969983,8044,25899,7,108
7938,10.231976822640041,1.7232625885245774,-1.2740221159574119,8044,5227,8,108
7939,9.66569361754194,1.6278895556521713,1.552455631059251,8044,4962,9,108
7940,22.588380519266618,3.8043197085903846,-2.004059148739652,8044,11497,10,108
7941,8.843598339895706,1.489432827228411,1.7432309817601135,8044,4568,11,108
7942,23.405794475696975,3.9419880120737814,-1.2439210079822889,8044,11884,12,108
7943,9.629520750382342,1.6217973459280564,2.254459466634215,8044,5011,13,108
7944,24.798917070632225,4.17661677352369,-0.4389629267105549,8044,12576,14,108
7945,13.163705670309986,2.2170223702814265,3.5768792033168366,8044,6910,15,108
7946,5.318979163196851,0.8948642175717665,-1.445245547852476,8045,2792,0,108
7947,26.13467746503468,4.396894024902049,0.4625934850266368,8045,13253,1,108
7948,5.530747342973034,0.9304920628194464,-1.294818268803287,8045,2878,2,108
7949,51.587224826793765,8.679026588549757,2.7415667318303694,8045,26192,3,108
7950,7.07044001779657,1.1895297161891654,-1.3936689022302833,8045,3652,4,108
7951,26.284790179683366,4.422148964397044,2.3319390529563417,8045,13378,5,108
7952,8.247833357277402,1.3876141863820282,-1.324687049960675,8045,4234,6,108
7953,50.7013555597853,8.529988082443644,6.31283198838664,8045,25900,7,108
7954,10.193125806942163,1.714889882057299,-1.2691473422212058,8045,5207,8,108
7955,9.687405594175845,1.6298075930273561,1.555897189290136,8045,4973,9,108
7956,22.571361158932767,3.797402250186369,-2.002490345370194,8045,11488,10,108
7957,8.830305838217459,1.4856092649339494,1.7405596558248417,8045,4561,11,108
7958,23.351333901438107,3.928624741670965,-1.240990194432684,8045,11856,12,108
7959,24.72471033400776,4.159681376610722,-0.43763654382132133,8045,12538,14,108
7960,13.125990843275897,2.2083146343372033,3.5665264415127362,8045,6890,15,108
7961,5.3438687248992,0.8626466713737451,-1.4504219287545264,8083,2802,0,147
7962,26.179056880770265,4.2260162890371875,0.4628727235296333,8083,13261,1,147
7963,5.529101575720407,0.8925483232323427,-1.293018660368536,8083,2874,2,147
7964,51.65153825092399,8.33797195202128,2.7419854194803133,8083,26196,3,147
7965,7.064606571829056,1.140420855654229,-1.3909975762950115,8083,3645,4,147
7966,26.343044573273268,4.252488390873231,2.334553725238772,8083,13393,5,147
7967,8.237353587976086,1.3297343215949198,-1.3215583606598704,8083,4224,6,147
7968,50.752893633375095,8.19290611526813,6.312344511013019,8083,25898,7,147
7969,10.11020844291382,1.6320643543388786,-1.2574478852543116,8083,5159,8,147
7970,9.711652667642262,1.567726543925829,1.5580872718006995,8083,4980,9,147
7971,22.566545985900415,3.6428581578801302,-1.9998756730877645,8083,11473,10,147
7972,8.865160619902907,1.43107955933126,1.7455206897046318,8083,4574,11,147
7973,23.361101893302315,3.771121227956487,-1.240152819132797,8083,11848,12,147
7974,51.86658958991726,8.372687123988852,12.129360850221202,8083,26960,13,147
7975,24.69055609741299,3.985731523036581,-0.43655449462220974,8083,12507,14,147
7976,13.277663833957256,2.14337834621842,3.6037963840074987,8083,6962,15,147
7977,5.359276931672983,0.8641742597893282,-1.4545630334761666,8084,2810,0,147
7978,26.183742450141676,4.2220837883259215,0.4629425331553824,8084,13263,1,147
7979,5.542724494269443,0.8937548662103262,-1.2961679751293502,8084,2881,2,147
7980,9.253607222889313,1.492128373691868,0.4912252852962708,8084,4693,3,147
7981,7.055114413987825,1.1376251599175564,-1.3890894863412462,8084,3640,4,147
7982,9.38840381916826,1.51386409481556,0.8319887202691448,8084,4773,5,147
7983,8.223934243131042,1.326095362811442,-1.3193682781493072,8084,4217,6,147
7984,51.575469647194545,8.316456468641194,6.414471020786532,8084,26317,7,147
7985,10.045820473895931,1.6198714085288883,-1.249404508589572,8084,5126,8,147
7986,8.881146915631673,1.4320697847387496,1.4248051075864228,8084,4554,9,147
7987,22.533742751391493,3.63352756551583,-1.9969123778343438,8084,11456,10,147
7988,23.290775307216823,3.755597773289653,-1.236384630283305,8084,11812,12,147
7989,24.604386802089703,3.9674153851998772,-0.43501868285572887,8084,12463,14,147
7990,13.255151129938517,2.137370500190687,3.5975847269250383,8084,6950,15,147
7991,5.35945140583528,0.8258560540290951,-1.4530101192055513,8124,2807,0,188
7992,26.22048531206755,4.040403559023796,0.46308215240688066,8124,13267,1,188
7993,5.529568877661568,0.8520700325439293,-1.2916689540424728,8124,2871,2,188
7994,9.267746577448182,1.4280985195349756,0.4914346291212426,8124,4695,3,188
7995,7.020196779466519,1.0817659442691419,-1.3806938905446782,8124,3618,4,188
7996,9.382990525178995,1.4458568505126723,0.8305942283851823,8124,4765,5,188
7997,8.207611309119319,1.2647386785471646,-1.315300982058261,8124,4204,6,188
7998,8.885608561284192,1.3692135758670305,1.103892512563826,8124,4529,7,188
7999,9.958787603682614,1.5345833762643073,-1.2372175742490572,8124,5076,8,188
8000,8.888975806474848,1.3697324461049576,1.4244922386563423,8124,4553,9,188
8001,22.558560221710508,3.4761250953773715,-1.9969123778343438,8124,11456,10,188
8002,51.57263963555573,7.94700304940009,10.143024576226368,8124,26579,11,188
8003,23.28089523629901,3.587432148966028,-1.234500535858559,8124,11794,12,188
8004,24.59591013105304,3.790067256504948,-0.4343903962239866,8124,12445,14,188
8005,9.493121620881018,1.4628273247711656,2.5736965844994666,8124,4972,15,188
8006,5.361504831095682,0.8252145205390183,-1.4535277572957566,8125,2808,0,188
8007,26.233048627893954,4.037652362111232,0.46329158128412806,8125,13273,1,188
8008,5.535495686929832,0.8519942745816925,-1.293018660368536,8125,2874,2,188
8009,9.279839770447564,1.428303949748346,0.49206266059615794,8125,4701,3,188
8010,6.993219805595525,1.076359475688308,-1.375351238674135,8125,3604,4,188
8011,9.381273530899085,1.4439160986942912,0.8304199168996871,8125,4764,5,188
8012,8.129736471435749,1.2512861212909532,-1.3027862248550426,8125,4164,6,188
8013,8.911353253552816,1.3715884502861826,1.1070611154923595,8125,4542,7,188
8014,9.745198505151219,1.4999295095930139,-1.2106500573867351,8125,4967,8,188
8015,9.338263578981074,1.4372962339420339,1.4964520925748486,8125,4783,9,188
8016,11.015710355132132,1.6954799865860337,-0.9750984498607996,8125,5594,10,188
8017,51.59342991425623,7.940988373772592,10.1468407561339,8125,26589,11,188
8018,23.265728894808547,3.580938173098065,-1.2336631605586719,8125,11786,12,188
8019,51.92657053570922,7.992263619597227,12.129360850221202,8125,26960,13,188
8020,24.592618404044636,3.785166001789351,-0.43432058659823747,8125,12443,14,188
8021,9.455189431476429,1.455292843913539,2.5633438226953653,8125,4952,15,188
8022,5.370682453551795,0.7902002054893971,-1.4545630334761666,8163,2810,0,227
8023,26.267163788925835,3.864745012043314,0.4634312005356264,8163,13277,1,227
8024,5.544880508691083,0.8158303447049237,-1.2939184645859114,8163,2876,2,227
8025,51.83010324576035,7.6258759644690866,2.7455442645048334,8163,26230,3,227
8026,6.9477613712051,1.022239261155122,-1.3650475529238015,8163,3577,4,227
8027,8.106587073522864,1.1927398103902214,-1.2977803219737551,8163,4148,6,227
8028,8.916326018986654,1.3118784648595614,1.106573638118739,8163,4540,7,227
8029,9.664590383135094,1.4219722303026217,-1.1994380777934615,8163,4921,8,227
8030,26.36399701586872,3.878992295603686,4.220601866785429,8163,13490,9,227
8031,11.040511024829339,1.624414430750511,-0.9763186302592668,8163,5601,10,227
8032,51.658557849754224,7.6006361167686975,10.14951208206917,8163,26596,11,227
8033,23.24154305667683,3.4195788446086692,-1.2311510346590107,8163,11762,12,227
8034,26.330470482334537,3.8740594637118027,6.144313098348329,8163,13657,13,227
8035,24.593440766749797,3.618486498810758,-0.4339017288437427,8163,12431,14,227
8036,9.39773865626839,1.3827097545876745,2.5452264895381886,8163,4917,15,227
8037,5.363174991921071,0.7881393267283385,-1.4524924811153463,8164,2806,0,227
8038,26.27179480766514,3.860741949097116,0.4635010101613755,8164,13279,1,227
8039,5.556591011296366,0.8165625595183462,-1.296617877238038,8164,2882,2,227
8040,51.807720986592514,7.6133451545419115,2.7442882015550025,8164,26218,3,227
8041,6.870243960700351,1.0096089457834896,-1.3497828332936779,8164,3537,4,227
8042,8.098977576496276,1.1901761072392816,-1.2965288462534335,8164,4144,6,227
8043,9.089386749328142,1.3357205692113636,1.128022642558045,8164,4628,7,227
8044,9.598062455481124,1.4104724333915157,-1.1911509624419114,8164,4887,8,227
8045,26.39985258284549,3.879560534890979,4.226233507526877,8164,13508,9,227
8046,11.023053404693549,1.6198803697348292,-0.974749826889809,8164,5592,10,227
8047,52.04059264774776,7.647566546630268,10.224309208256777,8164,26792,11,227
8048,23.153217896098276,3.402454999457151,-1.2264407985971457,8164,11717,12,227
8049,51.5864500687875,7.58082853659711,12.037580820048904,8164,26756,13,227
8050,24.562416788701164,3.6095422319482413,-0.43334325183774963,8164,12415,14,227
8051,12.909081929948297,1.8970395626240908,3.4961276612448504,8164,6754,15,227
8052,5.366502209538118,0.7513475162962977,-1.4519748430251413,8203,2805,0,11
8053,26.301425987348605,3.682381990921811,0.46357081978712467,8203,13281,1,11
8054,5.565880242791236,0.7792618232768335,-1.2975176814554132,8203,2884,2,11
8055,51.88207840781286,7.26385068522221,2.7455442645048334,8203,26230,3,11
8056,6.8302939594252186,0.9562885100217698,-1.3406240015156037,8203,3513,4,11
8057,8.991619560404937,1.2588890790325258,0.7943374394021566,8203,4557,5,11
8058,8.059940057147783,1.1284474890687197,-1.2890199919315024,8203,4120,6,11
8059,9.554361029811536,1.337676786341039,1.1845700178980336,8203,4860,7,11
8060,9.5504291939968,1.3371263020668247,-1.184082540524413,8203,4858,8,11
8061,11.041716712755326,1.5459168940675916,-0.9754470728317902,8203,5596,10,11
8062,52.18087938601026,7.305684893812771,10.24186363583142,8203,26838,11,11
8063,23.17781909198441,3.2450553690214967,-1.2265454705096315,8203,11718,12,11
8064,51.687033516794344,7.236543048197003,12.049278274874785,8203,26782,13,11
8065,24.527005560824673,3.433950828820618,-0.4322961074515126,8203,12385,14,11
8066,9.108704819825661,1.2752818271253736,2.4644749474662024,8203,4761,15,11
8067,5.337934689083586,0.7463979811568439,-1.4442102716720657,8204,2790,0,11
8068,26.313950853466466,3.679452997702315,0.46378024866437206,8204,13287,1,11
8069,5.5872457688203765,0.7812588959927127,-1.3024666046509783,8204,2895,2,11
8070,9.512276325671928,1.330091928664358,0.5033672271446338,8204,4809,3,11
8071,6.8051843601719675,0.9515620110939403,-1.3356629676358136,8204,3500,4,11
8072,9.017490646167479,1.2609065500866292,0.7966034887135957,8204,4570,5,11
8073,8.048398822202406,1.1253994254973412,-1.2871427783510196,8204,4114,6,11
8074,26.424547880196233,3.694917667519626,3.2760916894171745,8204,13441,7,11
8075,9.493649409528128,1.3274873459156515,-1.1770141186069143,8204,4829,8,11
8076,11.109074909829957,1.553370651419633,-0.981373663338631,8204,5630,10,11
8077,26.402170979078615,3.6917887281841764,5.181990696436204,8204,13579,11,11
8078,23.219923432535406,3.2468182887483676,-1.2287435806718352,8204,11739,12,11
8079,51.70759538453731,7.230220497905616,12.053777295961662,8204,26792,13,11
8080,24.489976386992264,3.42440850226438,-0.4316329160068958,8204,12366,14,11
8081,9.10318754503932,1.2728894603384455,2.4629220331955874,8204,4758,15,11
8082,5.32194975383465,0.7063184893766775,-1.4385162526798103,8244,2779,0,52
8083,9.358501090393275,1.2420414808001097,0.16478562158083093,8244,4721,1,52
8084,5.596427385218058,0.7427466096960639,-1.3033664088683539,8244,2897,2,52
8085,9.452033800693053,1.2544549543769026,0.49970371020762766,8244,4774,3,52
8086,6.76106070979207,0.8973144069395724,-1.3257408998762334,8244,3474,4,52
8087,52.29592497333955,6.940610196687867,4.615419512944986,8244,26478,5,52
8088,8.026686305054472,1.0652856956421926,-1.2824497443998126,8244,4099,6,52
8089,26.46544181180959,3.512440317147814,3.2780415989116567,8244,13449,7,52
8090,9.447586150531478,1.2538646711745598,-1.170189435376226,8244,4801,8,52
8091,52.31543091628087,6.943198986283682,8.358606336029617,8244,26716,9,52
8092,11.086072470554987,1.4713212868800136,-0.9784103680852106,8244,5613,10,52
8093,51.87566874482085,6.884834633556218,10.172027543523605,8244,26655,11,52
8094,23.245984259308155,3.08516037271454,-1.228952924496807,8244,11741,12,52
8095,9.305485231134064,1.235005322370017,2.1671784575487956,8244,4817,13,52
8096,24.48355157116021,3.249407822360126,-0.43110934381377736,8244,12351,14,52
8097,9.119512316574525,1.2103233704252387,2.464992585556408,8244,4762,15,52
8098,5.3220729486081675,0.7053896231652452,-1.4385162526798103,8245,2779,0,52
8099,9.362682443362253,1.2409335806391621,0.16485543120658006,8245,4723,1,52
8100,5.608148007794834,0.7433061230225858,-1.3060658215204801,8245,2903,2,52
8101,9.123581898354496,1.2092431012018718,0.48232817273497036,8245,4608,3,52
8102,6.722292535985665,0.8909752730851909,-1.3181085400611716,8245,3454,4,52
8103,52.35441392125746,6.939074428998779,4.62047454602435,8245,26507,5,52
8104,7.993581837997977,1.0594724527255022,-1.2771309725884448,8245,4082,6,52
8105,51.916681416700925,6.881057192215683,6.430314035429202,8245,26382,7,52
8106,9.367121656564946,1.2415219556874628,-1.1601961492170039,8245,4760,8,52
8107,11.023125366678155,1.4610093329400606,-0.9728324005493605,8245,5581,10,52
8108,51.80485892381773,6.86623619542027,10.15790767786574,8245,26618,11,52
8109,23.248502311301756,3.081365558661541,-1.229057596409293,8245,11742,12,52
8110,9.230358656990603,1.2233953344133366,2.1496322753099744,8245,4778,13,52
8111,24.464294735027224,3.2425071604208986,-0.43076029568503166,8245,12341,14,52
8112,12.900137956755888,1.709789313292944,3.486810175621159,8245,6736,15,52
8113,5.311300226012042,0.6681480704787025,-1.43437514795817,8283,2771,0,91
8114,9.239758811941256,1.1623381769406198,0.16255171355685863,8283,4657,1,91
8115,5.609087420180929,0.7056089427191333,-1.3051660173031048,8283,2901,2,91
8116,9.133382826751834,1.1489563483440186,0.4824328446474562,8283,4609,3,91
8117,6.714418504443862,0.8446567840694477,-1.3154372141258999,8283,3447,4,91
8118,26.554479178417033,3.3404859960153184,2.3415261846585844,8283,13433,5,91
8119,7.965153935682544,1.0019961227437624,-1.2714993318469965,8283,4064,6,91
8120,51.96905443969359,6.537574976166523,6.4312889901764425,8283,26386,7,91
8121,9.298336466679052,1.1697070970394208,-1.1506903404314024,8283,4721,8,91
8122,26.500208258947755,3.33365885226831,4.230300803617923,8283,13521,9,91
8123,10.836868522004183,1.363250519627483,-0.9555755634853241,8283,5482,10,91
8124,51.876528462532335,6.525935443381935,10.163250329736282,8283,26632,11,91
8125,23.248610831731945,2.9246161594211384,-1.228010877284434,8283,11732,12,91
8126,9.213133939042441,1.1589888355934748,2.1437835478970335,8283,4765,13,91
8127,24.461452950917703,3.0771886157399404,-0.43034143793053686,8283,12329,14,91
8128,12.815356662257853,1.6121392996104673,3.4609282711109075,8283,6686,15,91
8129,5.311416758952928,0.6672210635418736,-1.43437514795817,8284,2771,0,91
8130,9.243929740858642,1.1612240034837604,0.16262152318260775,8284,4659,1,91
8131,5.626612380702773,0.7068159903781424,-1.3092151362812945,8284,2910,2,91
8132,52.06677489239074,6.540636989243673,2.7501498286542123,8284,26274,3,91
8133,6.693138429486453,0.8407931713939366,-1.311239416227616,8284,3436,4,91
8134,26.568899767387546,3.3375896421708116,2.3427463650570512,8284,13440,5,91
8135,7.941809024334254,0.9976513808167753,-1.2677449046860312,8284,4052,6,91
8136,51.99579963236628,6.531721065182761,6.434457593104977,8284,26399,7,91
8137,9.174454891759618,1.1524965612947953,-1.135334803162354,8284,4658,8,91
8138,51.97259375574319,6.528805939071676,8.296345418943604,8284,26517,9,91
8139,10.8588516683229,1.3640907666997224,-0.9574929898257727,8284,5493,10,91
8140,9.23715437503631,1.1603728808934946,1.809632512151151,8284,4742,11,91
8141,23.237230813282096,2.9190648297126933,-1.2273828458095188,8284,11726,12,91
8142,51.86537817868425,6.51533750031041,12.06817416343967,8284,26824,13,91
8143,24.432228123832004,3.0691805921654916,-0.4298178657374183,8284,12314,14,91
8144,12.802220329500761,1.608217063657948,3.457304804479472,8284,6679,15,91
8145,5.285250626911059,0.6264860265434716,-1.4260929385148893,8324,2755,0,132
8146,9.448404822815611,1.1199645981744921,0.1660770996571899,8324,4758,1,132
8147,5.641085692275952,0.668664858152745,-1.311464646824733,8324,2915,2,132
8148,52.136951812890935,6.1800421745441945,2.7515105635165287,8324,26287,3,132
8149,6.669601033202054,0.79057969902991,-1.3055151463663197,8324,3421,4,132
8150,52.506445717134454,6.223840053631122,4.625878202074705,8324,26538,5,132
8151,7.911309121353172,0.9377652955486,-1.2618003950145023,8324,4033,6,132
8152,52.09138576310546,6.174641012803627,6.440794798962044,8324,26425,7,132
8153,9.089626480744723,1.0774368859049206,-1.12387908488227,8324,4611,8,132
8154,52.00121336423289,6.163952447234772,8.29384246750296,8324,26509,9,132
8155,11.315259742870298,1.3412518376183733,-0.9968873855477142,8324,5719,10,132
8156,9.221634869057501,1.093084471327528,1.805053096262114,8324,4730,11,132
8157,23.221342558121016,2.752536758837579,-1.2254987513847726,8324,11708,12,132
8158,51.934757023536775,6.156075059432321,12.07402289085261,8324,26837,13,132
8159,24.43320154264886,2.896184198389859,-0.42946881760867267,8324,12304,14,132
8160,12.772848883475074,1.5140268474506111,3.4464344045851663,8324,6658,15,132
8161,5.277686045091577,0.6246553074918255,-1.424022386154069,8325,2751,0,132
8162,9.472430162592278,1.1211359912952632,0.16649595741168471,8325,4770,1,132
8163,5.6605546339251696,0.6699707912177354,-1.3159636679116105,8325,2925,2,132
8164,26.631312967297536,3.1520236043539858,1.4054297689480135,8325,13427,3,132
8165,6.642443870018597,0.786185040692708,-1.3001724944957762,8325,3407,4,132
8166,52.5194026568005,6.2160809369064065,4.626924070987677,8325,26544,5,132
8167,7.876162354867897,0.9322052459356132,-1.2561687542730537,8325,4015,6,132
8168,26.573562781198266,3.145188419398431,3.285597498202776,8325,13480,7,132
8169,9.016875086142496,1.0672174948314854,-1.114860753470289,8325,4574,8,132
8170,9.243456292935873,1.094035147907499,1.4742383985391356,8325,4712,9,132
8171,11.319450821261139,1.3397452923463515,-0.9972360085187048,8325,5721,10,132
8172,9.229624091772246,1.0923979990135837,1.8065795682251262,8325,4734,11,132
8173,23.19405480297739,2.745197291227788,-1.2240333446099703,8325,11694,12,132
8174,51.94744206442848,6.148384939712025,12.076722303504736,8325,26843,13,132
8175,9.275832555444136,1.097867131098569,-0.16304038093710257,8325,4671,14,132
8176,51.91355302805456,6.1443739079348605,14.007286720948423,8325,27060,15,132
8177,5.285655566974331,0.5891450469409518,-1.4250576623344793,8364,2753,0,172
8178,26.462074668353548,2.949492267345432,0.4647575834248599,8364,13315,1,172
8179,5.647553093026234,0.6294825476108471,-1.3119145489334207,8364,2916,2,172
8180,52.26417933332375,5.825423544252458,2.756011455753422,8364,26330,3,172
8181,6.614471425524213,0.7372563401271227,-1.2936849886529738,8364,3390,4,172
8182,52.54663629232776,5.856906510984336,4.625703890589209,8364,26537,5,172
8183,7.854840096935374,0.8755092114849364,-1.2517885892519276,8364,4001,6,172
8184,9.308024470310738,1.0374827576265677,1.1499591243709715,8364,4718,7,172
8185,8.98447296265263,1.0014193468061445,-1.1099859797340832,8364,4554,8,172
8186,9.242836085071666,1.03021678772084,1.472986922818814,8364,4708,9,172
8187,11.156036811658238,1.24346426811191,-0.9820709092806122,8364,5634,10,172
8188,52.05530476742198,5.802142152876551,10.181186375301678,8364,26679,11,172
8189,23.160594168675335,2.5815055797317767,-1.2213118748853373,8364,11668,12,172
8190,52.02295049100743,5.798535909250673,12.084820541461117,8364,26861,13,172
8191,9.281103169448823,1.0344820794970457,-0.163005476124228,8364,4670,14,172
8192,13.101821136590205,1.4603435526062676,3.532362327559203,8364,6824,15,172
8193,5.28575831167708,0.5882225170447425,-1.4250576623344793,8365,2753,0,172
8194,26.494387879073944,2.9484124333418245,0.465316060430853,8365,13331,1,172
8195,5.641852519689498,0.6278502523650242,-1.3105648426073577,8365,2913,2,172
8196,52.223510149642,5.811662731773193,2.7538133455912184,8365,26309,3,172
8197,6.606795162526615,0.735233329059911,-1.2921585166899614,8365,3386,4,172
8198,7.817690892238031,0.8699871509355818,-1.2458440795803987,8365,3982,6,172
8199,9.256909655138898,1.0301497677963143,1.143621918513904,8365,4692,7,172
8200,8.931378944759974,0.9939232734045004,-1.1034050351902054,8365,4527,8,172
8201,9.268538097000437,1.031443832136334,1.4770542189098599,8365,4721,9,172
8202,11.445357862335655,1.2736899444282068,-1.0075203861629285,8365,5780,10,172
8203,52.0777799432473,5.795445231130841,10.185384173199962,8365,26690,11,172
8204,23.17890942329126,2.57945135576858,-1.22225392209771,8365,11677,12,172
8205,52.03945600808002,5.79118037445789,12.088419758330618,8365,26869,13,172
8206,9.358793228006842,1.041487821514264,-0.16436676382633614,8365,4709,14,172
8207,13.023355840212727,1.449296524923534,3.5111391658607967,8365,6783,15,172
8208,5.278111278552309,0.5510265997126883,-1.4219518337932489,8404,2747,0,212
8209,26.517820932783344,2.7684192183968825,0.46538587005660215,8404,13333,1,212
8210,5.661501079976667,0.5910518980617088,-1.3141640594768595,8404,2921,2,212
8211,52.291655711405376,5.459167440650373,2.7553834242785067,8404,26324,3,212
8212,6.562830588804154,0.6851492954561308,-1.2826180669211342,8404,3361,4,212
8213,9.295778433039454,0.9704647953245131,0.8176951784585289,8404,4691,5,212
8214,7.782172876334745,0.8124467318163888,-1.2392738320487091,8404,3961,6,212
8215,9.27160461042127,0.9679410858806667,1.1445968732611451,8404,4696,7,212
8216,8.918193787323867,0.9310455461931371,-1.1009676483221025,8404,4517,8,212
8217,51.494761698746196,5.375972946454822,8.200294657408902,8404,26210,9,212
8218,11.150574556110211,1.1641026227437723,-0.980850728882145,8404,5627,10,212
8219,51.48336545802152,5.374783196666571,10.06173994419596,8404,26366,11,212
8220,9.304593350259186,0.9713850589578464,-0.4902832380838978,8404,4684,12,212
8221,52.09123691388322,5.438244030231593,12.091569073091431,8404,26876,13,212
8222,9.367654435866614,0.9779685381121515,-0.16440166863921069,8404,4710,14,212
8223,12.979119652938058,1.3549998838948705,3.496645299335055,8404,6755,15,212
8224,5.258992927888761,0.5481028192784041,-1.4167754528911987,8405,2737,0,212
8225,26.546148624213277,2.7666929964395246,0.46587453743684604,8405,13347,1,212
8226,5.663542393513268,0.5902657781731557,-1.3146139615855472,8405,2922,2,212
8227,6.557092036570796,0.6833933189857382,-1.2814732129488748,8405,3358,4,212
8228,9.282076078450174,0.9673966360319064,0.8164749980600617,8405,4684,5,212
8229,7.766596678081737,0.8094503251526202,-1.2367708806080653,8405,3953,6,212
8230,51.95036241047454,5.414371247528365,6.413252327352481,8405,26312,7,212
8231,8.90650976108432,0.928254359136533,-1.0995052162012406,8405,4511,8,212
8232,52.19514478874763,5.439882959272579,8.311675996517547,8405,26566,9,212
8233,11.341016523691364,1.1819835499595646,-0.9975846314896953,8405,5723,10,212
8234,51.42376973886001,5.359488700264865,10.049909786482615,8405,26335,11,212
8235,9.290857252078217,0.9683118276071945,-0.4895505346964966,8405,4677,12,212
8236,52.1212588993721,5.432182423290326,12.098317604721748,8405,26891,13,212
8237,24.34441141532708,2.537223516626941,-0.4272349095847004,8405,12240,14,212
8238,13.021627720972647,1.3571402288088215,3.5080333373195662,8405,6777,15,212
8239,5.245297020913313,0.5106090084522583,-1.4121167100793532,8444,2728,0,252
8240,26.57033665299579,2.586517636377163,0.46597925187546974,8444,13350,1,252
8241,5.673247687775187,0.5522683205563375,-1.3159636679116105,8444,2925,2,252
8242,9.33699030873352,0.9089192365012421,0.4916439729462143,8444,4697,3,252
8243,6.542051631283418,0.6368429630151752,-1.277657033041344,8444,3348,4,252
8244,7.709011808654078,0.7504419406697814,-1.2267590748454906,8444,3921,6,252
8245,52.02947966255373,5.064864947563579,6.418614578462307,8444,26334,7,252
8246,8.896815786453994,0.8660699802110882,-1.0975553067067583,8444,4503,8,252
8247,52.25848861872619,5.087158067585511,8.316056161538674,8444,26580,9,252
8248,10.297800884479798,1.0024503622766185,-0.9051995441771779,8444,5193,10,252
8249,51.531357712128525,5.016374737346535,10.06402965214048,8444,26372,11,252
8250,9.327050996077851,0.9079516835562758,-0.4911206133837849,8444,4692,12,252
8251,52.180301724518245,5.079546881342615,12.103716430026001,8444,26903,13,252
8252,9.364302168714994,0.9115779385134496,-0.16422714457483784,8444,4705,14,252
8253,13.06132795566867,1.2714688395953777,3.5163155467628466,8444,6793,15,252
8254,5.235772081725236,0.5087593346376678,-1.4095285196283278,8445,2723,0,252
8255,9.326645024134633,0.9062689595374676,0.16356395313022107,8445,4686,1,252
8256,5.659766756890445,0.5499588455139867,-1.3128143531507963,8445,2918,2,252
8257,9.333173010305686,0.9069032831575696,0.4914346291212426,8445,4695,3,252
8258,6.544116732687138,0.6358910248087183,-1.2780386510320971,8445,3349,4,252
8259,52.34060664646712,5.085930364488684,4.60077734816338,8445,26394,5,252
8260,7.705210435131057,0.7487143582706874,-1.2261333369853296,8445,3919,6,252
8261,52.24177201602275,5.076326615502065,6.444694617951009,8445,26441,7,252
8262,8.900918381762509,0.8649011536188799,-1.0980427840803788,8445,4505,8,252
8263,51.557472120551594,5.009833278114885,8.204361953499948,8445,26223,9,252
8264,9.381806851725239,0.9116290275970281,-0.8246676378783415,8445,4731,10,252
8265,52.23178270072475,5.075355954952833,10.200648892830085,8445,26730,11,252
8266,9.347088284229462,0.9082554286276661,-0.49216733250864375,8445,4702,12,252
8267,52.20446273533458,5.072701277247755,12.109115255330252,8445,26915,13,252
8268,9.348538557055136,0.9083963514612644,-0.16394790607184132,8445,4697,14,252
8269,12.951950327763932,1.2585394337566398,3.486810175621159,8445,6736,15,252
8270,5.244803101784879,0.47454568843622885,-1.411081433898943,8483,2726,0,35
8271,9.346391380199107,0.8456541925094633,0.16380828682034307,8483,4693,1,35
8272,5.661348906304874,0.5122344275051739,-1.3123644510421086,8483,2917,2,35
8273,9.333015108348752,0.8444439178793677,0.4911206133837849,8483,4692,3,35
8274,6.528637491121494,0.5907060213033517,-1.2742224711245662,8483,3339,4,35
8275,52.424777802825496,4.743352951627839,4.605309446786258,8483,26420,5,35
8276,7.696235215382721,0.6963493514957773,-1.2239432544747664,8483,3912,6,35
8277,52.36127899446493,4.737607629040212,6.455419120170662,8483,26485,7,35
8278,8.874826558661622,0.8029873757508593,-1.094142965091414,8483,4489,8,35
8279,51.560054326367684,4.665113446830606,8.199668919548742,8483,26208,9,35
8280,9.332086677013184,0.8443599141372343,-0.8197869162844728,8483,4703,10,35
8281,52.28580268046717,4.730778591097013,10.204846690728369,8483,26741,11,35
8282,9.35290644489681,0.8462436704750186,-0.49216733250864375,8483,4702,12,35
8283,52.24472101776514,4.7270615543406835,12.110914863765004,8483,26919,13,35
8284,9.388214141542422,0.8494382832920541,-0.16454128789070896,8483,4714,14,35
8285,12.994644222103842,1.1757452603442002,3.4961276612448504,8483,6754,15,35
8286,5.2448858457486836,0.4736302903856803,-1.411081433898943,8484,2726,0,35
8287,9.350522015311723,0.8443826210172953,0.1638780964460922,8484,4695,1,35
8288,5.694432548134518,0.5142258231493747,-1.3200127868898,8484,2934,2,35
8289,52.49008697307928,4.740025973221229,2.762082426677604,8484,26388,3,35
8290,6.491589824674686,0.586211723982052,-1.2669717293002576,8484,3320,4,35
8291,52.44346371148956,4.735815740706184,4.606878250155716,8484,26429,5,35
8292,7.680617663429236,0.6935848140946713,-1.2214403030341225,8484,3904,6,35
8293,52.31663297120968,4.7243625113861825,6.449813130374025,8484,26462,7,35
8294,8.857173143036027,0.7998316095159134,-1.0919493169101215,8484,4480,8,35
8295,51.5451287863335,4.6546931683607555,8.197165968108097,8484,26200,9,35
8296,9.346124109164775,0.8439854757548954,-0.8210070966829399,8484,4710,10,35
8297,52.321822927249976,4.724831181336063,10.211715814561925,8484,26759,11,35
8298,9.361010659970862,0.8453297798233707,-0.4925860201585873,8484,4706,12,35
8299,52.270776205302944,4.720221495930115,12.116763591177946,8484,26932,13,35
8300,24.317332014261154,2.1959343562558415,-0.4261877651984634,8484,12210,14,35
8301,52.24683607531383,4.718059624146422,14.056462339517902,8484,27155,15,35
8302,5.2268114483083385,0.4361516913354593,-1.4053874149066876,8523,2715,0,75
8303,26.127201148542493,2.180186349459133,0.4576370015984483,8523,13111,1,75
8304,5.688090873963179,0.4746431891955403,-1.3177632763463614,8523,2929,2,75
8305,52.53307711830643,4.38362674123649,2.762710458152519,8523,26394,3,75
8306,6.487603807073679,0.5413586086189018,-1.2654452573372452,8523,3316,4,75
8307,52.5062520503052,4.3813883213327625,4.60966723392364,8523,26445,5,75
8308,7.673349569140781,0.6403032567536265,-1.21956308945364,8523,3898,6,75
8309,52.3990121101034,4.372439676109896,6.456150336231093,8523,26488,7,75
8310,8.846586460147329,0.7382041011614111,-1.0899994074156392,8523,4472,8,75
8311,52.41421386042648,4.373708187358147,8.330448132322374,8523,26626,9,75
8312,9.349666889956032,0.7801836870923042,-0.8208327851974447,8523,4709,10,75
8313,52.391900587945116,4.371846254585516,10.219348174376986,8523,26779,11,75
8314,23.14170219195836,1.9310611548214245,-1.2170203264734158,8523,11627,12,75
8315,52.33082443860899,4.366749750512879,12.12351212280826,8523,26947,13,75
8316,24.305809809226815,2.0282002062659634,-0.425734002631094,8523,12197,14,75
8317,52.29891705515445,4.364087236397453,14.062156358510157,8523,27166,15,75
8318,5.223037114003593,0.43491881563799106,-1.4043521387262776,8524,2713,0,75
8319,26.334832309943895,2.1928839156738222,0.4612671021374032,8524,13215,1,75
8320,5.676521514239137,0.472680159077798,-1.315063863694235,8524,2923,2,75
8321,52.56170659366423,4.376778238534322,2.764175864927321,8524,26408,3,75
8322,6.452481496095054,0.5372938290412813,-1.2585761335036896,8524,3298,4,75
8323,52.55268285452786,4.376026837797135,4.613676398090033,8524,26468,5,75
8324,7.594718659257351,0.6324071555095763,-1.2070483322504215,8524,3858,6,75
8325,52.47494778666818,4.369553890561813,6.465412406329884,8524,26526,7,75
8326,8.838802183172488,0.7360011604851912,-1.0890244526683979,8524,4468,8,75
8327,52.440567745971116,4.366691087511561,8.33451542841342,8524,26639,9,75
8328,9.355759468434913,0.7790478487116556,-0.8213557196539305,8524,4712,10,75
8329,52.402445236934476,4.363516651619672,10.221256264330751,8524,26784,11,75
8330,23.207721102776617,1.9324914518823912,-1.2204744995854502,8524,11660,12,75
8331,52.37042616301294,4.360850444697563,12.132510164982016,8524,26967,13,75
8332,24.28623544164103,2.0222986212876934,-0.4253849545023483,8524,12187,14,75
8333,52.31892982313367,4.356562378834518,14.067332739412208,8524,27176,15,75
8334,5.218101873369694,0.39967886068201575,-1.4022815863654574,8562,2709,0,114
8335,26.55217000315358,2.0337550536633136,0.46482739305060905,8562,13317,1,114
8336,5.652328896466614,0.4329383420184056,-1.3087652341726066,8562,2909,2,114
8337,52.621441084446644,4.030522617316366,2.7658506155270954,8562,26424,3,114
8338,6.440242861235862,0.4932883626574358,-1.2555231895776648,8562,3290,4,114
8339,52.5527377561257,4.02526030763849,4.611236037293098,8562,26454,5,114
8340,7.569201765635312,0.5797606124557717,-1.2023552982992145,8562,3843,6,114
8341,52.53642146728304,4.024010566661129,6.469555964005659,8562,26543,7,114
8342,8.811820380979697,0.6749385918236578,-1.0851246336794331,8562,4452,8,114
8343,52.50185851282198,4.021363228108522,8.339834200224788,8562,26656,9,114
8344,9.396478777745315,0.7197203165921999,-0.8244933263928463,8562,4730,10,114
8345,52.45763774936129,4.017976152733728,10.226598916201295,8562,26798,11,114
8346,23.19812167698755,1.7768527841779578,-1.2193231085481053,8562,11649,12,114
8347,52.44482957873164,4.01699511496005,12.14330781559052,8562,26991,13,114
8348,24.289144325179617,1.8604193184445812,-0.4252104304379755,8562,12182,14,114
8349,26.28505653894531,2.0132955824535945,7.063689378937997,8562,13646,15,114
8350,5.210466609631718,0.39817931910712795,-1.4002110340046372,8563,2705,0,114
8351,26.48473257316114,2.0239401905429455,0.46364062941287376,8563,13283,1,114
8352,5.617429027338019,0.42927903253489313,-1.3006669962162274,8563,2891,2,114
8353,52.66595569927456,4.024686453550756,2.768153397601785,8563,26446,3,114
8354,6.414880750255461,0.49021959848442065,-1.2505621556978748,8563,3277,4,114
8355,52.59913122929155,4.019579785770111,4.615245201459491,8563,26477,5,114
8356,7.541727963939315,0.576332280878928,-1.1979751332780881,8563,3829,6,114
8357,52.56087484401007,4.0166562661347065,6.472480828247383,8563,26555,7,114
8358,8.7802689063464,0.6709805007182661,-1.0812248146904684,8563,4436,8,114
8359,52.54195225020768,4.015210218001119,8.346091578826398,8563,26676,9,114
8360,22.482319300596462,1.7180792550349493,-1.972683081350495,8563,11317,10,114
8361,52.47399859363683,4.010017258765145,10.229651860127321,8563,26806,11,114
8362,23.2223288742812,1.7746301419819768,-1.220579171497936,8563,11661,12,114
8363,52.45330217675193,4.008435656616894,12.145107424025271,8563,26995,13,114
8364,24.24161549533186,1.8525231375909907,-0.4243727149289859,8563,12158,14,114
8365,26.264218936165797,2.0070887305085727,7.057995359945741,8563,13635,15,114
8366,5.218837781388417,0.3631061069007278,-1.4017639482752524,8602,2708,0,154
8367,26.432064641104432,1.8390385927317443,0.4624887705880131,8602,13250,1,154
8368,5.618276840302887,0.39089749795407025,-1.3002170941075397,8602,2890,2,154
8369,31.994639382808774,2.226060558811563,1.680821570698384,8602,16058,3,154
8370,6.384774101629616,0.44422734804118574,-1.2440746498550723,8602,3260,4,154
8371,52.66899977223658,3.664500845351873,4.619080054140388,8602,26499,5,154
8372,7.5277406761970385,0.5237504450588566,-1.1951593129073639,8602,3820,6,154
8373,52.62660361483893,3.6615510882785425,6.4773556019835885,8602,26575,7,154
8374,8.745026587511898,0.608444387801996,-1.0763500409542626,8602,4416,8,154
8375,52.583830419801515,3.658575098416369,8.348594530267041,8602,26684,9,154
8376,22.48951780908174,1.5647317659215987,-1.9723344583795042,8602,11315,10,154
8377,52.5353314423659,3.655200731244407,10.236520983960876,8602,26824,11,154
8378,23.253794758796936,1.6179071355019152,-1.2216258906227948,8602,11671,12,154
8379,26.438949836719466,1.8395176374309188,6.118668678153128,8602,13600,13,154
8380,24.191822483220637,1.683171397287386,-0.42329066572987434,8602,12127,14,154
8381,26.302325716539553,1.8300118711156326,7.064724655118406,8602,13648,15,154
8382,5.201556131380196,0.36099149154535226,-1.3971052054634068,8603,2699,0,154
8383,26.222921026611225,1.8198883439830464,0.4588237652361835,8603,13145,1,154
8384,5.6280652992483065,0.39059151445726925,-1.3024666046509783,8603,2895,2,154
8385,52.74855871346099,3.660785427646105,2.77108421115139,8603,26474,3,154
8386,6.361349015688138,0.4414818972268762,-1.2394952339660352,8603,3248,4,154
8387,52.689514631431905,3.6566877286690587,4.620823168995341,8603,26509,5,154
8388,7.494331150322219,0.5201116188612114,-1.189840541095996,8603,3803,6,154
8389,52.66288779562802,3.654839808368057,6.481742898346174,8603,26593,7,154
8390,8.725329358385178,0.6055437218692761,-1.0739126540861594,8603,4406,8,154
8391,52.608115800421245,3.651038595087799,8.352348957428006,8603,26696,9,154
8392,22.473889695484576,1.5597030498344355,-1.9709399664955418,8603,11307,10,154
8393,52.57122237657051,3.6484781666760506,10.243390107794433,8603,26842,11,154
8394,10.269172456341238,0.7126874705026828,-0.539479036952265,8603,5154,12,154
8395,26.330402906051493,1.8273476586560469,6.093474160066616,8603,13544,13,154
8396,24.15022304664553,1.6760417110885324,-0.4225576646595084,8603,12106,14,154
8397,52.4838748150711,3.642416187200659,14.096838110553895,8603,27233,15,154
8398,5.205877651528152,0.3247895695628932,-1.397622843553612,8643,2700,0,195
8399,26.097275877373207,1.6281832894186452,0.45641533314783844,8643,13076,1,195
8400,5.648159595144028,0.3523831035850139,-1.3065157236291678,8643,2904,2,195
8401,52.78877723086459,3.2934397199156393,2.7719215864512767,8643,26482,3,195
8402,6.3525194264796765,0.39632741840573266,-1.2372055260215165,8643,3242,4,195
8403,52.733644145010615,3.290000021094072,4.622566283850294,8643,26519,5,195
8404,7.434690164527275,0.46384298287560916,-1.1798287353334211,8643,3771,6,195
8405,52.702969747605756,3.2880862757092184,6.483692807840656,8643,26601,7,195
8406,8.683775662710277,0.5417721945202626,-1.0683066642895227,8643,4383,8,195
8407,52.659924236150495,3.2854007087264705,8.356729122449133,8643,26710,9,195
8408,22.404689791539443,1.3978064873361327,-1.963967507075729,8643,11267,10,195
8409,52.616966119450574,3.2827205942162676,10.247587905692717,8643,26853,11,195
8410,23.266770177428118,1.4515908319181081,-1.2217305625352808,8643,11672,12,195
8411,26.317233981368403,1.6419062584741126,6.087625432653675,8643,13531,13,195
8412,24.065536290101416,1.5014250614721647,-0.42088223364152916,8643,12058,14,195
8413,52.53308981242076,3.277487634189107,14.103567405726562,8643,27246,15,195
8414,5.19629363971385,0.32328118799635996,-1.3950346531025868,8644,2695,0,195
8415,25.97182194437951,1.6158058098255015,0.45421632993674066,8644,13013,1,195
8416,5.630716194386563,0.3503082671617211,-1.3024666046509783,8644,2895,2,195
8417,52.807291885521266,3.2853424458441416,2.7728636336636496,8644,26491,3,195
8418,6.342791172325144,0.39460915944600367,-1.235297436067751,8644,3237,4,195
8419,52.7620571813022,3.2825282228743617,4.625006644647229,8644,26533,5,195
8420,7.403225969741689,0.46058284085642887,-1.1748228324521337,8644,3755,6,195
8421,52.70948660934535,3.279257607675488,6.484424023901087,8644,26604,7,195
8422,8.650188638415344,0.5381611304732815,-1.0641631066137476,8644,4366,8,195
8423,52.69795657662466,3.2785402804930723,8.36267363212066,8644,26729,9,195
8424,10.310604397733083,0.641461909154772,-0.9038050522932153,8644,5185,10,195
8425,26.509614386897393,1.6492639228127843,5.162909796898549,8644,13529,11,195
8426,10.140451240860923,0.6308760342006399,-0.5324660188157104,8644,5087,12,195
8427,26.371979578475795,1.6407011379778158,6.100222691696931,8644,13559,13,195
8428,24.045839605462564,1.495983124320114,-0.4205331855127835,8644,12048,14,195
8429,52.57993601298579,3.2711977724158583,14.115990719891482,8644,27270,15,195
8430,5.18091321206843,0.2887509603412212,-1.3903759102907414,8681,2686,0,233
8431,25.857925747867593,1.4411553690450316,0.45205223153851753,8681,12951,1,233
8432,5.607566597714263,0.3125298907720753,-1.296617877238038,8681,2882,2,233
8433,52.86728975556398,2.946484540987343,2.7749570719133674,8681,26511,3,233
8434,6.333445902175221,0.3529857597811682,-1.2330077281232326,8681,3231,4,233
8435,26.431857962131225,1.4731426792461273,2.316076707776268,8681,13287,5,233
8436,7.382378108865313,0.41144653100371464,-1.1710684052911682,8681,3743,6,233
8437,52.785060397642916,2.9419016025948137,6.491248707131776,8681,26632,7,233
8438,8.582130952305263,0.4783130797249752,-1.0553885138885772,8681,4330,8,233
8439,52.76930972553873,2.941023760888161,8.370808224302753,8681,26755,9,233
8440,10.338403388966356,0.5761964705382798,-0.905896790119159,8681,5197,10,233
8441,26.400139093313488,1.4713748724025915,5.139631099462611,8681,13468,11,233
8442,10.168243765366103,0.5667128616232682,-0.5337220817655411,8681,5099,12,233
8443,52.66676359019073,2.935308495287486,12.177950277959477,8681,27068,13,233
8444,24.037029424645045,1.33967025619127,-0.42021904219691236,8681,12039,14,233
8445,52.63468344412633,2.933520553161298,14.125308205515172,8681,27288,15,233
8446,5.184821283639396,0.28806104714604613,-1.3914111864711516,8682,2688,0,233
8447,25.77831223361691,1.4322051251998134,0.45065603902353485,8682,12911,1,233
8448,5.605675319624348,0.31144307859311054,-1.2961679751293502,8682,2881,2,233
8449,52.877774127249964,2.937811382990596,2.7754804314757973,8682,26516,3,233
8450,6.306064174788371,0.35035565358669846,-1.2276650762526893,8682,3217,4,233
8451,26.253075737121662,1.458582287397834,2.30038867408169,8682,13197,5,233
8452,7.360754122678375,0.40895267635434646,-1.1676268470602833,8682,3732,6,233
8453,52.80341137309233,2.933679897707023,6.493442355313069,8682,26641,7,233
8454,8.5366274833493,0.47428247135708684,-1.0497825240919405,8682,4307,8,233
8455,26.133438404471722,1.4519354131015783,4.145513323566118,8682,13250,9,233
8456,10.392215477057178,0.5773762119698632,-0.9106032002275326,8682,5224,10,233
8457,26.386673875295696,1.4660048035220852,5.136959773527339,8682,13461,11,233
8458,23.244204828300862,1.2914138437222202,-1.2200558119355065,8682,11656,12,233
8459,52.68867822981871,2.9273054929617635,12.182899201155042,8682,27079,13,233
8460,24.03726287510758,1.3354749827496364,-0.42021904219691236,8682,12039,14,233
8461,11.600266071356891,0.6444937267620243,3.1130754744931197,8682,6014,15,233
8462,5.159691868799963,0.25054568282034895,-1.384164253208281,8722,2674,0,18
8463,25.707788950896646,1.2483256171655575,0.44925984650855216,8722,12871,1,18
8464,5.613552318607927,0.2725843586160674,-1.2975176814554132,8722,2884,2,18
8465,52.94886278151161,2.5711048871684286,2.7782019012004304,8722,26542,3,18
8466,6.290707929652137,0.3054658599263697,-1.2242305143359116,8722,3208,4,18
8467,26.240728220095196,1.274204223194445,2.298471247741241,8722,13186,5,18
8468,7.331860920716117,0.3560224423153183,-1.1626209441789959,8722,3716,6,18
8469,27.52858575186403,1.3367403499394315,3.3840679276741352,8722,13884,7,18
8470,8.511971955686565,0.413326586163208,-1.0463701824765963,8722,4293,8,18
8471,24.49938564384608,1.189647649684959,3.884893504809093,8722,12417,9,18
8472,10.610917857541907,0.5152477565655074,-0.9294288406610266,8722,5332,10,18
8473,26.460976559453222,1.284899100326195,5.149553167222191,8722,13494,11,18
8474,23.252654079620953,1.1291085285523021,-1.2200558119355065,8722,11656,12,18
8475,52.746759459762906,2.561291100602223,12.191897243328796,8722,27099,13,18
8476,24.0360136924163,1.1671471118771126,-0.42004451813253957,8722,12034,14,18
8477,11.63728558740934,0.5650863923296651,3.121875322026605,8722,6031,15,18
8478,5.142369168770761,0.24880490120128926,-1.3795055103964355,8723,2665,0,18
8479,25.58816489911887,1.2380404110834025,0.44716555773607813,8723,12811,1,18
8480,5.615546271232804,0.2716987811163563,-1.2979675835641011,8723,2885,2,18
8481,52.99718892778779,2.56418003499276,2.780714027100091,8723,26566,3,18
8482,6.280956345401441,0.30389353072073866,-1.222322424382146,8723,3203,4,18
8483,26.059854619539305,1.2608623265148307,2.2826089025611673,8723,13095,5,18
8484,7.278650094272151,0.35216526821566807,-1.1541734830668233,8723,3689,6,18
8485,27.392007309201848,1.325316298499061,3.3672499582842246,8723,13815,7,18
8486,8.482302371969999,0.41040196344400903,-1.042714102174442,8723,4278,8,18
8487,24.661384529224073,1.1931996984081417,3.9105487570756914,8723,12499,9,18
8488,10.622947992294831,0.5139735088916507,-0.9304747095739986,8723,5338,10,18
8489,52.81062608117585,2.5551535047893266,10.277354108971457,8723,26931,11,18
8490,23.252850792076135,1.1250501576404282,-1.2200558119355065,8723,11656,12,18
8491,52.77250970733581,2.5533093080161704,12.197745970741737,8723,27112,13,18
8492,24.030224955218102,1.162662101767576,-0.41993980369391587,8723,12031,14,18
8493,11.59686255321286,0.561094730288836,3.1110049221322993,8723,6010,15,18
8494,5.1207441414504355,0.2137274672359578,-1.3732938533139751,8761,2653,0,57
8495,25.523886653273355,1.0653052559811405,0.44590898447259375,8761,12775,1,57
8496,5.599701323502408,0.23371798084233467,-1.2939184645859114,8761,2876,2,57
8497,53.04495785341156,2.2139681613611266,2.782388777699866,8761,26582,3,57
8498,6.263218224125798,0.2614115704303359,-1.218506244474615,8761,3193,4,57
8499,25.75312008208625,1.0748729045089027,2.2550676878529075,8761,12937,5,57
8500,7.253194427277277,0.3027307812088508,-1.149793318045697,8761,3675,6,57
8501,27.27524260711247,1.138402614861607,3.351894421015176,8761,13752,7,57
8502,8.449137107787893,0.35264653427213827,-1.0383268058118564,8761,4260,8,57
8503,24.4871791181576,1.0220355925056357,3.881764815508289,8761,12407,9,57
8504,10.552468853299779,0.4404345108449945,-0.924025184610672,8761,5301,10,57
8505,48.25404582320534,2.01400708818862,9.387802572526004,8761,24600,11,57
8506,23.211908424907204,0.968808880180296,-1.217543686035845,8761,11632,12,57
8507,52.82917107461433,2.204961743461428,12.207193915024177,8761,27133,13,57
8508,24.02142381466188,1.002596093359002,-0.4196605651909193,8761,12023,14,57
8509,11.586817595600062,0.4836057240171333,3.107381455500864,8761,6003,15,57
8510,5.105339884245426,0.21219193517888793,-1.3691527485923347,8762,2645,0,57
8511,25.472124964281402,1.0586914117057251,0.445001459337855,8762,12749,1,57
8512,5.578324379374535,0.23185046871565926,-1.2889695413903466,8762,2865,2,57
8513,53.0692898903128,2.2057053155549573,2.7836448406496963,8762,26594,3,57
8514,6.273071557844115,0.2607260679121898,-1.2204143344283807,8762,3198,4,57
8515,25.757288632023837,1.0705435962561998,2.255416310823898,8762,12939,5,57
8516,7.233510426345595,0.30064454283239034,-1.1466646287448923,8762,3665,6,57
8517,26.64274268082738,1.1073454963035214,3.274141779922692,8762,13433,7,57
8518,8.40358078900213,0.349275877900545,-1.0327208160152197,8762,4237,8,57
8519,24.814986791389682,1.0313789459840774,3.9337010579016454,8762,12573,9,57
8520,10.273851660087722,0.42700946752285707,-0.8996215766413277,8762,5161,10,57
8521,27.285311247533343,1.1340524092115571,5.308306251375477,8762,13910,11,57
8522,23.21207716041658,0.9647576231682059,-1.217543686035845,8762,11632,12,57
8523,52.868496290805155,2.197359782560662,12.216191957197934,8762,27153,13,57
8524,24.02159843482275,0.9984035487440529,-0.4196605651909193,8762,12023,14,57
8525,5.095081827790933,0.17703383951520146,-1.3660469200511045,8801,2639,0,97
8526,25.46075469915444,0.8846600140473684,0.44468731602198386,8801,12740,1,97
8527,5.585615989991195,0.19407795167725017,-1.2903192477164096,8801,2868,2,97
8528,53.115011000026634,1.8455354891334075,2.7853195912494706,8801,26610,3,97
8529,6.235459521125332,0.21665743112217054,-1.2127819746133188,8801,3178,4,97
8530,25.640525196733535,0.8909063242134573,2.2446089987231885,8801,12877,5,97
8531,7.211699037009562,0.25057787354583605,-1.1429102015839268,8801,3653,6,97
8532,26.286610073524095,0.9133552053613642,3.2295376002364082,8801,13250,7,97
8533,8.372037321529938,0.2908950163490533,-1.0285772583394446,8801,4220,8,97
8534,24.853019210761943,0.8635436216995702,3.938706960782933,8801,12589,9,97
8535,10.294440884298545,0.3576908982048283,-0.9011903800107854,8801,5170,10,97
8536,27.33163975118813,0.9496658324518049,5.315938611190538,8801,13930,11,97
8537,23.25004314649794,0.8078465756266789,-1.2192184366356194,8801,11648,12,97
8538,52.91728454116136,1.8386652806912709,12.224290195154312,8801,27171,13,97
8539,24.019843856290205,0.8345940901754568,-0.4195209459394211,8801,12019,14,97
8540,5.0719442695736605,0.17534361672416007,-1.359835262968644,8802,2627,0,97
8541,25.42693418869311,0.8790417177094528,0.44409393420311627,8802,12723,1,97
8542,5.579807048016639,0.19290108416440424,-1.2889695413903466,8802,2865,2,97
8543,53.17521429582549,1.8383353402848128,2.788459748624047,8802,26640,3,97
8544,6.223724746793006,0.2151621446522864,-1.2104922666688003,8802,3172,4,97
8545,25.650636297876144,0.8867753864581974,2.2454805561506648,8802,12882,5,97
8546,7.192000688465211,0.24863668549420848,-1.139781512283122,8802,3643,6,97
8547,26.251058755899226,0.9075327607029714,3.225150303873823,8802,13232,7,97
8548,8.364152336371761,0.28915947091322003,-1.0276023035922035,8802,4216,8,97
8549,24.64982722925518,0.8521761337031807,3.9064814609846454,8802,12486,9,97
8550,10.177022365971508,0.35183271232633495,-0.8909060023665617,8802,5111,10,97
8551,27.257245959157764,0.9423179424683361,5.301437127541921,8802,13892,11,97
8552,23.174333257302322,0.801166415191692,-1.2152409039611556,8802,11610,12,97
8553,24.989355753264046,0.8639140701268659,5.7726939565722635,8802,12831,13,97
8554,23.98401612815421,0.8291581902248795,-0.4188926593076788,8802,12001,14,97
8555,11.70003131846836,0.4044850846396688,3.136886826642552,8802,6060,15,97
8556,5.0575714268030545,0.14038736438960772,-1.3556941582470037,8841,2619,0,137
8557,25.38635326220689,0.7046708637780997,0.44329112350700123,8841,12700,1,137
8558,5.577094832107723,0.15480822283224152,-1.288069737172971,8841,2863,2,137
8559,53.21843933157866,1.4772300387285262,2.790134499223821,8841,26656,3,137
8560,6.215232626225586,0.1725215629857455,-1.208584176715035,8841,3167,4,137
8561,25.891089543700478,0.7186812632941945,2.2660493114391125,8841,13000,5,137
8562,7.154034159112676,0.1985806853915069,-1.133524133681513,8841,3623,6,137
8563,26.105819026820896,0.7246416944276552,3.2066261636762405,8841,13156,7,137
8564,8.34806785085402,0.23172450657168936,-1.0254086554109108,8841,4207,8,137
8565,24.352940459380797,0.6759855348974481,3.8586125146823345,8841,12333,9,137
8566,10.031801387047638,0.2784613479394506,-0.8780069524399083,8841,5037,10,137
8567,28.49351515635279,0.7909190315724782,5.540711607744108,8841,14519,11,137
8568,23.16327780330791,0.6429630443175406,-1.2144035286612687,8841,11602,12,137
8569,24.815442216633006,0.6888235943625306,5.731302962572993,8841,12739,13,137
8570,23.969115115521475,0.6653313643750545,-0.4185436111789332,8841,11991,14,137
8571,11.824173289925584,0.32821375798303476,3.1694980263254693,8841,6123,15,137
8572,5.059526969152881,0.13955791590045488,-1.3562117963372087,8842,2620,0,137
8573,25.362488642528504,0.6995784543852054,0.44287226575250643,8842,12688,1,137
8574,5.553745775657917,0.15319004931038926,-1.2826709118687183,8842,2851,2,137
8575,6.193675054928013,0.1708413430149404,-1.2043863788167508,8842,3156,4,137
8576,25.749808718638718,0.7102619793348505,2.253673195968945,8842,12929,5,137
8577,7.136297078220236,0.19684186951763005,-1.1307083133107887,8842,3614,6,137
8578,25.9650571353972,0.7161992182559657,3.1893207169127096,8842,13085,7,137
8579,8.320327441247265,0.22950120918206068,-1.0219963137955668,8842,4193,8,137
8580,23.997625454236452,0.6619311677497948,3.8022961072678516,8842,12153,9,137
8581,9.88845233877649,0.27275510305495654,-0.8654565254842456,8842,4965,10,137
8582,28.291514446084363,0.7803703424915654,5.50140495469654,8842,14416,11,137
8583,23.157400169592755,0.638755070393924,-1.214089512923811,8842,11599,12,137
8584,12.079543161997455,0.33319238715318267,2.789842975972614,8842,6201,13,137
8585,23.90126707902848,0.6592732959555407,-0.41735684754119795,8842,11957,14,137
8586,11.77015911335374,0.32465858679895887,3.1550041597997276,8842,6095,15,137
8587,5.050720752335645,0.1040337229639561,-1.3536236058861835,8882,2615,0,178
8588,25.334766174730053,0.5218403817632639,0.44231378874651334,8882,12672,1,178
8589,5.537144952608027,0.1140529901092837,-1.2786217928905288,8882,2842,2,178
8590,6.188828293245751,0.12747623155235469,-1.2032415248444917,8882,3153,4,178
8591,25.606734188909424,0.5274423238284849,2.2407741460422916,8882,12855,5,178
8592,7.129597544948252,0.14685400603322787,-1.1294568375904668,8882,3610,6,178
8593,25.1001383157179,0.5170075646504174,3.0825631720898,8882,12647,7,178
8594,8.266156091165103,0.17026460874270485,-1.0151716305648786,8882,4165,8,178
8595,23.962162607439655,0.49356777152386533,3.7960387286662427,8882,12133,9,178
8596,9.806452929755045,0.20199133101576283,-0.8581354430934424,8882,4923,10,178
8597,26.368766029642696,0.5431385013239242,5.126656087777006,8882,13434,11,178
8598,23.151310977916456,0.47686601390804795,-1.2135661533613815,8882,11594,12,178
8599,11.236001035077583,0.23143687331465135,2.594585460802139,8882,5767,13,178
8600,23.885294467290084,0.49198445714375894,-0.41700779941245225,8882,11947,14,178
8601,11.849396487793186,0.2440714685980385,3.1757096834079293,8882,6135,15,178
8602,5.04880738383426,0.10311275796699255,-1.3531059677959785,8883,2614,0,178
8603,25.310865525457057,0.5169286432312874,0.44189493099201854,8883,12660,1,178
8604,5.541061441955076,0.11316615665988035,-1.2795215971079041,8883,2844,2,178
8605,26.765679077164723,0.5466405783953517,1.403022314960838,8883,13404,3,178
8606,6.173147687370953,0.12607537483416037,-1.200188580918467,8883,3145,4,178
8607,25.60483388094114,0.5229324151291894,2.240599834556796,8883,12854,5,178
8608,7.111848383670313,0.14524663852920267,-1.1266410172197427,8883,3601,6,178
8609,24.683445696899497,0.5041147281802014,3.031378047859638,8883,12437,7,178
8610,8.242369540823642,0.16833548815087052,-1.0122467663231551,8883,4153,8,178
8611,23.794376375023585,0.48595709552897354,3.769444869609403,8883,12048,9,178
8612,9.774616450426183,0.19962885957981427,-0.8553464593255172,8883,4907,10,178
8613,26.251089720476674,0.5361310216318158,5.103759008331821,8883,13374,11,178
8614,23.161378067445064,0.47302925013486163,-1.214089512923811,8883,11599,12,178
8615,11.236041257297794,0.22947581767142405,2.594585460802139,8883,5767,13,178
8616,23.87738285707217,0.4876523527734017,-0.41686818016095395,8883,11943,14,178
8617,11.032436027720465,0.2253175491612324,2.956748771251197,8883,5712,15,178
8618,5.049367979711445,0.07050705907687178,-1.3531059677959785,8920,2614,0,216
8619,25.283683418157437,0.3530497613974302,0.4413713587989,8920,12645,1,216
8620,5.522191193670705,0.07710934562312723,-1.275022576021027,8920,2834,2,216
8621,26.670794857704173,0.37241874947817527,1.3978933912490297,8920,13355,3,216
8622,6.14046105377434,0.08574258244146413,-1.1937010750756643,8920,3128,4,216
8623,25.798927659389545,0.36024439571632694,2.2573337371643465,8920,12950,5,216
8624,7.126464338843736,0.09951068018156,-1.128831099730306,8920,3608,6,216
8625,24.67030724043148,0.34448485771581316,3.029428138365156,8920,12429,7,216
8626,8.219465949201606,0.11477285347181448,-1.0093219020814315,8920,4141,8,216
8627,23.70418473682474,0.33099436609171323,3.754740029895621,8920,12001,9,216
8628,9.711951532009577,0.13561323776965975,-0.8497684917896671,8920,4875,10,216
8629,28.109099050190146,0.39250256968648495,5.46438800959349,8920,14319,11,216
8630,23.159955669396876,0.32339500095083473,-1.213880169098839,8920,11597,12,216
8631,11.266517107199723,0.1573204786142984,2.601333992432455,8920,5782,13,216
8632,23.86803708679678,0.33328232517209366,-0.41665875128370655,8920,11937,14,216
8633,11.056840977761405,0.15439265728998244,2.9629604283336577,8920,5724,15,216
8634,5.041653536521754,0.06951923415595943,-1.3510354154351583,8921,2610,0,216
8635,25.265749104077276,0.3483887806586273,0.44105721548302895,8921,12636,1,216
8636,5.528050232362481,0.07622614599468222,-1.2763722823470902,8921,2837,2,216
8637,26.654882897047536,0.3675435116864322,1.3970560159491425,8921,13347,3,216
8638,6.1502912639084615,0.084806211971079,-1.1956091650294298,8921,3133,4,216
8639,53.34912409148218,0.7356297339483162,4.667887270079076,8921,26779,5,216
8640,7.077101875365883,0.09758598024539551,-1.1210093764782945,8921,3583,6,216
8641,24.563182193604177,0.33870110315250807,3.0162662492774,8921,12375,7,216
8642,8.203606626760893,0.11311932600640934,-1.007371992586949,8921,4133,8,216
8643,23.722018845421225,0.327102322843204,3.7575558502663453,8921,12010,9,216
8644,9.660177852780055,0.1332039501070012,-0.8452363931667889,8921,4849,10,216
8645,25.160639364671166,0.34693942509841036,4.89119778748235,8921,12817,11,216
8646,23.16400589816846,0.3194078963101017,-1.214089512923811,8921,11599,12,216
8647,11.282132832350639,0.15556904663701446,2.6049332093019566,8921,5790,13,216
8648,23.8880899451101,0.32939227307127417,-0.41700779941245225,8921,11947,14,216
8649,10.983464371135133,0.15145071471677596,2.943290180905866,8921,5686,15,216
8650,5.053606848245844,0.03439934192388464,-1.3541412439763885,8961,2616,0,1
8651,25.245569448638978,0.17184379426514923,0.44067326254140865,8961,12625,1,1
8652,5.508960722395182,0.03749888529629117,-1.2718732612602126,8961,2827,2,1
8653,26.748671042119717,0.18207524028244823,1.4018709239234934,8961,13393,3,1
8654,6.136990977687283,0.04177381766421694,-1.192937839094158,8961,3126,4,1
8655,24.46199030514716,0.16651005784860234,2.140196418911494,8961,12278,5,1
8656,7.04798072072258,0.04797482391595981,-1.1163163425270874,8961,3568,6,1
8657,24.551052842529643,0.1671162966732731,3.014560078469728,8961,12368,7,1
8658,8.188316055581724,0.05573696020191232,-1.0054220830924667,8961,4125,8,1
8659,23.852120852781717,0.1623587440541521,3.777892330721576,8961,12075,9,1
8660,9.593132702336177,0.06529939147589349,-0.8393098026599483,8961,4815,10,1
8661,25.087846354403645,0.17077019063692525,4.876696303833732,8961,12779,11,1
8662,23.17166291575248,0.15772694226513584,-1.2144035286612687,8961,11602,12,1
8663,11.908475052903063,0.08105967033803867,2.749351786190718,8961,6111,13,1
8664,23.893806680537594,0.1626424948652886,-0.41707760903820135,8961,11949,14,1
8665,10.9707313804236,0.07467655305265324,2.9396667142744306,8961,5679,15,1
8666,5.057476393422331,0.03354294548125548,-1.3551765201567985,8962,2618,0,1
8667,25.235600799474817,0.1673712966617944,0.44049873847703586,8962,12620,1,1
8668,5.485582816034823,0.03638229642959454,-1.2664744359559599,8962,2815,2,1
8669,6.136998175122122,0.040702710046143696,-1.192937839094158,8962,3126,4,1
8670,46.979508704989875,0.3115844695344781,4.1102648279795595,8962,23580,5,1
8671,7.040087653617431,0.046692314106631494,-1.1150648668067658,8962,3564,6,1
8672,24.33074123634576,0.1613699527833127,2.9875050842337854,8962,12257,7,1
8673,8.140684491331806,0.05399185578562172,-0.9995723546090196,8962,4101,8,1
8674,23.958816821191306,0.15890322048241678,3.79478725294592,8962,12129,9,1
8675,9.505480747731411,0.06304366005720928,-0.8316400972981542,8962,4771,10,1
8676,25.038795497603182,0.16606601533221904,4.8671558540649045,8962,12754,11,1
8677,23.109776421933237,0.1532720887462931,-1.211158699374206,8962,11571,12,1
8678,11.263470222622123,0.07470325874353693,2.6004341882150794,8962,5780,13,1
8679,23.891835051673937,0.1584589740503264,-0.4170427042253268,8962,11948,14,1
8680,11.289492759037474,0.07487584927137397,3.0250769991582627,8962,5844,15,1
8681,5.071110510780178,-0.0008850757604426726,-1.3587999867882339,9001,2625,0,41
8682,25.232156050658972,-0.004403842049324497,0.4404289288512867,9001,12618,1,41
8683,5.487652121288723,-0.0009577759869301736,-1.2669243380646475,9001,2816,2,41
8684,6.109647496723007,-0.0010663346603674894,-1.1875951872236148,9001,3112,4,41
8685,27.210061569245,-0.004749051688756503,2.380571957409535,9001,13657,5,41
8686,7.022463994673186,-0.0012256511955426568,-1.1122490464360415,9001,3555,6,41
8687,24.152617686174523,-0.004215427058792942,2.9655686024208587,9001,12167,7,41
8688,8.105131750854818,-0.001414612367966761,-0.9951850582464343,9001,4083,8,41
8689,24.06798911704588,-0.004200656586917506,3.811995044100346,9001,12184,9,41
8690,9.469826655826424,-0.001652796564154621,-0.8285024905592385,9001,4753,10,41
8691,25.141435039535615,-0.004388008245715318,4.886999989584066,9001,12806,11,41
8692,23.12027063649603,-0.004035248506562107,-1.2116820589366355,9001,11576,12,41
8693,11.308538799658542,-0.00197371237647578,2.610781936714897,9001,5803,13,41
8694,23.890360464195812,-0.004169654538221569,-0.41700779941245225,9001,11947,14,41
8695,12.035435612251623,-0.002100579804783943,3.2248853019774084,9001,6230,15,41
8696,5.061451021393473,-0.0017667797767934213,-1.3562117963372087,9002,2620,0,41
8697,25.21815703085644,-0.00880279778699736,0.44018459516116476,9002,12611,1,41
8698,5.474010690467632,-0.001910790274368114,-1.2637750233038336,9002,2809,2,41
8699,6.1017942005681,-0.002129928068088092,-1.1860687152606026,9002,3108,4,41
8700,6.992833025385803,-0.0024409593058441537,-1.1075560124848345,9002,3540,6,41
8701,24.599262323605682,-0.008586762770929166,3.020409806953175,9002,12392,7,41
8702,8.093220827416104,-0.0028250671253290996,-0.9937226261255725,9002,4077,8,41
8703,24.162806092237048,-0.008434410799176749,3.827012752744208,9002,12232,9,41
8704,9.402084987782093,-0.0032819469250802156,-0.8225759000523978,9002,4719,10,41
8705,11.314234227115172,-0.003949412952506974,2.199264480710055,9002,5763,11,41
8706,23.1442366874444,-0.008078862989261814,-1.2129381218864663,9002,11588,12,41
8707,24.291044235200797,-0.008479174357422051,5.608029784792555,9002,12465,13,41
8708,23.87836120097191,-0.008335120797282965,-0.41679837053520485,9002,11941,14,41
8709,11.077236701019148,-0.0038666852061578156,2.9681368092357077,9002,5734,15,41
8710,5.061327985756134,-0.03533530921848106,-1.3562117963372087,9040,2620,0,80
8711,25.20354649188495,-0.17595680643487707,0.4399402614710428,9040,12604,1,80
8712,5.4777750114564325,-0.03824270515639486,-1.264674827521209,9040,2811,2,80
8713,6.097719462833584,-0.042570804214456706,-1.1853054792790962,9040,3106,4,80
8714,45.341692906344164,-0.31654987462657513,3.966980786902409,9040,22758,5,80
8715,6.974885084111187,-0.048694674975429474,-1.1047401921141105,9040,3531,6,80
8716,24.124238856783315,-0.16842169526731138,2.9621562608055148,9040,12153,7,80
8717,8.057293303684974,-0.05625143265778136,-0.9893353297629872,9040,4059,8,80
8718,24.976054093316865,-0.17436858408080722,3.955914751937358,9040,12644,9,80
8719,9.354040258163542,-0.0653045813064316,-0.8183924244005102,9040,4695,10,80
8720,11.331628055207807,-0.07911097293169483,2.202699042626833,9040,5772,11,80
8721,23.145671299113108,-0.16158989394189602,-1.213042793798952,9040,11589,12,80
8722,24.53598903210528,-0.1712963004710664,5.664717450487209,9040,12591,13,80
8723,23.867782523574956,-0.166631263218557,-0.416623846470832,9040,11936,14,80
8724,11.270147888893618,-0.07868175342771698,3.0199006182562123,9040,5834,15,80
8725,5.061321741492851,-0.03621867705455642,-1.3562117963372087,9041,2620,0,80
8726,25.173520734874874,-0.1801410114571553,0.43941668927792427,9041,12589,1,80
8727,5.462178731525933,-0.03908719848208129,-1.2610756106517071,9041,2803,2,80
8728,27.293843622154508,-0.1953139828326353,1.4304463560321408,9041,13666,3,80
8729,6.082006307139268,-0.043522667305690696,-1.1822525353530715,9041,3098,4,80
8730,45.375506719921546,-0.32470585906497923,3.9699440821558296,9041,22775,5,80
8731,6.945246587468826,-0.04969999064742301,-1.1000471581629034,9041,3516,6,80
8732,24.29690770289167,-0.17386799307799755,2.9833615265580105,9041,12240,7,80
8733,8.033462865490407,-0.05748723594662223,-0.9864104655212635,9041,4047,8,80
8734,24.438734579113856,-0.17488290224400382,3.8708144029554727,9041,12372,9,80
8735,9.290273889571642,-0.06648094054094393,-0.8128144568646601,9041,4663,10,80
8736,25.441161954234268,-0.18205624454953057,4.945387542169288,9041,12959,11,80
8737,23.127667872424208,-0.16550094549992075,-1.212100746586579,9041,11580,12,80
8738,24.496984956836425,-0.175299740320458,5.655719408313454,9041,12571,13,80
8739,23.883750230943324,-0.1709114497453541,-0.41690308497382855,9041,11944,14,80
8740,11.264338578108708,-0.0806072923301979,3.0183477039855973,9041,5831,15,80
8741,5.066752949802265,-0.070749814827326,-1.3577647106078239,9080,2623,0,120
8742,25.16371339007603,-0.35137455493764735,0.439277070026426,9080,12585,1,120
8743,5.450094837225463,-0.07610262516156724,-1.258376197999581,9080,2797,2,120
8744,38.02410588473886,-0.530951178589613,1.9929532137313009,9080,19040,3,120
8745,6.09727366784626,-0.08513953358797348,-1.1853054792790962,9080,3106,4,120
8746,43.65696530717085,-0.6096058446121541,3.8198618931443624,9080,21914,5,120
8747,6.926970741775216,-0.09672504307004498,-1.0972313377921794,9080,3507,6,120
8748,24.61076027629817,-0.3436533712139563,3.0221159777608473,9080,12399,7,120
8749,7.995172384299462,-0.11164092098151593,-0.9817794304718682,9080,4028,8,120
8750,24.496233572710644,-0.3420541728413738,3.8802004708578868,9080,12402,9,120
8751,9.25374663921733,-0.12921507475693417,-0.8096768501257444,9080,4645,10,120
8752,25.500188327534744,-0.3560729366734628,4.9572176998826345,9080,12990,11,120
8753,10.45063792514908,-0.14592791583820616,-0.5477481180386502,9080,5233,12,120
8754,24.356877177446652,-0.3401082640398965,5.623776358596625,9080,12500,13,120
8755,23.88803209147702,-0.33356152624871455,-0.41700779941245225,9080,11947,14,120
8756,11.346590479275068,-0.15843858646424436,3.040606141864414,9080,5874,15,120
8757,5.078330476097236,-0.07179798895646639,-1.360870539149054,9081,2629,0,120
8758,25.141657229171642,-0.3554554861255481,0.4388931170848058,9081,12574,1,120
8759,5.434493108636371,-0.07683345501723428,-1.254776981130079,9081,2789,2,120
8760,37.81631845046331,-0.5346512258822507,1.9820673348327686,9081,18936,3,120
8761,6.061923668039902,-0.08570413655067091,-1.1784363554455408,9081,3088,4,120
8762,40.15060331700309,-0.5676535993705295,3.513073678672605,9081,20154,5,120
8763,6.924978575281206,-0.09790610075733214,-1.096918468862099,9081,3506,6,120
8764,23.69764871168998,-0.3350399365509034,2.9099961818281113,9081,11939,7,120
8765,7.983243413888692,-0.11286796421875649,-0.9803169983510064,9081,4022,8,120
8766,24.650237484172692,-0.3485077402885069,3.9046042474041625,9081,12480,9,120
8767,9.215872330279662,-0.13029500598829363,-0.8063649319013334,9081,4626,10,120
8768,24.037647446615477,-0.3398468756680587,4.672912296771583,9081,12245,11,120
8769,10.412668166493225,-0.14721543577049298,-0.5457593517014183,9081,5214,12,120
8770,11.535388742605704,-0.16308858146361666,2.6634204834313615,9081,5920,13,120
8771,23.895971492431237,-0.33784384560890934,-0.4171474186639505,9081,11951,14,120
8772,12.086387899939293,-0.17087866751639794,3.2388615304129447,9081,6257,15,120
8773,5.073861265595943,-0.10628224250612422,-1.359835262968644,9120,2627,0,160
8774,25.130658278539936,-0.5264122485194928,0.43875349783330747,9120,12570,1,160
8775,5.431895915375225,-0.11378199929519116,-1.2543270790213914,9120,2788,2,160
8776,37.7778572101688,-0.7913333004585618,1.9802879123205086,9120,18919,3,160
8777,6.049422929315864,-0.1267173462457966,-1.176146647501022,9120,3082,4,160
8778,40.17568860633999,-0.8415607080671796,3.515688350955035,9120,20169,5,160
8779,6.886627804712671,-0.14425428841596885,-1.09097395919057,9120,3487,6,160
8780,23.960763233439696,-0.5019064407369355,2.942657165860691,9120,12073,7,160
8781,7.956489671403938,-0.16666469981896584,-0.9771483954224726,9120,4009,8,160
8782,24.65716895378196,-0.5164940610477118,3.9061685920545646,9120,12485,9,160
8783,9.170948998145139,-0.1921039962289303,-0.8025300792204364,9120,4604,10,160
8784,23.987669571437113,-0.5024700481732254,4.663753464993508,9120,12221,11,160
8785,23.14714946774548,-0.48486366186984775,-1.2133568095364098,9120,11592,12,160
8786,11.549597914757653,-0.24192958817141075,2.6670197003008633,9120,5928,13,160
8787,23.881122763497178,-0.5002382107052776,-0.4169379897867031,9120,11945,14,160
8788,12.08301335270964,-0.2531030487698185,3.2383438923227397,9120,6256,15,160
8789,5.089294005565851,-0.10749415469651846,-1.3639763676902845,9121,2635,0,160
8790,25.104575776211174,-0.530249411632974,0.43829973526593813,9121,12557,1,160
8791,5.426031057179466,-0.11460658810646032,-1.2529773726953282,9121,2785,2,160
8792,37.66789376718395,-0.7956070911355219,1.9745309571337848,9121,18864,3,160
8793,6.035661004720576,-0.12748296267176282,-1.1734753215657505,9121,3075,4,160
8794,41.8507669598433,-0.8839561661852059,3.6622843102565965,9121,21010,5,160
8795,6.876727841710136,-0.14524766020870833,-1.089409614540168,9121,3482,6,160
8796,24.681103093596004,-0.5213049808327488,3.031134309172828,9121,12436,7,160
8797,7.920736767975367,-0.16729882426049378,-0.9727610990598872,9121,3991,8,160
8798,24.57215617649555,-0.519003845007682,3.892715228061105,9121,12442,9,160
8799,9.139044208080012,-0.19303145599513205,-0.7997410954525114,9121,4588,10,160
8800,24.07590825492767,-0.5085222829697049,4.680926274577397,9121,12266,11,160
8801,23.14307086310761,-0.48881924227421,-1.2131474657114378,9121,11590,12,160
8802,11.432657179005066,-0.2414762868972026,2.6400255737796,9121,5868,13,160
8803,23.905026085542485,-0.5049129740300605,-0.41735684754119795,9121,11957,14,160
8804,12.090694677359478,-0.25537510755226017,3.2404144446835597,9121,6260,15,160
8805,5.129022416796072,-0.1423706910342854,-1.3748467675845903,9159,2656,0,199
8806,25.090512295056758,-0.6964589513498107,0.4381252112015653,9159,12552,1,199
8807,5.4037237388287895,-0.14999581213294888,-1.248028449499763,9159,2774,2,199
8808,6.018982780118053,-0.16707408704681873,-1.1704223776397258,9159,3067,4,199
8809,41.84995881398293,-1.1616653373539017,3.662807244713082,9159,21013,5,199
8810,6.859816359027723,-0.1904138286089115,-1.086906663099524,9159,3474,6,199
8811,24.60566706693365,-0.6830006849272433,3.0223597164476574,9159,12400,7,199
8812,7.899609725279263,-0.2192762682818835,-0.9703237121917841,9159,3981,8,199
8813,24.599767472874888,-0.6828369248157224,3.8977211309423923,9159,12458,9,199
8814,9.079805940748498,-0.2520359907198609,-0.7946860623731472,9159,4559,10,199
8815,23.89145626513113,-0.6631757208046857,4.645817419428113,9159,12174,11,199
8816,23.12534449195962,-0.6419100967359059,-1.2124147623240367,9159,11583,12,199
8817,11.350936635239854,-0.3150777207277192,2.621579587323403,9159,5827,13,199
8818,23.895154873733947,-0.6632783862679763,-0.4172521331025742,9159,11954,14,199
8819,12.138943867462393,-0.336951115904186,3.253873035028891,9159,6286,15,199
8820,5.152170671735646,-0.14391315771405644,-1.3810584246670508,9160,2668,0,199
8821,25.074399031975712,-0.7003913830475406,0.43784597269856873,9160,12544,1,199
8822,5.388113634556815,-0.15050364141178804,-1.2444292326302613,9160,2766,2,199
8823,36.4677104062249,-1.0186353856545658,1.911937153467224,9160,18266,3,199
8824,5.985591216814437,-0.16719270142250545,-1.1639348717969233,9160,3050,4,199
8825,41.905520580341886,-1.1705271771085874,3.667687966306951,9160,21041,5,199
8826,6.836087742926016,-0.19094922046971316,-1.0831522359385586,9160,3462,6,199
8827,28.891675112665247,-0.8070175586228352,3.5488352799578946,9160,14560,7,199
8828,7.845994738700439,-0.21915847711501993,-0.9637427676479063,9160,3954,8,199
8829,24.530536692770045,-0.6851999323787541,3.886770718389576,9160,12423,9,199
8830,9.065820525721985,-0.2532312965257493,-0.79346588197468,9160,4552,10,199
8831,23.963952245416746,-0.6693737957607258,4.659937285085977,9160,12211,11,199
8832,23.12722858566239,-0.6460019877051618,-1.2125194342365226,9160,11584,12,199
8833,11.292442060566108,-0.3154264675575327,2.6080825240627705,9160,5797,13,199
8834,23.88904199865607,-0.6672813631059596,-0.4171474186639505,9160,11951,14,199
8835,24.65819614220107,-0.6887657836772064,6.609720773828175,9160,12769,15,199
8836,25.05705984442687,-0.8706332226158506,0.43763654382132133,9199,12538,1,239
8837,5.383069245584262,-0.18704025747417055,-1.243529428412886,9199,2764,2,239
8838,36.06072110960095,-1.2529667097588966,1.8910027709700463,9199,18066,3,239
8839,5.966655885381415,-0.2073175733299316,-1.1605003098801454,9199,3041,4,239
8840,46.68738015747544,-1.6222008685123084,4.087081400408682,9199,23447,5,239
8841,6.801068486859552,-0.23631009426920552,-1.0778334641271907,9199,3445,6,239
8842,23.56470599647692,-0.8187798588137597,2.8951281219326837,9199,11878,7,239
8843,7.81257890336135,-0.27145606028023117,-0.9598429486589416,9199,3938,8,239
8844,24.42264680723933,-0.8485898914961804,3.8705015340253923,9199,12371,9,239
8845,9.030036636420485,-0.3137578768585883,-0.7905025867212596,9199,4535,10,239
8846,11.232852661561527,-0.39029697708446515,2.1847629970614384,9199,5725,11,239
8847,23.120299602153644,-0.8033385032180503,-1.2124147623240367,9199,11583,12,239
8848,11.360145770438857,-0.3947199066016052,2.6242789999755294,9199,5833,13,239
8849,23.86396168466273,-0.8291778043751694,-0.41679837053520485,9199,11941,14,239
8850,11.447040605143025,-0.39773915668269516,3.069076236825691,9199,5929,15,239
8851,25.04891359970404,-0.8747273378339636,0.4374969245698231,9200,12534,1,239
8852,5.386931624931801,-0.18811579754204819,-1.2444292326302613,9200,2766,2,239
8853,35.66129339777121,-1.2453198065211453,1.8700683884728688,9200,17866,3,239
8854,5.956809318734813,-0.2080163651258318,-1.15859221992638,9200,3036,4,239
8855,63.32735153013508,-2.21143984530671,5.543802484693041,9200,31804,5,239
8856,6.806949659386825,-0.2377039199973764,-1.078772070917432,9200,3448,6,239
8857,23.300706289377448,-0.8136785933262608,2.8627108765869145,9200,11745,7,239
8858,7.772853745575208,-0.2714340339422979,-0.9549681749227357,9200,3918,8,239
8859,24.154010754813743,-0.8434766418700406,3.827951359534449,9200,12235,9,239
8860,8.984184697018284,-0.3137346428758608,-0.7864934225548673,9200,4512,10,239
8861,23.87432667666838,-0.8337098586466145,4.6435277114835944,9200,12168,11,239
8862,23.126147168172913,-0.8075828544919953,-1.2127287780614944,9200,11586,12,239
8863,11.278279479385418,-0.3938461979631241,2.6053831114106445,9200,5791,13,239
8864,23.86381660236684,-0.8333428387645891,-0.41679837053520485,9200,11941,14,239
8865,24.239622374494537,-0.8464662655067288,6.498946222524296,9200,12555,15,239
8866,24.97444878011091,-1.0423730489052279,0.4363101609320878,9239,12500,1,23
8867,5.373844107394523,-0.2242912472617682,-1.241729819978135,9239,2760,2,23
8868,28.871207968668966,-1.2050143464966088,1.5143932298458227,9239,14468,3,23
8869,5.937601492148071,-0.24782111609540514,-1.1551576580096024,9239,3027,4,23
8870,6.769648132125458,-0.28254872912826134,-1.0731404301759837,9239,3430,6,23
8871,23.342228784402753,-0.9742481365842267,2.8685606050703614,9239,11769,7,23
8872,7.768842735024691,-0.3242526936018707,-0.9547244362359254,9239,3917,8,23
8873,24.24244548306035,-1.011821002881176,3.8429690681783115,9239,12283,9,23
8874,8.938046623526883,-0.37305243419996786,-0.7826585698739703,9239,4490,10,23
8875,23.91321433458115,-0.9980796915490863,4.652304925270916,9239,12191,11,23
8876,23.128096513469263,-0.9653107738385193,-1.2131474657114378,9239,11590,12,23
8877,11.47004189734099,-0.4787317889924189,2.6503733222794175,9239,5891,13,23
8878,23.855593474761942,-0.9956747363142736,-0.41676346572233025,9239,11940,14,23
8879,11.411172018188832,-0.4762747027135264,3.060276389292205,9239,5912,15,23
8880,0.5713264987746872,-0.023945675054425054,-0.15322087470069226,9240,296,0,23
8881,24.93830352759317,-1.0452246026765697,0.4356818743003456,9240,12482,1,23
8882,5.35044051029831,-0.22424989936999556,-1.236330994673882,9240,2748,2,23
8883,28.781199393229002,-1.2062896606843188,1.5096829937839578,9240,14423,3,23
8884,5.912058229398798,-0.24778865599204966,-1.1501966241298123,9240,3014,4,23
8885,6.74394134373898,-0.2826548888413489,-1.0690731340849378,9240,3417,6,23
8886,23.22702403018033,-0.9735007409963713,2.8544237612353642,9240,11711,7,23
8887,7.737052407286608,-0.32427857489768974,-0.9508246172469607,9240,3901,8,23
8888,23.90674904791052,-1.0019896600922618,3.789781350064633,9240,12113,9,23
8889,8.910112393209952,-0.373444355414631,-0.7802182090770359,9240,4476,10,23
8890,11.380810168205647,-0.47699727341269804,2.214147582349426,9240,5802,11,23
8891,23.111963625624234,-0.9686782812206739,-1.212310090411551,9240,11582,12,23
8892,11.682184520301986,-0.4896286012445318,2.69941265212638,9240,6000,13,23
8893,23.883390511844958,-1.001010647363861,-0.4172521331025742,9240,11954,14,23
8894,11.349323691875544,-0.4756775990541193,3.043711970405644,9240,5880,15,23
8895,0.6058926525305887,-0.029315099053360084,-0.162538360324383,9277,314,0,61
8896,24.907065513387895,-1.2050865604722498,0.4352630165458508,9277,12470,1,61
8897,5.35277374207633,-0.2589849733344811,-1.2372307988912574,9277,2750,2,61
8898,28.780789153850577,-1.39251017710007,1.5101016814339012,9277,14427,3,61
8899,5.922100581677288,-0.2865308969018509,-1.1524863320743306,9277,3020,4,61
8900,6.730137021296369,-0.3256263838123179,-1.067195920504455,9277,3411,6,61
8901,23.259908631505382,-1.125391639355226,2.85929853497157,9277,11731,7,61
8902,7.707038176682417,-0.37289210657009325,-0.9474122756316165,9277,3887,8,61
8903,11.477340091727052,-0.5553118365981393,1.819958566278046,9277,5817,9,61
8904,8.889604473881795,-0.4301085920230421,-0.7786494057075781,9277,4467,10,61
8905,11.436321388192697,-0.5533272154740378,2.2255961220720186,9277,5832,11,61
8906,23.137145117235672,-1.1194519327654129,-1.2139848410113252,9277,11598,12,61
8907,11.869532465156894,-0.5742874063249693,2.7435030587777773,9277,6098,13,61
8908,23.876428319730465,-1.1552209096940877,-0.4172521331025742,9277,11954,14,61
8909,11.340226493383025,-0.5486778252757873,3.0421590561350285,9277,5877,15,61
8910,0.5808030114094199,-0.02820278628606015,-0.15580906515171747,9278,301,0,61
8911,24.8748973346645,-1.2078818457136051,0.4347045395398577,9278,12454,1,61
8912,5.34104977886968,-0.2593521081978111,-1.2345313862391312,9278,2744,2,61
8913,28.778550768068964,-1.397436481888767,1.5099970095214152,9278,14426,3,61
8914,5.894597268246361,-0.28623141363424726,-1.1471436802037875,9278,3006,4,61
8915,53.04861915388121,-2.5759488834896276,4.646621268848648,9278,26657,5,61
8916,6.708376515186974,-0.32574712160174357,-1.06375436227357,9278,3400,6,61
8917,23.2022119323187,-1.1266591454185528,2.8522301130540715,9278,11702,7,61
8918,7.677231635783457,-0.3727930448693075,-0.943756195329462,9278,3872,8,61
8919,11.528542346540439,-0.5598060092702906,1.8280931584601379,9278,5843,9,61
8920,8.857688556623975,-0.4301139843347839,-0.7758604219396531,9278,4451,10,61
8921,11.524467114266088,-0.5596081230633635,2.2427689316559074,9278,5877,11,61
8922,23.10702575534055,-1.1220370698542623,-1.2124147623240367,9278,11583,12,61
8923,12.027094236018858,-0.5840148238171554,2.779945129581484,9278,6179,13,61
8924,23.88421570000948,-1.1597760648019342,-0.4173917523540725,9278,11958,14,61
8925,12.409116831807241,-0.6025651780918698,3.3289305581086217,9278,6431,15,61
8926,0.5478010582416624,-0.03043502135025183,-0.1470092176182318,9318,284,0,102
8927,24.871848462099436,-1.3818433308507503,0.4348092539784814,9318,12457,1,102
8928,5.335217537802833,-0.29641684189597606,-1.2336315820217556,9318,2742,2,102
8929,28.632489097867513,-1.5907789952096427,1.502879319472375,9318,14358,3,102
8930,5.880693977110696,-0.3267227108362117,-1.1448539722592688,9318,3000,4,102
8931,52.81250698409532,-2.9341852364808374,4.627621316929658,9318,26548,5,102
8932,6.696077236466528,-0.37202420584753565,-1.0621900176231676,9318,3395,6,102
8933,23.17594268929727,-1.2876212996467153,2.8500364648727787,9318,11693,7,102
8934,7.666513839237307,-0.4259402366401689,-0.9427812405822208,9318,3868,8,102
8935,11.494768228019714,-0.6386324217023381,1.823400124508931,9318,5828,9,102
8936,8.81667285496122,-0.4898413804461003,-0.7725485037152421,9318,4432,10,102
8937,11.416387240897565,-0.6342776893033656,2.222543178145994,9318,5824,11,102
8938,10.930120681530285,-0.6072614342348552,-0.5737067523351502,9318,5481,12,102
8939,11.199676202623307,-0.6222375426525305,2.589636537606574,9318,5756,13,102
8940,23.951408376924206,-1.3307050330645902,-0.41871813524330603,9318,11996,14,102
8941,24.05502463849215,-1.3364618002077133,6.455464622947073,9318,12471,15,102
8942,0.5574400291466032,-0.03106814130253639,-0.14959740806925698,9319,289,0,102
8943,24.84565114712874,-1.3847376582809308,0.43435549141111207,9319,12444,1,102
8944,5.309871355018121,-0.29593826228903247,-1.2277828546088152,9319,2729,2,102
8945,28.133669943476168,-1.5679907926615118,1.4767113413509032,9319,14108,3,102
8946,5.8571143162177535,-0.3264380842544501,-1.1402745563702317,9319,2988,4,102
8947,51.79943926213103,-2.8869693854812843,4.538896770812542,9319,26039,5,102
8948,6.670372098365614,-0.37176387065310174,-1.0581227215321216,9319,3382,6,102
8949,23.203465833403634,-1.2932127538892086,2.853448806488123,9319,11707,7,102
8950,7.634727119695122,-0.42551085060060057,-0.9388814215932562,9319,3852,8,102
8951,11.421680905273588,-0.6365714296132798,1.811823974095954,9319,5791,9,102
8952,8.748950953371951,-0.4876105594433997,-0.7666219132084011,9319,4398,10,102
8953,11.449599973570248,-0.6381274598829462,2.2290306839887966,9319,5841,11,102
8954,10.567076625353007,-0.5889412539207082,-0.5546564642627188,9319,5299,12,102
8955,10.92911227597537,-0.6091188051584813,2.5271001444989794,9319,5617,13,102
8956,10.42622872792561,-0.581091293116604,-0.182272932830989,9319,5222,14,102
8957,24.012356134415445,-1.338295124827943,6.444076584962561,9319,12449,15,102
8958,0.5803526246722913,-0.03630931357834339,-0.15580906515171747,9358,301,0,142
8959,24.799725756876168,-1.5515756815467163,0.4337272047793698,9358,12426,1,142
8960,5.27661497661146,-0.3301273392640451,-1.2205844208698116,9358,2713,2,142
8961,27.41270857882538,-1.7150549329941482,1.4394481405059272,9358,13752,3,142
8962,5.850837807038949,-0.36605314700138203,-1.1395113203887257,9358,2986,4,142
8963,51.58769231120506,-3.2275441124580646,4.522162868204992,9358,25943,5,142
8964,6.626285115274655,-0.41456840872542683,-1.051552474000432,9358,3361,6,142
8965,23.219881589737376,-1.4527339518277365,2.856617409416657,9358,11720,7,142
8966,7.61580416646335,-0.4764769036540801,-0.9369315120987738,9358,3844,8,142
8967,11.115440487925769,-0.6954289462641942,1.7639550277936433,9358,5638,9,142
8968,8.733498231924319,-0.5464045693218139,-0.7655760442954294,9358,4392,10,142
8969,11.57235367996384,-0.7240153671099001,2.253835853387747,9358,5906,11,142
8970,10.598703571379767,-0.663099700314855,-0.5565405586874647,9358,5317,12,142
8971,11.27285676536676,-0.7052775740414321,2.607632621954083,9358,5796,13,142
8972,10.416044481340474,-0.6516717754701684,-0.1821682183923653,9358,5219,14,142
8973,13.037689196126358,-0.815692951550691,3.500268765966491,9358,6762,15,142
8974,0.5784182179358838,-0.0362896382053535,-0.15529142706151244,9359,300,0,142
8975,24.775505322123298,-1.5544014635346892,0.43330834702487503,9359,12414,1,142
8976,5.239603872962456,-0.32872984113071874,-1.2120362808047447,9359,2694,2,142
8977,27.195134790360385,-1.7062076744570933,1.4280389020449653,9359,13643,3,142
8978,5.83901741868928,-0.3663367145577686,-1.137221612444207,9359,2980,4,142
8979,32.949108217459575,-2.0672087761474853,2.8883413146573917,9359,16570,5,142
8980,6.602554654377539,-0.41424061727079503,-1.0477980468394663,9359,3349,6,142
8981,25.838769990023433,-1.6211100991173057,3.1788399533798666,9359,13042,7,142
8982,7.584021739135847,-0.4758173178516368,-0.9330316931098092,9359,3828,8,142
8983,11.278953471989817,-0.7076352855796412,1.7899231489903216,9359,5721,9,142
8984,8.713517936566557,-0.5466812828653157,-0.7638329294404761,9359,4382,10,142
8985,11.431150208266194,-0.7171840244060478,2.226359358053525,9359,5834,11,142
8986,10.676327929133636,-0.6698268932340534,-0.5606227632744143,9359,5356,12,142
8987,11.282458079827473,-0.707855162731737,2.6098821324975217,9359,5801,13,142
8988,10.485782581153199,-0.6578721837772884,-0.18338988684297516,9359,5254,14,142
8989,13.072251725350972,-0.8201458234409891,3.5095862515901812,9359,6780,15,142
8990,0.5800849971188751,-0.04036002148342634,-0.15580906515171747,9398,301,0,182
8991,24.75637148649857,-1.7224504857208176,0.4331687277733768,9398,12410,1,182
8992,5.233356835327119,-0.3641162852914713,-1.2111364765873693,9398,2692,2,182
8993,26.96969975623986,-1.8764451191974825,1.4168390074089752,9398,13536,3,182
8994,5.79525968304357,-0.4032112646790988,-1.1292076346383921,9398,2959,4,182
8995,32.96806291641527,-2.2937875211083893,2.891304609910812,9398,16587,5,182
8996,6.57199349610396,-0.45725333357886855,-1.04341788181834,9398,3335,6,182
8997,29.53426778219032,-2.0548776267388864,3.635118775088739,9398,14914,7,182
8998,7.554863322318364,-0.5256375315816583,-0.9298630901812752,9398,3815,8,182
8999,11.2108158918547,-0.780004262287911,1.779911343227747,9398,5689,9,182
9000,8.653942601921512,-0.6021071240673979,-0.7589522078466073,9398,4354,10,182
9001,11.467132627313317,-0.797837767724273,2.2343733358593396,9398,5855,11,182
9002,10.695430577090395,-0.7441457889961648,-0.561878826224245,9398,5368,12,182
9003,10.941059535371851,-0.7612356811368499,2.5320490676945444,9398,5628,13,182
9004,10.487046325908379,-0.729647236376659,-0.18349460128159883,9398,5257,14,182
9005,12.979642709620013,-0.9030722414979282,3.4862925375309546,9398,6735,15,182
9006,0.5781507748814955,-0.0403268419929623,-0.15529142706151244,9399,300,0,182
9007,24.74210654527871,-1.7257972566568083,0.4329243940832548,9399,12403,1,182
9008,5.209965003828793,-0.36340249745636294,-1.2057376512831164,9399,2680,2,182
9009,26.877720609910398,-1.8747593867516832,1.4120240994346245,9399,13490,3,182
9010,5.779521254332911,-0.4031298591033166,-1.1261546907123674,9399,2951,4,182
9011,33.01933863966219,-2.3031460129180057,2.89583670853369,9399,16613,5,182
9012,6.538413580939714,-0.45606368237980877,-1.038099110006972,9399,3318,6,182
9013,25.818901802427135,-1.800905263219104,3.1778649986326255,9399,13038,7,182
9014,7.531008095921951,-0.5252985669598292,-0.9269382259395517,9399,3803,8,182
9015,11.14565015485082,-0.7774250113141044,1.7695866685350914,9399,5656,9,182
9016,8.626011538923368,-0.6016766204818002,-0.7565118470496729,9399,4340,10,182
9017,11.617797384175816,-0.8103579546597338,2.2637579211473278,9399,5932,11,182
9018,10.667406682391421,-0.7440668463060424,-0.5604134194494426,9399,5354,12,182
9019,10.946758558417885,-0.7635520384987984,2.5333987740206076,9399,5631,13,182
9020,23.850409244162883,-1.6636000967982583,-0.4173219427283233,9399,11956,14,182
9021,12.599832553917391,-0.8788563098332917,3.3843178337605613,9399,6538,15,182
9022,0.5605270007938652,-0.042933388135277376,-0.15063268424966705,9438,291,0,222
9023,24.695890790648065,-1.8915739351711172,0.4323310122643872,9438,12386,1,222
9024,5.209313774983496,-0.3990057390688703,-1.2061875533918043,9438,2681,2,222
9025,26.82450845471906,-2.0546147311251657,1.4099306611849067,9438,13470,3,222
9026,5.790346013232729,-0.4435097193740708,-1.1288260166476392,9438,2958,4,222
9027,62.33262465313208,-4.77434764771954,5.46937148038654,9438,31377,5,222
9028,6.52924898596957,-0.500105758597679,-1.0371605032167306,9438,3315,6,222
9029,26.94216060779327,-2.063626260535403,3.317771004861735,9438,13612,7,222
9030,7.507465117937105,-0.5750319134741981,-0.9245008390714488,9438,3793,8,222
9031,22.878961152646312,-1.752406784878021,3.6342854918146434,9438,11616,9,222
9032,8.585957986768552,-0.6576387332582417,-0.7533742403107572,9438,4322,10,222
9033,11.431920458850282,-0.8756243276350822,2.2286490659980434,9438,5840,11,222
9034,10.604343542789827,-0.8122363358011512,-0.5573779339873518,9438,5325,12,222
9035,12.295612669934936,-0.9417785590555059,2.8469805437759557,9438,6328,13,222
9036,23.842520755253474,-1.8262103275291632,-0.4173917523540725,9438,11958,14,222
9037,12.375896838833622,-0.9479278995503682,3.3258247295673913,9438,6425,15,222
9038,0.5759289697287419,-0.04421420670616122,-0.1547737889713074,9439,299,0,222
9039,24.67960964427309,-1.8946596187950087,0.43205177376139065,9439,12378,1,222
9040,5.180098714398759,-0.3976774348139145,-1.199439021761488,9439,2666,2,222
9041,26.794278457764186,-2.0570032565509027,1.4083605824976184,9439,13455,3,222
9042,5.776566056996507,-0.4434683773871153,-1.1261546907123674,9439,2951,4,222
9043,62.462902325496266,-4.795292162828711,5.480876038429232,9439,31443,5,222
9044,6.483861234532964,-0.4977675997314905,-1.0299645178248802,9439,3292,6,222
9045,23.879871974898144,-1.8332635639288997,2.9407072563662084,9439,12065,7,222
9046,7.497468300117213,-0.5755824600217715,-0.9232821456373973,9439,3788,8,222
9047,11.258126007469752,-0.8642890644183474,1.7883588043399195,9439,5716,9,222
9048,8.575910356491663,-0.6583747182817016,-0.7525026828832806,9439,4317,10,222
9049,10.584287625642265,-0.8125583283959902,-0.5563312148624929,9439,5315,12,222
9050,12.254644633050628,-0.9407920410245157,2.8375325994935134,9439,6307,13,222
9051,23.872109086353344,-1.832667605092312,-0.417915324547191,9439,11973,14,222
9052,12.321798058042681,-0.9459474257502116,3.3113308630416505,9439,6397,15,222
9053,0.5756230655779718,-0.0480329118634629,-0.1547737889713074,9477,299,0,5
9054,24.66650109195782,-2.0582981186488474,0.43205177376139065,9477,12378,1,5
9055,5.15404342079149,-0.43007955757082916,-1.1940401964572354,9477,2654,2,5
9056,26.736259185050024,-2.2310092450947008,1.406057800422929,9477,13433,3,5
9057,5.761759110926413,-0.4807904410080395,-1.1238649827678489,9477,2945,4,5
9058,48.26921889184988,-4.027828757039908,4.2376865238766355,9477,24311,5,5
9059,6.460731987152397,-0.5391162874975355,-1.0268358285240755,9477,3282,6,5
9060,11.29957555017029,-0.942893968209741,1.3922353790604047,9477,5712,7,5
9061,7.444030601416457,-0.6211677175023206,-0.9171886784671399,9477,3763,8,5
9062,11.039544480179964,-0.9211956551755575,1.7545689598912295,9477,5608,9,5
9063,8.535616470571453,-0.7122551859863668,-0.749365076144365,9477,4299,10,5
9064,11.349393752965744,-0.9470510520501315,2.213765964358673,9477,5801,11,5
9065,10.576675449218778,-0.8825715125759874,-0.556226542950007,9477,5314,12,5
9066,12.36465503397868,-1.0317696092891744,2.864526726014777,9477,6367,13,5
9067,23.871386054335332,-1.991949681959488,-0.4181247534244384,9477,11979,14,5
9068,12.575150048011077,-1.0493343822479588,3.381212005219331,9477,6532,15,5
9069,0.583315204235139,-0.04877730107549061,-0.15684434133212757,9478,303,0,5
9070,24.668134215940743,-2.0627698384774407,0.4320866785742652,9478,12379,1,5
9071,5.171445941084235,-0.4324405978662026,-1.198089315435425,9478,2663,2,5
9072,26.737859705883476,-2.2358420002067585,1.406162472335415,9478,13434,3,5
9073,5.7303722904775825,-0.47917848267606644,-1.1177590949157996,9478,2929,4,5
9074,44.30156632562036,-3.7045337119474775,3.889412175856993,9478,22313,5,5
9075,6.438984225510092,-0.5384332002795419,-1.0233942702931904,9478,3271,6,5
9076,26.697627506846512,-2.232477750361894,3.2894973171917408,9478,13496,7,5
9077,7.420183815810704,-0.6204819236520054,-0.9142638142254164,9478,3751,8,5
9078,11.007887431688303,-0.920488675011678,1.7495630570099423,9478,5592,9,5
9079,8.50769559025157,-0.7114205600185965,-0.7469247153474305,9478,4285,10,5
9080,11.139890686916813,-0.931526896673787,2.1729328393480922,9478,5694,11,5
9081,10.55064718630998,-0.8822538665398262,-0.5548658080876905,9478,5301,12,5
9082,12.473224663756678,-1.0430213894459703,2.88972124410129,9478,6423,13,5
9083,23.865059808555326,-1.995616090605528,-0.4180200389858147,9478,11976,14,5
9084,13.102453069387316,-1.0956379904943536,3.5230448419355125,9478,6806,15,5
9085,0.5752737077893173,-0.05205031578959363,-0.1547737889713074,9517,299,0,45
9086,24.65750515198064,-2.2309918085360434,0.43215648820001434,9517,12381,1,45
9087,5.181968316706896,-0.4688604461566035,-1.201238630196239,9517,2670,2,45
9088,26.72003238500614,-2.417607661737752,1.406057800422929,9517,13433,3,45
9089,5.7211120991379145,-0.5176417545174019,-1.1166142409435402,9517,2926,4,45
9090,26.766004079572795,-2.421767144758056,2.351287627846322,9517,13489,5,45
9091,6.413529346152269,-0.5802911262464804,-1.0199527120623053,9517,3260,6,45
9092,26.60075547934777,-2.406815580469548,3.2795040310325185,9517,13455,7,45
9093,7.413811449093582,-0.6707958696960835,-0.9140200755386061,9517,3750,8,45
9094,10.977758819487626,-0.9932590443114602,1.7458086298489766,9517,5580,9,45
9095,8.478844646157205,-0.7671592415709966,-0.7448329775214866,9517,4273,10,45
9096,11.037483868637569,-0.9986629201130327,2.154233557801191,9517,5645,11,45
9097,10.53445183585145,-0.9531489746566765,-0.554342448525261,9517,5296,12,45
9098,23.664321979628156,-2.141129370781823,5.485656411229492,9517,12193,13,45
9099,23.836982405626063,-2.156751551277595,-0.4177757052956927,9517,11969,14,45
9100,12.602149786020162,-1.1402326703071515,3.3905294908430217,9517,6550,15,45
9101,0.5579489572399188,-0.050580965109711294,-0.15011504615946203,9518,290,0,45
9102,24.643174694814935,-2.234031524311942,0.43191215450989234,9518,12374,1,45
9103,5.1780048433451595,-0.4694129793068806,-1.2003388259788637,9518,2668,2,45
9104,26.71364271926302,-2.4217301830269706,1.4057437846854712,9518,13430,3,45
9105,5.71515595731217,-0.5181085121180028,-1.1154693869712808,9518,2923,4,45
9106,26.61874631417055,-2.413127332008548,2.3383885779196687,9518,13415,5,45
9107,6.405558731790173,-0.580697102336487,-1.0187012363419834,9518,3256,6,45
9108,44.527636219389414,-4.036661032887963,5.489726443028273,9518,22523,7,45
9109,7.378108527761014,-0.6688637825661715,-0.9096327791760208,9518,3732,8,45
9110,11.012996861351777,-0.9983852514986651,1.7514402705904248,9518,5598,9,45
9111,8.441009826349722,-0.7652212948463931,-0.7415210592970758,9518,4254,10,45
9112,11.543715625032862,-1.0464976584141938,2.253072617406241,9518,5904,11,45
9113,10.482568661989289,-0.9502991857447608,-0.551620978800628,9518,5270,12,45
9114,12.393830183509063,-1.123564949720292,2.8730748660798437,9518,6386,13,45
9115,23.83461408982909,-2.160731314285221,-0.41774080048281814,9518,11968,14,45
9116,12.111340295949272,-1.0979557771228712,3.258531777840736,9518,6295,15,45
9117,0.5845199026237708,-0.05690071061931303,-0.1573619794223326,9556,304,0,84
9118,24.63577731017093,-2.3981959028521658,0.43205177376139065,9556,12378,1,84
9119,5.186415151149009,-0.5048770903137235,-1.20303823863099,9556,2674,2,84
9120,26.685066617934588,-2.5976861466452266,1.4051157532105558,9556,13424,3,84
9121,5.715502097223418,-0.5563816209137937,-1.1162326229527872,9556,2925,4,84
9122,26.58430938904991,-2.5878778272059124,2.336819774550211,9556,13406,5,84
9123,6.350448391214657,-0.6181911421482748,-1.0105666441598915,9556,3230,6,84
9124,26.366423866362105,-2.5666675296284547,3.252692775483386,9556,13345,7,84
9125,7.347825429674085,-0.7152818690661839,-0.9064641762474869,9556,3719,8,84
9126,10.982540158924174,-1.069107034068193,1.7476858434294593,9556,5586,9,84
9127,8.407986857345339,-0.8184844090223085,-0.7390806985001412,9556,4240,10,84
9128,23.645569531111313,-2.3018030751035274,4.617959306103137,9556,12101,11,84
9129,10.394533175296482,-1.0118668698456414,-0.5473294303887065,9556,5229,12,84
9130,12.401622466883607,-1.2072491082520376,2.8766740829493456,9556,6394,13,84
9131,23.845633216445137,-2.3212784869988528,-0.4181945630501875,9556,11981,14,84
9132,12.071105094315902,-1.1750745436448924,3.2497319303072505,9556,6278,15,84
9133,0.5845099626736037,-0.05700272772058992,-0.1573619794223326,9557,304,0,84
9134,24.619436342448537,-2.4009428685249783,0.4317725352583941,9557,12370,1,84
9135,5.178568798976313,-0.5050256900329818,-1.201238630196239,9557,2670,2,84
9136,26.609075338116433,-2.5949769435192778,1.4011382205360923,9557,13386,3,84
9137,5.69781904201921,-0.5556641429476887,-1.1127980610360093,9557,2916,4,84
9138,44.0380652868229,-4.294691288757553,3.8711094698799853,9557,22208,5,84
9139,6.368034846718356,-0.6210250973693245,-1.0133824645306155,9557,3239,6,84
9140,25.024462018907993,-2.4404418845031857,3.087194207139196,9557,12666,7,84
9141,7.329919002853991,-0.7148302061824428,-0.9042705280661942,9557,3710,8,84
9142,13.259038902830687,-1.2930513296260344,2.109988064462634,9557,6744,9,84
9143,8.39198002043563,-0.8184047880953693,-0.7376862066161788,9557,4232,10,84
9144,23.63539750763524,-2.304977185560783,4.616051216149372,9557,12096,11,84
9145,10.127987363491949,-0.9877041332161003,-0.5333033941155976,9557,5095,12,84
9146,23.586732271292487,-2.300231242131495,5.471259543751485,9557,12161,13,84
9147,23.859159488542684,-2.326798957791224,-0.4184388967403095,9557,11988,14,84
9148,12.161268137863631,-1.1859942527392477,3.2740609205468876,9557,6325,15,84
9149,0.5917940567142742,-0.061782378125776395,-0.15943253178315278,9596,308,0,124
9150,24.582634570554422,-2.566388775173286,0.4314234871296484,9596,12360,1,124
9151,5.1827640834842885,-0.5410725009986331,-1.20303823863099,9596,2674,2,124
9152,26.539147557528327,-2.7706456848157153,1.398416750811459,9596,13360,3,124
9153,5.664615155644406,-0.5913770027129523,-1.107073791174713,9596,2901,4,124
9154,44.07915059998499,-4.601794693497856,3.8773846833578163,9596,22244,5,124
9155,6.338119085851019,-0.6616897644129429,-1.0093151684395696,9596,3226,6,124
9156,11.123556297937276,-1.161281958656659,1.3732237614892018,9596,5634,7,124
9157,7.283421935230849,-0.7603779100966301,-0.899152015643178,9596,3689,8,124
9158,11.242007876391671,-1.173648119023825,1.7902360179204022,9596,5722,9,124
9159,8.364417131924862,-0.8732321255733884,-0.7357687802757302,9596,4221,10,124
9160,11.122250233212869,-1.1611456075329116,2.173696075329598,9596,5696,11,124
9161,10.055476417380868,-1.0497760820761342,-0.5298492210035634,9596,5062,12,124
9162,23.67325374557857,-2.471450832908491,5.495104355511934,9596,12214,13,124
9163,23.858679960224183,-2.4908090410176977,-0.41871813524330603,9596,11996,14,124
9164,12.154835073943179,-1.2689458572196803,3.2745785586370926,9596,6326,15,124
9165,0.6186825039435013,-0.06469864949263596,-0.16667946504602335,9597,322,0,124
9166,24.586163976846425,-2.5710951826944224,0.43149329675539755,9597,12362,1,124
9167,5.192360425170503,-0.5429904758034322,-1.2052877491744287,9597,2679,2,124
9168,26.498935046120362,-2.7711229904662584,1.3963233125617414,9597,13340,3,124
9169,5.652796214786337,-0.5911404939085835,-1.1047840832301945,9597,2895,4,124
9170,39.6118572114316,-4.142405271102991,3.484486595051374,9597,19990,5,124
9171,6.324250860224134,-0.6613577838407865,-1.0071250859290062,9597,3219,6,124
9172,11.044380401165501,-1.1549647709184272,1.3634742140167901,9597,5594,7,124
9173,7.2556485474228145,-0.7587585865436575,-0.895739674027834,9597,3675,8,124
9174,11.398975921410509,-1.192046555403617,1.8152655323268392,9597,5802,9,124
9175,8.33454084198506,-0.8715836203231208,-0.7331541079933006,9597,4206,10,124
9176,12.117876790661143,-1.2672255285653433,2.368321250613674,9597,6206,11,124
9177,9.977822394052668,-1.0434295937865081,-0.5257670164166136,9597,5023,12,124
9178,12.904343303764543,-1.3494701709217065,2.9954482396429065,9597,6658,13,124
9179,10.761667471179097,-1.1254000997864035,-0.18886994246428218,9597,5411,14,124
9180,12.052780581483178,-1.2604181002090227,3.247143739856225,9597,6273,15,124
9181,0.6182277851673573,-0.0689083563803074,-0.16667946504602335,9636,322,0,164
9182,24.585980151873958,-2.7403806863935634,0.43180744007126864,9636,12371,1,164
9183,5.200164627837942,-0.5796161318021682,-1.2079871618265552,9636,2685,2,164
9184,26.429834706540284,-2.9458987653521223,1.3937065147495942,9636,13315,3,164
9185,5.646690355595006,-0.6293863859374309,-1.1044024652394413,9636,2894,4,164
9186,39.57482281111138,-4.411053756209549,3.4837893491093923,9636,19986,5,164
9187,6.294080817489329,-0.7015452466935023,-1.0030577898379602,9636,3206,6,164
9188,11.006669885515814,-1.2268156644337886,1.3598181337146356,9636,5579,7,164
9189,7.216776920813201,-0.8043899803726113,-0.8915961163520589,9636,3658,8,164
9190,11.374892157371546,-1.267858128303853,1.8127625808861954,9636,5794,9,164
9191,8.30267347378115,-0.9254252176416813,-0.7308880586818615,9636,4193,10,164
9192,12.105068060162896,-1.349244346356538,2.3675580146321678,9636,6204,11,164
9193,9.899030092490904,-1.1033569014503217,-0.5219988275671218,9636,4987,12,164
9194,11.994271709571834,-1.3368948619183716,2.786243759103112,9636,6193,13,164
9195,10.779593916721716,-1.2015055244522421,-0.18932370503165155,9636,5424,14,164
9196,12.740868268231624,-1.4201113445332916,3.4350463666006554,9636,6636,15,164
9197,24.58947618988672,-2.7451154344013076,0.4318772496970178,9637,12373,1,164
9198,5.200063386536443,-0.580523722913517,-1.2079871618265552,9637,2685,2,164
9199,26.361832585890653,-2.9429774327765026,1.390147669725074,9637,13281,3,164
9200,5.648531554469394,-0.6305897300184895,-1.1047840832301945,9637,2895,4,164
9201,39.68493730025307,-4.430339754084641,3.49355079229713,9637,20042,5,164
9202,6.278252830899316,-0.700890438417054,-1.0005548383973166,9637,3198,6,164
9203,24.697941859334836,-2.757224304919955,3.0513646201780826,9637,12519,7,164
9204,7.19098954207808,-0.8027863720291746,-0.8884275134235251,9637,3645,8,164
9205,13.324109431930474,-1.4874744857837852,2.123441428456094,9637,6787,9,164
9206,8.274790588651712,-0.9237795545514277,-0.728447697884927,9637,4179,10,164
9207,12.284336672517895,-1.3713965251110225,2.402666869781452,9637,6296,11,164
9208,9.821425166402149,-1.096442461966579,-0.5179166229801722,9637,4948,12,164
9209,12.005658448096613,-1.3402854965887865,2.788943171755238,9637,6199,13,164
9210,10.793295497233878,-1.2049399437673565,-0.1895680387217735,9637,5431,14,164
9211,12.629264586188475,-1.4099035242947784,3.405023357368763,9637,6578,15,164
9212,24.58264423118025,-2.9095476805543132,0.4320866785742652,9675,12379,1,203
9213,5.194163636736805,-0.6147697790182576,-1.2075372597178675,9675,2684,2,203
9214,26.28421534539562,-3.1109418935651343,1.3871121842629832,9675,13252,3,203
9215,5.640325833860817,-0.6675765549527463,-1.1040208472486883,9675,2893,4,203
9216,44.03525563327879,-5.2119159633736105,3.8794764211837602,9675,22256,5,203
9217,6.255811145622347,-0.740424042164053,-0.9977390180265925,9675,3189,6,203
9218,13.44448799464185,-1.5912600163425308,1.6622978440462117,9675,6820,7,203
9219,7.175650483943745,-0.8492942022707936,-0.8872088199894737,9675,3640,8,203
9220,11.330688359082682,-1.3410753425962905,1.8071309401447468,9675,5776,9,203
9221,8.260567589366413,-0.9777026036612518,-0.7277504519429456,9675,4175,10,203
9222,12.251575368123529,-1.4500695027041328,2.398087453892415,9675,6284,11,203
9223,9.750468052970485,-1.1540439442171897,-0.5145671217806238,9675,4916,12,203
9224,12.00037582392136,-1.4203380773816003,2.789842975972614,9675,6201,13,203
9225,10.791024214575772,-1.277201881907435,-0.18967275316039722,9675,5434,14,203
9226,12.569756076859328,-1.487728671278242,3.391564767023432,9675,6552,15,203
9227,24.625823498893737,-2.9190165998238466,0.43285458445750563,9676,12401,1,203
9228,5.199861837099651,-0.6163644850279327,-1.2088869660439308,9676,2687,2,203
9229,26.005999626074715,-3.0826154750493933,1.372458116514959,9676,13112,3,203
9230,5.601217120254167,-0.6639390456921744,-1.0963884874336265,9676,2873,4,203
9231,44.0007101629118,-5.215614550934599,3.87651312593034,9676,22239,5,203
9232,6.234103741051421,-0.7389581228002597,-0.9942974597957074,9676,3178,6,203
9233,13.438296187212487,-1.5929054979860844,1.6615666279857808,9676,6817,7,203
9234,7.143961476083035,-0.8468079103273537,-0.8833090010005089,9676,3624,8,203
9235,13.356832087104824,-1.58324916870578,2.130324544917864,9676,6809,9,203
9236,8.197083601103627,-0.9716395109727074,-0.7221724844070955,9676,4143,10,203
9237,24.49874498194008,-2.903953375624039,4.795411671803325,9676,12566,11,203
9238,9.696715388337346,-1.1493980367233438,-0.5117409801435048,9676,4889,12,203
9239,12.431675638827004,-1.473585951551708,2.890171146209978,9676,6424,13,203
9240,13.336588228253394,-1.5808495673265828,-0.23442072326559213,9676,6716,14,203
9241,12.559904121374485,-1.4887854866715442,3.3889765765724063,9676,6547,15,203
9242,24.55883840444857,-3.0720243568575945,0.4320168689485161,9713,12377,1,241
9243,5.211242499815724,-0.651865679690514,-1.2124861829134324,9713,2695,2,241
9244,25.82700569676372,-3.2306572997681435,1.364084363516088,9713,13032,3,241
9245,5.587072464419982,-0.6988776265215201,-1.094480397479861,9713,2868,4,241
9246,43.47977429490545,-5.438812840611604,3.8336325004984926,9713,21993,5,241
9247,6.239002309940464,-0.780426449451132,-0.9958618044461098,9713,3183,6,241
9248,24.61192318879894,-3.0786646444728807,3.0455148916946357,9713,12495,7,241
9249,7.130465141532786,-0.891938056261851,-0.8823340462532677,9713,3620,8,241
9250,24.0112404325387,-3.0035262349281706,3.832644393485656,9713,12250,9,241
9251,8.178776258719767,-1.0230695549315785,-0.7211266154941237,9713,4137,10,241
9252,24.054801530912815,-3.008975220462947,4.7122189498191505,9713,12348,11,241
9253,9.673236249685676,-1.2100090761332345,-0.5109036048436176,9713,4881,12,241
9254,12.421900489356666,-1.5538349262826947,2.890171146209978,9713,6424,13,241
9255,13.226889941347187,-1.6545297214844246,-0.2326754826218638,9713,6666,14,241
9256,12.477185457931023,-1.560750431292808,3.369306329144615,9713,6509,15,241
9257,24.60592238654598,-3.0822758500804976,0.43285458445750563,9714,12401,1,241
9258,5.218863162184515,-0.6537440717309405,-1.2142857913481833,9714,2699,2,241
9259,26.016691476407885,-3.258996699126945,1.3741328671147333,9714,13128,3,241
9260,5.555781920147644,-0.6959484050940615,-1.0883745096278115,9714,2852,4,241
9261,39.49726878112212,-4.947649423406979,3.482569168710925,9714,19979,5,241
9262,6.201624894502584,-0.7768503185247422,-0.989917294774581,9714,3164,6,241
9263,43.896705636811504,-5.498747559913332,5.431960374254234,9714,22286,7,241
9264,7.100763879597301,-0.889481510970455,-0.8786779659511132,9714,3605,8,241
9265,25.367076290977383,-3.1776222573790176,4.049149693101336,9714,12942,9,241
9266,8.125220215747133,-1.0178106577007202,-0.7164202053857501,9714,4110,10,241
9267,12.514145531216155,-1.567592059720986,2.451513972597848,9714,6424,11,241
9268,9.629425950934332,-1.2062359050165923,-0.5086008227689282,9714,4859,12,241
9269,12.392624678192131,-1.5523696760739527,2.8834226145796613,9714,6409,13,241
9270,12.798016240079154,-1.6031512969130886,-0.2251360430409573,9714,6450,14,241
9271,12.931211275317086,-1.619836054103454,3.49198655652321,9714,6746,15,241
9272,24.624021155584366,-3.2549313667692603,0.433552680714997,9753,12421,1,25
9273,5.20656466152276,-0.6882308345507361,-1.2124861829134324,9753,2695,2,25
9274,25.932524556891206,-3.4278961614925625,1.3708880378276707,9753,13097,3,25
9275,5.537291812515085,-0.7319480719103627,-1.08570318369254,9753,2845,4,25
9276,41.46158674838392,-5.480608482694299,3.6589723920321853,9753,20991,5,25
9277,6.192276732130232,-0.8185273899732329,-0.98929155691442,9753,3162,6,25
9278,43.718534097089666,-5.778943538209105,5.4146549274907025,9753,22215,7,25
9279,7.088641000122304,-0.9370134874917486,-0.8779467498906823,9753,3602,8,25
9280,25.278275793275466,-3.341414152363849,4.0385121494786,9753,12908,9,25
9281,8.120079230270417,-1.0733543648399915,-0.7165945168712454,9753,4111,10,25
9282,12.51291706947609,-1.654022549845948,2.453422062551613,9753,6429,11,25
9283,9.569511428835245,-1.2649478619908037,-0.5058793530442951,9753,4833,12,25
9284,12.403022310566278,-1.6394960882433118,2.888371537775227,9753,6420,13,25
9285,12.648035985236959,-1.6718832718772951,-0.2226927061397376,9753,6380,14,25
9286,12.95818976294669,-1.7128810136031802,3.502339318327311,9753,6766,15,25
9287,24.64327673799641,-3.2618529862996057,0.4339017288437427,9754,12431,1,25
9288,5.225763366670891,-0.6916966450727122,-1.2169852040003097,9754,2705,2,25
9289,25.97746564564523,-3.438449959136098,1.3732954918148461,9754,13120,3,25
9290,5.537163979139872,-0.7329145004949719,-1.08570318369254,9754,2845,4,25
9291,39.92790370934465,-5.2849689323254285,3.5237066792878196,9754,20215,5,25
9292,6.1725508120631485,-0.8170160775888444,-0.9861628676136155,9754,3152,6,25
9293,43.75097959459013,-5.791001941885011,5.418798485166477,9754,22232,7,25
9294,7.055022573165059,-0.9338225063717958,-0.8738031922149074,9754,3585,8,25
9295,8.104090473383184,-1.0726800657596454,-0.7152000249872829,9754,4103,10,25
9296,23.29306801488435,-3.0831355859134706,4.567204113332976,9754,11968,11,25
9297,9.523750743563534,-1.2605902670308409,-0.5034718990571196,9754,4810,12,25
9298,12.350574936461,-1.6347566180960627,2.8762241808406577,9754,6393,13,25
9299,12.616025513684269,-1.6698923984241567,-0.22213422913374453,9754,6364,14,25
9300,12.440800681640312,-1.6466991499063908,3.3625770339719496,9754,6496,15,25
9301,24.6448689352096,-3.428526913179733,0.43432058659823747,9792,12443,1,64
9302,25.91848207380887,-3.6057084974740774,1.3714113973901,9792,13102,3,64
9303,5.508847028607835,-0.7663757655934773,-1.0811237678035028,9792,2833,4,64
9304,39.497297610364114,-5.494756259853131,3.4888443821887565,9792,20015,5,64
9305,6.139604959562589,-0.8541250876801662,-0.9817827025924889,9792,3138,6,64
9306,44.09304479498667,-6.1341040668985665,5.466083790407675,9792,22426,7,64
9307,7.003452490847343,-0.9743011988893556,-0.8681972024182707,9792,3562,8,64
9308,25.38603389111682,-3.5316357592894057,4.059474367793991,9792,12975,9,64
9309,8.057330309423767,-1.1209138050951954,-0.7117137952773767,9792,4083,10,64
9310,13.839203777833378,-1.9252722639353257,2.7159752401897386,9792,7117,11,64
9311,9.473638425543479,-1.3179467252635746,-0.5012737888949159,9792,4789,12,64
9312,12.901135480379775,-1.794770762276883,3.0071456944687873,9792,6684,13,64
9313,12.648246646327133,-1.7595895577887788,-0.22290213501698503,9792,6386,14,64
9314,12.50231595773492,-1.7392880786203324,3.382247281399741,9792,6534,15,64
9315,24.63634787691245,-3.431724664850799,0.4341809673467392,9793,12439,1,64
9316,12.858040021927717,-1.7910630790466842,0.6803674311582698,9793,6500,3,64
9317,5.483434940719184,-0.7638160910938161,-1.0761627339237125,9793,2820,4,64
9318,39.53777806774388,-5.507422157958182,3.4925049233841583,9793,20036,5,64
9319,6.147281740575456,-0.8562867546893711,-0.9830341783128107,9793,3142,6,64
9320,43.3900723989694,-6.044028214130998,5.379069079216399,9793,22069,7,64
9321,6.983621240705937,-0.9727848210881014,-0.8657598155501677,9793,3552,8,64
9322,27.660811345721132,-3.8530178668995325,4.423340933477568,9793,14138,9,64
9323,8.015694475502876,-1.116547654503201,-0.708053254081975,9793,4062,10,64
9324,13.30996885433433,-1.8540145899067983,2.612175146704898,9793,6845,11,64
9325,9.44769217611181,-1.316018040850302,-0.49991305403259945,9793,4776,12,64
9326,12.908542457424671,-1.798097825202885,3.008945302903538,9793,6688,13,64
9327,12.861841234236632,-1.7915925696230475,-0.22667185480743823,9793,6494,14,64
9328,12.67612960718542,-1.76572383395308,3.4293523476083996,9793,6625,15,64
9329,24.568888037190494,-3.5929722701616784,0.4334130614634987,9832,12417,1,104
9330,25.872915683156027,-3.783674232919866,1.3703646782652412,9832,13092,3,104
9331,5.48199400360427,-0.8016908380357901,-1.076925969905219,9832,2822,4,104
9332,39.53486015211104,-5.781607047752185,3.495642530123074,9832,20054,5,104
9333,6.111992020533218,-0.8938222117331323,-0.9783411443616039,9832,3127,6,104
9334,43.471671736780245,-6.357329271531964,5.394424616485448,9832,22132,7,104
9335,6.968981173056945,-1.0191489361736583,-0.8647848608029265,9832,3548,8,104
9336,27.72776424793227,-4.054928652269336,4.43835864212143,9832,14186,9,104
9337,7.946794717919596,-1.162145108681014,-0.7026495980316201,9832,4031,10,104
9338,13.151346351665808,-1.923262570340999,2.583553797398417,9832,6770,11,104
9339,9.391085802502095,-1.373359299941583,-0.4974009281329381,9832,4752,12,104
9340,12.924927702646839,-1.8901509404560328,3.015693834533854,9832,6703,13,104
9341,12.815711348706033,-1.874179060468486,-0.22607847298857062,9832,6477,14,104
9342,12.635144349530176,-1.847772809605073,3.421587776255324,9832,6610,15,104
9343,24.568260571027643,-3.5972602953138444,0.4334130614634987,9833,12417,1,104
9344,0.6440124723975502,-0.09429566614799659,-0.15026730430170182,9833,334,2,104
9345,25.886088230225237,-3.790215311432822,1.3710973816526424,9833,13099,3,104
9346,5.4837965408305696,-0.8029320393635049,-1.077307587895972,9833,2823,4,104
9347,39.293343350533775,-5.753292281167672,3.4743765288926456,9833,19932,5,104
9348,6.094245096701612,-0.8923133102116398,-0.9755253239908797,9833,3118,6,104
9349,33.98175423408349,-4.975574681731264,4.216923020504914,9833,17301,7,104
9350,6.935412646699541,-1.01547622687666,-0.8606413031271515,9833,3531,8,104
9351,24.447343704151304,-3.5795557678406644,3.9133645774464156,9833,12508,9,104
9352,7.950534503948561,-1.1641093603225579,-0.7029982210026108,9833,4033,10,104
9353,13.061653538981494,-1.9124743296777214,2.5659993698237744,9833,6724,11,104
9354,9.335512695593863,-1.36689649066407,-0.4944701145833333,9833,4724,12,104
9355,12.911100344832324,-1.8904304806197159,3.01254451977304,9833,6696,13,104
9356,12.841105831196698,-1.8801819534981756,-0.22653223555594,9833,6490,14,104
9357,12.422648406603795,-1.8189118332788194,3.364129948242565,9833,6499,15,104
9358,24.487861569052747,-3.7559178794510957,0.4324357267030109,9872,12389,1,144
9359,0.6780275723760205,-0.1039950293195988,-0.15836554225808094,9872,352,2,144
9360,25.851792882163906,-3.965115975038646,1.370678694002699,9872,13095,3,144
9361,5.46073910956342,-0.837561401545463,-1.0738730259791942,9872,2814,4,144
9362,39.08587641174459,-5.994943316504793,3.4595600526255437,9872,19847,5,144
9363,6.084125093177375,-0.9331755716538837,-0.9748995861307188,9872,3116,6,144
9364,43.64795276653962,-6.694668937710128,5.421967088095012,9872,22245,7,144
9365,6.914604879716143,-1.0605535327709819,-0.8589351323194794,9872,3524,8,144
9366,13.566271228304366,-2.0807778792847187,2.173813326199048,9872,6948,9,144
9367,7.899100634227216,-1.2115542723081938,-0.6991633683217138,9872,4011,10,144
9368,9.268741319721997,-1.4216280643609351,-0.4914346291212426,9872,4695,12,144
9369,12.84977822534214,-1.9708830698609194,3.001296967055847,9872,6671,13,144
9370,12.654071334657816,-1.940865789349093,-0.2234606120229781,9872,6402,14,144
9371,12.39279408533411,-1.9007914084374946,3.359471205430719,9872,6490,15,144
9372,24.59986776200519,-3.7774918596440177,0.43442530103686117,9873,12446,1,144
9373,0.6048152136609134,-0.09287385478232864,-0.14126926212794721,9873,314,2,144
9374,25.795825087173935,-3.9611399631222097,1.367747880453094,9873,13067,3,144
9375,5.429544697403634,-0.8337467946756049,-1.0677671381271447,9873,2798,4,144
9376,38.9489473411382,-5.980899285568364,3.447532560126366,9873,19778,5,144
9377,6.060532237976841,-0.9306396040643411,-0.9711451589697533,9873,3104,6,144
9378,38.52571801283178,-5.915909288146126,4.785809115520141,9873,19635,7,144
9379,6.877139884643513,-1.0560357552814956,-0.8543040972700838,9873,3505,8,144
9380,13.583480276934564,-2.085843983722816,2.1766291465697725,9873,6957,9,144
9381,7.896919751135817,-1.2126305053660198,-0.6989890568362185,9873,4010,10,144
9382,13.125604121957894,-2.0155337095017125,2.581264089453898,9873,6764,11,144
9383,9.246777738449738,-1.4199111951683197,-0.4902832380838978,9873,4684,12,144
9384,12.75697821680328,-1.9589284720489253,2.979701665838836,9873,6623,13,144
9385,12.57664780408477,-1.931237401809006,-0.22209932432086998,9873,6363,14,144
9386,12.264527636841771,-1.8833090388438936,3.3247894533869813,9873,6423,15,144
9387,24.575559923270863,-3.9451660024967397,0.43446020584973577,9912,12447,1,184
9388,0.5964726142483672,-0.0957529955166863,-0.1394696536931963,9912,310,2,184
9389,25.787985191129444,-4.139799164966189,1.368794599577953,9912,13077,3,184
9390,5.406297901958263,-0.8678843024845498,-1.064332576210367,9912,2789,4,184
9391,34.01293439537929,-5.460167452573057,3.0138455842140193,9912,17290,5,184
9392,6.054057225363816,-0.9718704606220916,-0.9711451589697533,9912,3104,6,184
9393,38.355197660105965,-6.157240050689884,4.769722362190661,9912,19569,7,184
9394,6.861952425163831,-1.1015635657144098,-0.8533291425228426,9912,3501,8,184
9395,13.514356480201636,-2.1694878935729616,2.1678688165275193,9912,6929,9,184
9396,7.847171503942625,-1.2597228437428527,-0.6953285156408169,9912,3989,10,184
9397,13.625266386828478,-2.187292492708462,2.682392857003467,9912,7029,11,184
9398,9.205346399953525,-1.4777534986665268,-0.4886084874841236,9912,4668,12,184
9399,12.627902475200107,-2.0271835792774584,2.952707539317572,9912,6563,13,184
9400,12.50595296489095,-2.007606769487776,-0.22108708474750755,9912,6334,14,184
9401,11.826067396757429,-1.8984633181335433,3.209356159271257,9912,6200,15,184
9402,12.614192234257596,-2.0272410370479625,0.22300684945560872,9913,6389,1,184
9403,0.600303995649465,-0.09647553105932832,-0.14036945791057176,9913,312,2,184
9404,25.751767067835154,-4.138595480940696,1.3669105051532071,9913,13059,3,184
9405,5.390639292250135,-0.8663357103036753,-1.0612796322843423,9913,2781,4,184
9406,34.10640398007044,-5.4812785860960105,3.0222125355177947,9913,17338,5,184
9407,6.034384006186442,-0.9697926481114086,-0.9680164696689486,9913,3094,6,184
9408,38.35804232059325,-6.164564170977666,4.7702098395642825,9913,19571,7,184
9409,6.8441205755204955,-1.0999263239003632,-0.85113549434155,9913,3492,8,184
9410,12.956177425047361,-2.0822018621215537,2.078388302524507,9913,6643,9,184
9411,7.819411455806898,-1.2566664194100612,-0.6928881548438824,9913,3975,10,184
9412,12.814640906532055,-2.05945536886645,2.5228765368686754,9913,6611,11,184
9413,9.175509010386474,-1.4746063843186352,-0.4870384087968353,9913,4653,12,184
9414,12.535194011718797,-2.014545143754885,2.931112238100561,9913,6515,13,184
9415,12.608269151349036,-2.0262891317245715,-0.22290213501698503,9913,6386,14,184
9416,12.306394814187142,-1.977774567100746,3.3398009580029275,9913,6452,15,184
9417,12.74209631951106,-2.1368682962959453,0.22551999598257755,9952,6461,1,224
9418,0.595789602045495,-0.09991479266440269,-0.1394696536931963,9952,310,2,224
9419,25.71512118170299,-4.312463648893369,1.3664918175032632,9952,13055,3,224
9420,5.388489930338008,-0.9036576877399614,-1.0620428682658483,9952,2783,4,224
9421,36.14722144899557,-6.061942209247979,3.2066340871718393,9952,18396,5,224
9422,5.998420520267705,-1.0059439448738159,-0.9633234357177417,9952,3079,6,224
9423,43.9535231791243,-7.371070492393178,5.472177257577932,9952,22451,7,224
9424,6.801235558517565,-1.1405772077223242,-0.8467481979789647,9952,3474,8,224
9425,12.922222575815422,-2.167075734442358,2.075259613223703,9952,6633,9,224
9426,7.767447618388752,-1.3026123914523409,-0.6890533021629855,9952,3953,10,224
9427,12.554426413335124,-2.105395776969425,2.474411052043033,9952,6484,11,224
9428,9.1160153832954,-1.5287691893587527,-0.48442161098468806,9952,4628,12,224
9429,12.496206427418738,-2.0956321996901495,2.9252635106876204,9952,6502,13,224
9430,12.519242754412042,-2.0994954256131653,-0.22157575212775146,9952,6348,14,224
9431,12.014481619012829,-2.0148462407074343,3.2642257968329917,9952,6306,15,224
9432,24.487537009955922,-4.110990185367979,0.4334130614634987,9953,12417,1,224
9433,0.5996158458698331,-0.10066405847022504,-0.14036945791057176,9953,312,2,224
9434,25.59027733863918,-4.296119243728695,1.3598974870166525,9953,12992,3,224
9435,5.3767151727266,-0.9026478773921386,-1.05975316032133,9953,2777,4,224
9436,35.73353545969064,-5.998978725527255,3.170028675217823,9953,18186,5,224
9437,6.0021410877714985,-1.007644953961294,-0.9639491735779026,9953,3081,6,224
9438,43.454981195896515,-7.295262121668243,5.410267631128117,9953,22197,7,224
9439,6.777544032986158,-1.1378203119888028,-0.8438233337372412,9953,3462,8,224
9440,13.040679143635966,-2.1892811820243105,2.094344617958611,9953,6694,9,224
9441,7.747571226083811,-1.300669367356976,-0.6873101873080323,9953,3943,10,224
9442,9.07044543907277,-1.5227547042311147,-0.4820141569975127,9953,4605,12,224
9443,12.309421451270131,-2.0665169695570236,2.8816230061449106,9953,6405,13,224
9444,11.50127372489836,-1.9308443876190748,-0.20356486868447488,9953,5832,14,224
9445,11.98364673485676,-2.0118256112031028,3.255943587389711,9953,6290,15,224
9446,24.48187723289152,-4.285981920108351,0.4338319192179935,9993,12429,1,9
9447,0.5893007397421801,-0.10316742838037465,-0.13811994736713312,9993,307,2,9
9448,25.63245291828928,-4.487410370158162,1.3637703477786303,9993,13029,3,9
9449,5.360613310253484,-0.9384693628628661,-1.0578450703675646,9993,2772,4,9
9450,32.358388338761856,-5.664903310496588,2.8740477728467755,9993,16488,5,9
9451,5.961881861858489,-1.0437319665755642,-0.9586304017665348,9993,3064,6,9
9452,37.419608952129046,-6.550958731664527,4.6644272494886145,9993,19137,7,9
9453,6.734239077762054,-1.1789466411586262,-0.8394360373746558,9993,3444,8,9
9454,12.639812197987188,-2.212820775089708,2.0323965698026796,9993,6496,9,9
9455,7.738302111823023,-1.3547254823682706,-0.6873101873080323,9993,3943,10,9
9456,12.660871335580648,-2.21650754641529,2.4984529854604776,9993,6547,11,9
9457,9.039920267061111,-1.582596565421502,-0.4809674378726537,9993,4595,12,9
9458,12.388752359270457,-2.1688683477750423,2.9036682094706094,9993,6454,13,9
9459,11.428421570941877,-2.000745603062889,-0.2025177242982379,9993,5802,14,9
9460,5.851451048090198,-1.0243991161274024,1.5917371273805025,9993,3075,15,9
9461,24.530370766970133,-4.298884273655286,0.4347045395398577,9994,12454,1,9
9462,0.5931217000585572,-0.10394304973892382,-0.13901975158450858,9994,309,2,9
9463,25.655276666958393,-4.496021134273511,1.3650264107284609,9994,13041,3,9
9464,5.3546480826022265,-0.938388280060242,-1.0567002163953052,9994,2769,4,9
9465,31.093560885221144,-5.4490664316171795,2.761791176187792,9994,15844,5,9
9466,5.961699605461511,-1.0447724953543756,-0.9586304017665348,9994,3064,6,9
9467,37.314834431836175,-6.5393285913584505,4.651509099087669,9994,19084,7,9
9468,6.716435562427021,-1.1770380272121295,-0.8372423891933631,9994,3435,8,9
9469,12.968253221410238,-2.2726529639480786,2.0852714189862773,9994,6665,9,9
9470,7.700778396466029,-1.3495415726878195,-0.6839982690836213,9994,3924,10,9
9471,12.786180253581048,-2.2407451454526255,2.5232581548594286,9994,6612,11,9
9472,8.998331069294355,-1.5769343354165355,-0.4787693277104501,9994,4574,12,9
9473,13.563100105546168,-2.376898347751572,3.1790082999875002,9994,7066,13,9
9474,11.388678639362558,-1.995836588266811,-0.20181962804074652,9994,5782,14,9
9475,5.832243640219811,-1.0220856709930515,1.5865607464784521,9994,3065,15,9
9476,24.52373998140005,-4.461140586037492,0.43508849248147796,10031,12465,1,47
9477,0.6039417550999427,-0.10986371072774909,-0.14171916423663494,10031,315,2,47
9478,13.332599344780139,-2.425347850673955,0.7101989262167477,10031,6785,3,47
9479,5.352339738503402,-0.9736500246621708,-1.0574634523768112,10031,2771,4,47
9480,31.65167089551798,-5.75779035966747,2.814607556292873,10031,16147,5,47
9481,5.917902342790542,-1.076532141739094,-0.952685892095006,10031,3045,6,47
9482,12.483835757105377,-2.270948330380619,1.5579776860914054,10031,6392,7,47
9483,6.698929387808422,-1.218609632854431,-0.8360236957593117,10031,3430,8,47
9484,12.914437132296603,-2.349279501430634,2.0790140403846684,10031,6645,9,47
9485,7.662499630307782,-1.393893758341496,-0.6813835968011915,10031,3909,10,47
9486,12.752128095849681,-2.3197536856079584,2.519441974951898,10031,6602,11,47
9487,8.98206508548121,-1.6339373655756297,-0.47845531197299246,10031,4571,12,47
9488,12.577326709382936,-2.2879553726159814,2.951357832991509,10031,6560,13,47
9489,12.56386710960455,-2.2855069219763675,-0.22290213501698503,10031,6386,14,47
9490,5.808415800184113,-1.0566153240262608,1.5819020036666067,10031,3056,15,47
9491,24.550503828222396,-4.470436032228235,0.4355771598617219,10032,12479,1,47
9492,0.5885848549760924,-0.107176250317282,-0.13811994736713312,10032,307,2,47
9493,13.298771713493315,-2.4215921867980157,0.7084195037044876,10032,6768,3,47
9494,5.3289917956504755,-0.9703636677035744,-1.0528840364877743,10032,2759,4,47
9495,31.227271438184843,-5.686218107872574,2.7769562754258845,10032,15931,5,47
9496,5.911884101897401,-1.0765033537559379,-0.9517472853047647,10032,3042,6,47
9497,12.401414110509252,-2.258191069238777,1.547740661245373,10032,6350,7,47
9498,6.686998726674594,-1.2176450741848144,-0.8345612636384498,10032,3424,8,47
9499,12.480644215116735,-2.272618191262535,2.009244268976725,10032,6422,9,47
9500,7.638734341510661,-1.390947960980442,-0.6792918589752478,10032,3897,10,47
9501,12.854092207341035,-2.340619865374153,2.5396677284618114,10032,6655,11,47
9502,8.97981482427075,-1.6351472065110715,-0.4783506400605066,10032,4570,12,47
9503,5.872428048181665,-1.0693187450222632,1.3780501589105172,10032,3063,13,47
9504,11.33977915424905,-2.064876455626536,-0.20119134140900433,10032,5764,14,47
9505,5.804430099061343,-1.0569369021080797,1.5808667274861967,10032,3054,15,47
9506,24.555683717543612,-4.639844606494171,0.4362054464934641,10070,12497,1,86
9507,0.5936056664207422,-0.11216295507825406,-0.1394696536931963,10070,310,2,86
9508,25.67188527415898,-4.850753080141033,1.3692132872278964,10070,13081,3,86
9509,5.305076875399078,-1.002404681966626,-1.0494494745709964,10070,2750,4,86
9510,30.411646812766612,-5.746340320306751,2.707754615684244,10070,15534,5,86
9511,5.889086248561935,-1.1127543986098565,-0.949244333864121,10070,3034,6,86
9512,45.083688501339005,-8.518651377821467,5.633532268246348,10070,23113,7,86
9513,6.647566755183807,-1.2560707781601508,-0.8306614446494852,10070,3408,8,86
9514,13.684264354766526,-2.5856685926827576,2.2057259570672554,10070,7050,9,86
9515,7.615637060748173,-1.4389895613488644,-0.6780716785767805,10070,3890,10,86
9516,8.888308875977833,-1.6794633972906305,-0.4740590916485852,10070,4529,12,86
9517,5.826909815865544,-1.1010060396875068,1.3690521167367624,10070,3043,13,86
9518,11.276711919259245,-2.1307568373745736,-0.20031872108714013,10070,5739,14,86
9519,5.80488566952276,-1.0968445340337998,1.582937279847017,10070,3058,15,86
9520,10.922664799323003,-2.065833431981863,0.19403585476971807,10071,5559,1,86
9521,0.5993304626825233,-0.11335300765537133,-0.1408193600192595,10071,313,2,86
9522,25.708325150840174,-4.862285765663848,1.3712020535651281,10071,13100,3,86
9523,5.293327510686061,-1.0011414923840167,-1.047159766626478,10071,2744,4,86
9524,29.893815185035116,-5.6538989297337325,2.6617363835134804,10071,15270,5,86
9525,5.8830690474965595,-1.112680920294228,-0.9483057270738796,10071,3031,6,86
9526,13.234228961425261,-2.503025876680703,1.6537669900078513,10071,6785,7,86
9527,6.620040249827168,-1.252066297045587,-0.8272491030341411,10071,3394,8,86
9528,12.435771490369666,-2.3520114339574794,2.0045512350255184,10071,6407,9,86
9529,7.576232139232869,-1.4329134812095314,-0.6745854488668742,10071,3870,10,86
9530,5.895192737848616,-1.1149739069699545,1.166224579741442,10071,3056,11,86
9531,8.848766267567813,-1.67359133720445,-0.4719656533988675,10071,4509,12,86
9532,5.81905839007089,-1.100574409791289,1.3672525083020115,10071,3039,13,86
9533,11.113256359951592,-2.101880534500705,-0.19742162161855106,10071,5656,14,86
9534,5.80849054467406,-1.0985756843221948,1.583972556027427,10071,3060,15,86
9535,10.884429870434888,-2.137413121989184,0.19361699701522328,10111,5547,1,127
9536,0.6157344805224029,-0.12091390858281066,-0.14486847899744906,10111,322,2,127
9537,13.213163965480733,-2.5947146868506357,0.7056980339798545,10111,6742,3,127
9538,5.2939151311163055,-1.039584415779141,-1.0486862385894904,10111,2748,4,127
9539,29.07159530516071,-5.708889672870567,2.592011789315354,10111,14870,5,127
9540,5.877096122361492,-1.1541056831326066,-0.94861859600396,10111,3032,6,127
9541,13.09371512109634,-2.5712581043348033,1.6384114527388027,10111,6722,7,127
9542,6.568284348160793,-1.2898367045249859,-0.8218868519243145,10111,3372,8,127
9543,13.942596440681472,-2.7379558637113592,2.2504662140687612,10111,7193,9,127
9544,7.497617215554223,-1.4723330124719989,-0.6684845468745382,10111,3835,10,127
9545,5.875706386428214,-1.153832775882962,1.1639348717969233,10111,3050,11,127
9546,8.825107881423872,-1.7330169437686758,-0.4713376219239521,10111,4503,12,127
9547,5.803584311756189,-1.1396699147479203,1.3654528998672606,10111,3035,13,127
9548,11.100273981801005,-2.1797991763282525,-0.19745652643142564,10111,5657,14,127
9549,5.810157787611304,-1.1409607709266134,1.5865607464784521,10111,3065,15,127
9550,10.935072605404095,-2.149340206859599,0.19452452214996205,10112,5573,1,127
9551,0.6310105942125399,-0.1240281148590746,-0.1484676958669509,10112,330,2,127
9552,25.702269870632502,-5.051902628721965,1.3727721322524167,10112,13115,3,127
9553,5.29373360877721,-1.0405083624342664,-1.0486862385894904,10112,2748,4,127
9554,13.211775688073603,-2.596836958938269,1.1779970189773479,10112,6758,5,127
9555,5.85169683630931,-1.1501786721029215,-0.944551299912914,10112,3019,6,127
9556,13.083527037511356,-2.5716290804836985,1.6371927593047513,10112,6717,7,127
9557,6.54663307623577,-1.286771674781258,-0.8192057263694014,10112,3361,8,127
9558,13.626177131253543,-2.6782895213261138,2.199468578465646,10112,7030,9,127
9559,7.471945350668439,-1.4686461759488108,-0.666218497563099,10112,3822,10,127
9560,5.856240964586143,-1.1510718419942394,1.1601186918893924,10112,3040,11,127
9561,8.79148933584883,-1.7280087832593776,-0.469558199411692,10112,4486,12,127
9562,5.818682539965937,-1.143689556109588,1.3690521167367624,10112,3043,13,127
9563,10.952731972611815,-2.152811238953935,-0.19483866546583312,10112,5582,14,127
9564,11.142230485673888,-2.190058067389545,3.042676694225234,10112,5878,15,127
9565,24.569936057066673,-5.003275912310393,0.4376714486341959,10151,12539,1,167
9566,0.6377899531325714,-0.1298757596360931,-0.15026730430170182,10151,334,2,167
9567,25.69664391495934,-5.232712011472883,1.374342210939705,10151,13130,3,167
9568,5.298071151404686,-1.07886775577935,-1.0509759465340087,10151,2754,4,167
9569,13.246506351526198,-2.6974399118061894,1.1827034290857212,10151,6785,5,167
9570,5.82050449834911,-1.1852529809782957,-0.9407968727519485,10151,3007,6,167
9571,13.135745742826176,-2.6748852790120896,1.6459673520299218,10151,6753,7,167
9572,6.5143806445616566,-1.326549800001701,-0.8162808621276778,10151,3349,8,167
9573,5.8998662158191175,-1.2014137299706835,0.9536244988852474,10151,3048,9,167
9574,7.442252352545006,-1.515496086043507,-0.6644753827081459,10151,3812,10,167
9575,5.834803849749606,-1.1881648160053626,1.1574473659541207,10151,3033,11,167
9576,8.726682042406985,-1.777049722708118,-0.4667320577745731,10151,4459,12,167
9577,5.827948913055712,-1.1867689173932818,1.373101235714952,10151,3052,13,167
9578,10.85552641806758,-2.2105549528829713,-0.1933726633251013,10151,5540,14,167
9579,11.132744232485262,-2.2670059428292966,3.044229608495849,10151,5881,15,167
9580,24.569062446469026,-5.007564098896369,0.4376714486341959,10152,12539,1,167
9581,0.6224914129283997,-0.12687361017715662,-0.1466680874322,10152,326,2,167
9582,25.707472389388695,-5.239590077600756,1.3749702424146204,10152,13136,3,167
9583,5.317119819871262,-1.083713242112103,-1.0547921264415399,10152,2764,4,167
9584,13.312411953444087,-2.7132804238269177,1.188630019592562,10152,6819,5,167
9585,5.826104292493215,-1.1874523399124624,-0.94173547954219,10152,3010,6,167
9586,25.229927417705746,-5.142258848091358,3.161534506616336,10152,12971,7,167
9587,6.484972477883815,-1.3217401125230583,-0.8126247818255233,10152,3334,8,167
9588,5.8899785256002835,-1.2004709203832633,0.9520601542348451,10152,3043,9,167
9589,7.440035482413171,-1.5163970809802585,-0.6643010712226506,10152,3811,10,167
9590,5.828825272869004,-1.1880069188131954,1.1563025119818615,10152,3030,11,167
9591,8.687231268003686,-1.770595337581437,-0.4646386195248553,10152,4439,12,167
9592,5.827741694041337,-1.1877860682843007,1.373101235714952,10152,3052,13,167
9593,10.545553400342635,-2.149350823850407,-0.18785770289091971,10152,5382,14,167
9594,11.151277741769588,-2.272807039266278,3.0494059893978993,10152,5891,15,167
9595,24.556834831440202,-5.174936765460573,0.4380554015758162,10190,12550,1,206
9596,0.6368911486219785,-0.13421401590324558,-0.15026730430170182,10190,334,2,206
9597,25.679974318492043,-5.411619378027716,1.3753889300645639,10190,13140,3,206
9598,5.304052287048822,-1.1177391294350458,-1.0536472724692805,10190,2761,4,206
9599,13.321418137269534,-2.807263108614001,1.1910703803894964,10190,6833,5,206
9600,5.798771494515647,-1.221992818189015,-0.9386067902413853,10190,3000,6,206
9601,6.458581927936352,-1.3610366849405928,-0.8104311336442308,10190,3325,8,206
9602,5.862557980955319,-1.235434739189094,0.9489314649340405,10190,3033,9,206
9603,7.410319089676789,-1.5615991622774505,-0.6625579563676974,10190,3801,10,206
9604,5.832344347511851,-1.2290677279843532,1.15859221992638,10190,3036,11,206
9605,8.661616908642065,-1.8252889713408553,-0.46390591613745413,10190,4432,12,206
9606,11.208521471856256,-2.362005944548735,2.644524594866477,10190,5878,13,206
9607,10.448884302780133,-2.201925285064499,-0.1863917007501879,10190,5340,14,206
9608,23.708571535539942,-4.996179651733324,6.49221692735163,10190,12542,15,206
9609,24.581367683391125,-5.1845875946787725,0.4385091641431855,10191,12563,1,206
9610,0.6368677141568921,-0.1343251723336875,-0.15026730430170182,10191,334,2,206
9611,25.71811470231095,-5.424344982001117,1.3774823683142816,10191,13160,3,206
9612,5.313462080746621,-1.1206906769165819,-1.0555553624230458,10191,2766,4,206
9613,13.880434242452138,-2.9275965482911626,1.2410977767266522,10191,7120,5,206
9614,5.788893864668234,-1.220966534663157,-0.9370424455909829,10191,2995,6,206
9615,5.906714275849449,-1.2458166670918263,0.741209346590107,10191,3041,7,206
9616,6.423381818557752,-1.3547897790439558,-0.8060438372816454,10191,3307,8,206
9617,5.848812298659792,-1.2336042517164318,0.9467413824234773,10191,3026,9,206
9618,7.398349431194643,-1.5604254074108093,-0.6615120874547255,10191,3795,10,206
9619,5.847497676714647,-1.2333269777780458,1.1616451638524048,10191,3044,11,206
9620,8.63980129930978,-1.8222666539078225,-0.46275452510010934,10191,4421,12,206
9621,11.208109053335965,-2.363962164603039,2.644524594866477,10191,5878,13,206
9622,10.38588710208072,-2.190542939787863,-0.18527474673820174,10191,5308,14,206
9623,8.993879180531673,-1.8969471116503558,2.4629220331955874,10191,4758,15,206
9624,24.53769295989437,-5.350082274887181,0.4383695448916873,10230,12559,1,246
9625,25.70791663870631,-5.605232299459499,1.378947775089084,10230,13174,3,246
9626,5.326810827078886,-1.161432585948967,-1.05975316032133,10230,2777,4,246
9627,13.673306420460017,-2.981262926338253,1.2243638741191019,10230,7024,5,246
9628,5.757288570847339,-1.255291912921283,-0.9332880184300174,10230,2983,6,246
9629,5.888399872695076,-1.2838787997651053,0.7399906531560555,10230,3036,7,246
9630,6.4023741698835455,-1.3959433195074482,-0.8045814051607837,10230,3301,8,246
9631,5.846070090880519,-1.2746494147631802,0.9476799892137185,10230,3029,9,246
9632,7.336943607447865,-1.5997124102176645,-0.6569799888318473,10230,3769,10,246
9633,13.899197426364283,-3.0305151306396167,2.7652039609968875,10230,7246,11,246
9634,8.60573192475291,-1.876353001413116,-0.4616031340627646,10230,4410,12,246
9635,11.07751807461092,-2.415289538327216,2.617530468345213,10230,5818,13,246
9636,10.292584323013257,-2.244146303376516,-0.18387855422321908,10230,5268,14,246
9637,8.873170912907137,-1.9346641308447337,2.4334166620539004,10230,4701,15,246
9638,24.544573697264212,-5.356070176213925,0.4385091641431855,10231,12563,1,246
9639,25.738159371094394,-5.616532171162755,1.380622525688858,10231,13190,3,246
9640,5.343871081415751,-1.1661293806823476,-1.0631877222381076,10231,2786,4,246
9641,5.939019039161152,-1.2960014357537326,0.5318243422462101,10231,3051,5,246
9642,5.7454896359782754,-1.2537698175804735,-0.9314108048495345,10231,2977,6,246
9643,5.868781185759481,-1.2806742650117977,0.7375532662879526,10231,3026,7,246
9644,6.402130434300082,-1.3970607233324337,-0.8045814051607837,10231,3301,8,246
9645,5.84970745268732,-1.2765120312685303,0.9483057270738796,10231,3031,9,246
9646,7.336664293214808,-1.600992924075981,-0.6569799888318473,10231,3769,10,246
9647,13.910176985795774,-3.0354523577560606,2.767493668941406,10231,7252,11,246
9648,8.585890919849534,-1.8735967818890165,-0.4605564149379057,10231,4400,12,246
9649,11.002842876396144,-2.4010194396002853,2.5999842861063915,10231,5779,13,246
9650,10.264840420713698,-2.239973947769479,-0.18338988684297516,10231,5254,14,246
9651,8.874720550423742,-1.9366246343751174,2.433934300144105,10231,4702,15,246
9652,12.740491478875379,-2.8711937579279403,0.22796333288379722,10270,6531,1,30
9653,25.714920054371355,-5.795107517488356,1.3814599009887454,10270,13198,3,30
9654,5.337724977790081,-1.2029082758053655,-1.0635693402288606,10270,2787,4,30
9655,5.9047925407820685,-1.3307024703924117,0.5295582929347711,10270,3038,5,30
9656,5.731041316483744,-1.2915459408766663,-0.9304721980592933,10270,2974,6,30
9657,6.349869130341533,-1.4310048117786793,-0.7992191540509571,10270,3279,8,30
9658,5.85051830425173,-1.318471242939327,0.9498700717242818,10270,3036,9,30
9659,7.290611198312553,-1.6430101930355285,-0.6538423820929316,10270,3751,10,30
9660,13.676603540150326,-3.0821557221119895,2.7251340719678128,10270,7141,11,30
9661,8.541764624819217,-1.9249697951711586,-0.4588816643381315,10270,4384,12,30
9662,13.828334542904678,-3.116349780380053,3.272587938594548,10270,7274,13,30
9663,10.202537197139526,-2.299241058637748,-0.18255217133398555,10270,5230,14,30
9664,8.942370159022751,-2.0152501513963257,2.456192738022922,10270,4745,15,30
9665,12.732187386296584,-2.8716574857975297,0.22782371363229897,10271,6527,1,30
9666,5.343260390673116,-1.2051357110842056,-1.06471419420112,10271,2790,4,30
9667,5.8987294948456315,-1.330417955425272,0.5290353584782851,10271,3035,5,30
9668,5.717327005353824,-1.2895038688597444,-0.92828211554873,10271,2967,6,30
9669,6.336064126757555,-1.4290557802879549,-0.7975129832432851,10271,3272,8,30
9670,10.92593330649012,-2.4642692741606846,1.773966833556218,10271,5670,9,30
9671,7.274775782275847,-1.6407757519462247,-0.652447890208969,10271,3743,10,30
9672,13.695216865126685,-3.0888621756140338,2.728950251875344,10271,7151,11,30
9673,8.529738612811885,-1.923824005743149,-0.4582536328632162,10271,4378,12,30
9674,13.882919093456307,-3.1311971250402233,3.285635099746492,10271,7303,13,30
9675,10.128009331952176,-2.284302997741807,-0.18122578844475198,10271,5192,14,30
9676,8.960863433982942,-2.0210612504102725,2.461369118924972,10271,4755,15,30
9677,11.20187452837766,-2.6026362548240587,0.20073757884163496,10308,5751,1,68
9678,5.939429025933295,-1.3799630835614356,0.319563348819415,10308,3053,3,68
9679,5.362139054558298,-1.2458359064322244,-1.0700568460716633,10308,2804,4,68
9680,5.8764302176123335,-1.3653259813397067,0.5278151780798178,10308,3028,5,68
9681,5.699259970753906,-1.3241623612168651,-0.9267177708983277,10308,2962,6,68
9682,5.866509424835279,-1.3630209907872102,0.739503175782435,10308,3034,7,68
9683,6.307367746807079,-1.4654497270757676,-0.7950755963751821,10308,3262,8,68
9684,11.186866127604054,-2.5991492127329012,1.8190199594878045,10308,5814,9,68
9685,7.242680836238187,-1.682759762998608,-0.6505304638685205,10308,3732,10,68
9686,13.701756892264696,-3.1834573001379773,2.734292903745887,10308,7165,11,68
9687,8.497682929995623,-1.9743461346204885,-0.4572069137383573,10308,4368,12,68
9688,13.856714832283172,-3.219460127311524,3.284285393420429,10308,7300,13,68
9689,10.050716843406141,-2.3351770257159,-0.18010883443276585,10308,5160,14,68
9690,8.883646424259238,-2.064020642281176,2.4437694238580008,10308,4721,15,68
9691,5.9430788091028175,-1.3819043721734143,0.3197726926443868,10309,3055,3,68
9692,5.870369979248145,-1.3649978741949778,0.5272922436233319,10309,3025,5,68
9693,5.675940203699909,-1.3197884187020994,-0.9229633437373622,10309,2950,6,68
9694,5.893340593149876,-1.3703390774335567,0.7429155173977791,10309,3048,7,68
9695,6.293577306661039,-1.463403443912804,-0.79336942556751,10309,3255,8,68
9696,11.001703757544435,-2.5581526027588493,1.7889845422000803,10309,5718,9,68
9697,7.224921465368874,-1.6799626729348438,-0.6489616604990627,10309,3723,10,68
9698,13.148563646353594,-3.0573475759510313,2.6240053044182443,10309,6876,11,68
9699,8.477884599040943,-1.9713058114342845,-0.4561601946134984,10309,4358,12,68
9700,13.911197709697927,-3.234677774717655,3.2973325545723733,10309,7329,13,68
9701,10.015249907171802,-2.328779085670485,-0.17948054780102365,10309,5142,14,68
9702,8.920919118869266,-2.0743216656135655,2.4541221856621016,10309,4741,15,68
9703,5.981609531924441,-1.4338492567245444,0.10736720440216817,10348,3076,1,108
9704,5.917996981091451,-1.418600717306611,0.3189353173444997,10348,3047,3,108
9705,0.6567542589592195,-0.1574303038393732,-0.13127658881906284,10348,344,4,108
9706,5.8628803135738865,-1.405388722720303,0.5274665551088272,10348,3026,5,108
9707,5.643773776448352,-1.3528667813056716,-0.9192089165763966,10348,2938,6,108
9708,13.783096613304936,-3.303940641540276,1.7402942238255061,10348,7140,7,108
9709,6.26995767507205,-1.502969076151655,-0.791663254759838,10348,3248,8,108
9710,11.009008683739108,-2.6389651203753584,1.7930518382911262,10348,5731,9,108
9711,7.193944019927243,-1.724457477680266,-0.6472185456441095,10348,3713,10,108
9712,8.394349508459879,-2.0122062028878154,-0.45239200576400646,10348,4322,12,108
9713,12.77835564769943,-3.0630945817890867,3.0336899188813637,10348,6743,13,108
9714,9.896102375800874,-2.372190789164892,-0.1776305927186716,10348,5089,14,108
9715,8.944165740519859,-2.144002434565388,2.4644749474662024,10348,4761,15,108
9716,5.956080360702937,-1.428828979550674,0.1069134418347988,10349,3063,1,108
9717,5.911922830456637,-1.4182358452978898,0.31862130160704205,10349,3044,3,108
9718,0.5956359096561405,-0.14288958466592588,-0.11906481311496396,10349,312,4,108
9719,5.878134303007773,-1.4101301744083883,0.5288610469927898,10349,3034,5,108
9720,5.651221079979385,-1.3556950141567996,-0.9204603922967185,10349,2942,6,108
9721,14.228424807914736,-3.4133162193444555,1.7965978604786843,10349,7371,7,108
9722,6.252322337923731,-1.499895704036995,-0.7894696065785454,10349,3239,8,108
9723,12.624005757180328,-3.0284254361109744,2.0561746084887944,10349,6572,9,108
9724,7.183955832416882,-1.7233891518478257,-0.646346988216633,10349,3708,10,108
9725,12.851990204503647,-3.08311757683017,2.569052313749799,10349,6732,11,108
9726,8.372634468494928,-2.008546231629173,-0.45124061472666166,10349,4311,12,108
9727,12.798665574425042,-3.0703253087333815,3.038638842076929,10349,6754,13,108
9728,9.97930277869,-2.3939765991035125,-0.17913149967227796,10349,5132,14,108
9729,8.943791405277786,-2.1455634533126,2.4644749474662024,10349,4761,15,108
9730,5.930686287779455,-1.465499676773947,0.10663420333180226,10388,3055,1,148
9731,5.890498685876719,-1.4555691367418202,0.31799327013212675,10388,3038,3,148
9732,0.5927435721909806,-0.14646964470969498,-0.11868319512421087,10388,311,4,148
9733,14.142959455673147,-3.4947898953320577,1.274565581941753,10388,7312,5,148
9734,5.626520741589972,-1.39033898069313,-0.9179574408560748,10388,2934,6,148
9735,14.189444638919673,-3.506276596485504,1.794647950984202,10388,7363,7,148
9736,6.220769699094487,-1.537180612991336,-0.7867884810236322,10388,3228,8,148
9737,13.623314024626842,-3.3663831352569855,2.2226208792916,10388,7104,9,148
9738,7.13144030539755,-1.762211480318558,-0.6426864470212313,10388,3687,10,148
9739,10.976238688899864,-2.7122787263123267,2.1977380087470433,10388,5759,11,148
9740,8.331623717318058,-2.058782284588413,-0.4497752079518592,10388,4297,12,148
9741,12.841792673258725,-3.1732656388583114,3.0539355137723114,10388,6788,13,148
9742,5.996690652357033,-1.4818096568100563,-0.10782096696953754,10388,3089,14,148
9743,5.938195303852095,-1.4684549309120383,0.10677382258330052,10389,3059,1,148
9744,5.8883056954136075,-1.4561177412838622,0.3178885982196408,10389,3037,3,148
9745,0.6003413820163445,-0.1484582802590836,-0.12020966708722322,10389,315,4,148
9746,12.935452955938386,-3.198805142768936,1.1657952149926756,10389,6688,5,148
9747,5.616689928487286,-1.3889499416667506,-0.9163930962056726,10389,2929,6,148
9748,14.327579703337044,-3.5430638412570064,1.812197136434543,10389,7435,7,148
9749,6.205084955581073,-1.5344540106049172,-0.7848385715291498,10389,3220,8,148
9750,12.698436567580336,-3.140193415403626,2.071818054992818,10389,6622,9,148
9751,7.105988959347733,-1.7572383514553038,-0.6404203977097922,10389,3674,10,148
9752,12.757730829261618,-3.1548562795374786,2.554550830101182,10389,6694,11,148
9753,8.304120281019586,-2.053523966387482,-0.4483098011770569,10389,4283,12,148
9754,12.858264440890709,-3.179717212896031,3.0579846327505007,10389,6797,13,148
9755,5.971196062323976,-1.4766156807732689,-0.10736720440216817,10389,3076,14,148
9756,12.911861921633518,-3.1929713214010484,3.5639382510617104,10389,6885,15,148
9757,5.912559092088938,-1.504894642863082,0.10649458408030399,10428,3051,1,188
9758,5.924711025011705,-1.5079876146999933,0.3204007241193021,10428,3061,3,188
9759,0.5974143652928994,-0.1520569458834948,-0.11982804909647014,10428,314,4,188
9760,14.106631793789418,-3.5904917455658634,1.2735197130287812,10428,7306,5,188
9761,5.586047848477778,-1.421789338765158,-0.9129515379747875,10428,2918,6,188
9762,13.318167672148073,-3.389807843000656,1.687402928787672,10428,6923,7,188
9763,6.159868970997852,-1.5678412123773076,-0.7804512751665644,10428,3202,8,188
9764,12.611680337824401,-3.2099890897137975,2.061180511370082,10428,6588,9,188
9765,7.062970038554845,-1.7977030940706171,-0.6376314139418672,10428,3658,10,188
9766,12.804454389876476,-3.259054922916943,2.568289077768293,10428,6730,11,188
9767,6.027295044719519,-1.5340978216843446,-0.3259483354810541,10428,3114,12,188
9768,14.077085812712852,-3.58297155203414,3.353570318158339,10428,7454,13,188
9769,5.94550353802978,-1.5132798309747413,-0.10708796589917163,10428,3068,14,188
9770,13.37471882842209,-3.4042015312156884,3.6980065164248166,10428,7144,15,188
9771,5.910358525905201,-1.5054329715898944,0.10645967926742943,10429,3050,1,188
9772,25.462931879890597,-6.48568729584199,1.3770636806643382,10429,13156,3,188
9773,0.6145103979995444,-0.15652252066919387,-0.12326261101324795,10429,323,4,188
9774,14.196749818791579,-3.6160674810075815,1.2817123528470609,10429,7353,5,188
9775,5.566657052268399,-1.4178884464093968,-0.9098228486739827,10429,2908,6,188
9776,13.315652165007945,-3.391642270018671,1.6871591901008616,10429,6922,7,188
9777,6.119198141706193,-1.558626706288557,-0.7753327627435482,10429,3181,8,188
9778,11.139056873160184,-2.8372396388089,1.8205843041382068,10429,5819,9,188
9779,7.041418004778035,-1.7935261938303617,-0.6357139876014187,10429,3647,10,188
9780,12.902815849018298,-3.286488344205798,2.588133213287454,10429,6782,11,188
9781,5.9883179717529265,-1.5252900952671875,-0.32385489723133637,10429,3094,12,188
9782,13.47971200394097,-3.433430105690734,3.2114012518130166,10429,7138,13,188
9783,5.951052797722909,-1.5157982477877265,-0.10719268033779533,10429,3071,14,188
9784,13.398461492095885,-3.412734711502035,3.704735811597482,10429,7157,15,188
9785,5.927056378386542,-1.552723007679328,0.10694834664767336,10468,3064,1,228
9786,25.4375162826766,-6.663917848725009,1.3781103997891968,10468,13166,3,228
9787,0.6191282547129009,-0.16219428742109623,-0.12440746498550721,10468,326,4,228
9788,13.70924324453785,-3.591438320257881,1.2398775963281852,10468,7113,5,228
9789,5.553055122702113,-1.4547451384760228,-0.9091971108138218,10468,2906,6,228
9790,14.344577432041966,-3.7578781088349276,1.8207279904729032,10468,7470,7,228
9791,6.050838485724798,-1.5851504579570093,-0.7680206021392395,10468,3151,8,228
9792,12.571765193481486,-3.2934508830123037,2.058364690999358,10468,6579,9,228
9793,7.01748272927911,-1.8383842153885763,-0.6346681186884467,10468,3641,10,228
9794,23.85542947070168,-6.249455350602423,4.793503581849558,10468,12561,11,228
9795,5.970068761466709,-1.5639910491083302,-0.32343620958139285,10468,3090,12,228
9796,13.45414416914102,-3.5246094969231168,3.210951349704329,10468,7137,13,228
9797,5.934794049898796,-1.5547500612141574,-0.10708796589917163,10468,3068,14,228
9798,13.39734699928368,-3.5097302268810506,3.7109474686799424,10468,7169,15,228
9799,5.959668886654122,-1.5623781674374604,0.107541728466541,10469,3081,1,228
9800,25.384189558750723,-6.654682385710831,1.375284258152078,10469,13139,3,228
9801,0.6172008574782761,-0.16180448326704208,-0.12402584699475412,10469,325,4,228
9802,12.453968502561985,-3.2649143528644338,1.126400819270734,10469,6462,5,228
9803,5.566176776554301,-1.4592208455171798,-0.9113871933243851,10469,2913,6,228
9804,12.442919716718468,-3.2620178191631637,1.5794266905307115,10469,6480,7,228
9805,6.000636437460681,-1.5731181612476677,-0.7616833962821717,10469,3125,8,228
9806,12.553992935791884,-3.291136613473351,2.0555488706286336,10469,6570,9,228
9807,6.02269445535534,-1.578900859285261,-0.5447233921728636,10469,3125,10,228
9808,13.656281126542412,-3.5801108897639984,2.744214971505467,10469,7191,11,228
9809,5.971727675325251,-1.565539482017823,-0.3235408814938788,10469,3091,12,228
9810,12.59583571068041,-3.3021060547618144,3.006245890251412,10469,6682,13,228
9811,5.938391263235364,-1.5568000564858824,-0.10715777552492077,10469,3070,14,228
9812,12.466119969313253,-3.2680999637961143,3.4531636997578317,10469,6671,15,228
9813,24.50342128239398,-6.597768393584411,0.44294207537825553,10507,12690,1,11
9814,25.387710353581483,-6.835871245322305,1.377901055964225,10507,13164,3,11
9815,0.6085312195464724,-0.16385254942818467,-0.12249937503174177,10507,321,4,11
9816,13.305477519689989,-3.582620485084431,1.2055382336856078,10507,6916,5,11
9817,5.539209538073933,-1.4914824013577468,-0.9085713729536609,10507,2904,6,11
9818,12.382675237193626,-3.3341476019382448,1.5745519167945055,10507,6460,7,11
9819,5.953651592372043,-1.6030746829133418,-0.7570523612327761,10507,3106,8,11
9820,12.383108926024784,-3.334264376589013,2.0311450940823574,10507,6492,9,11
9821,6.015938144024088,-1.6198459018014775,-0.5450720151438542,10507,3127,10,11
9822,12.483420812191653,-3.3612742616342555,2.5129544691090953,10507,6585,11,11
9823,5.945784793382841,-1.6009564759441406,-0.3227035061939917,10507,3083,12,11
9824,12.47392724765824,-3.358718033289685,2.9824010784909625,10507,6629,13,11
9825,5.939521187127178,-1.5992699431572615,-0.10736720440216817,10507,3076,14,11
9826,12.569153778152026,-3.3843586402025667,3.4878454518015696,10507,6738,15,11
9827,24.50033854848329,-6.601524691157777,0.442907170565381,10508,12689,1,11
9828,25.465584581498707,-6.861606628694426,1.3821926043761465,10508,13205,3,11
9829,0.6160851996864682,-0.16600185542492707,-0.12402584699475412,10508,325,4,11
9830,13.641513267428632,-3.6756547866258535,1.236042743647288,10508,7091,5,11
9831,5.538949140921876,-1.492449153080235,-0.9085713729536609,10508,2904,6,11
9832,13.509131947475002,-3.639985134527269,1.7178702646389588,10508,7048,7,11
9833,5.93612111823639,-1.5994656585741986,-0.7548587130514834,10508,3097,8,11
9834,13.566992162320009,-3.6555753532574773,2.2254366996623243,10508,7113,9,11
9835,5.988722437104122,-1.6136388874300214,-0.5426316543469197,10508,3113,10,11
9836,14.344359095469247,-3.865033969232071,2.887703336028629,10508,7567,11,11
9837,5.968647048825331,-1.6082296490578756,-0.3239595691438223,10508,3095,12,11
9838,12.50156533604514,-3.3685000752421526,2.9891496101212782,10508,6644,13,11
9839,5.981720294995761,-1.6117521863982023,-0.10813511028540863,10508,3098,14,11
9840,13.430343264152237,-3.6187558181523225,3.7269942494762986,10508,7200,15,11
9841,24.458690659680478,-6.769205759103487,0.44297698019113013,10547,12691,1,51
9842,25.435613619778433,-7.039579697745953,1.3831346515885194,10547,13214,3,51
9843,0.6262937542289315,-0.1733335339575537,-0.12631555493927266,10547,331,4,51
9844,26.75422490449402,-7.404519556003771,2.4286819274062426,10547,13933,5,51
9845,5.490585939140182,-1.5195787246841073,-0.9023139943520516,10547,2884,6,51
9846,13.53378508786745,-3.7456206153456475,1.7242074704960264,10547,7074,7,51
9847,5.9174437767562935,-1.6377162232490936,-0.7538837583042423,10547,3093,8,51
9848,13.50943059089415,-3.7388802463101336,2.2201179278509566,10547,7096,9,51
9849,5.98336071215125,-1.6559594442336718,-0.5431545888034057,10547,3116,10,51
9850,14.30258153539726,-3.9583933026741636,2.8846503921026043,10547,7559,11,51
9851,5.951787294714312,-1.6472211613009298,-0.32364555340636464,10547,3092,12,51
9852,13.674720998655406,-3.7846261448011966,3.2757372533553624,10547,7281,13,51
9853,9.424237438014146,-2.6082590940048895,-0.17068453495663274,10547,4890,14,51
9854,24.744134603483392,-6.848205441268695,6.879410218825002,10547,13290,15,51
9855,11.537869782709713,-3.1953976714453813,0.20897511468003277,10548,5987,1,51
9856,25.428610176370398,-7.042419725297277,1.3828206358510617,10548,13211,3,51
9857,0.6186953534018357,-0.1713468542136729,-0.1247890829762603,10548,327,4,51
9858,26.78365396995224,-7.417697299430293,2.4314709111741677,10548,13949,5,51
9859,5.486513204432821,-1.5194825256280204,-0.9016882564918908,10548,2882,6,51
9860,13.397302435221954,-3.710365068369123,1.7069020237324957,10548,7003,7,51
9861,5.909505529401772,-1.636629686733146,-0.7529088035570011,10548,3089,8,51
9862,13.499259241024683,-3.7386018699612396,2.218553583200554,10548,7091,9,51
9863,5.981151488737632,-1.656471939760941,-0.5429802773179104,10548,3115,10,51
9864,5.970747768306787,-1.6535906432421583,-0.3246922725312235,10548,3102,12,51
9865,13.52945062907003,-3.746963334674802,3.241094790986407,10548,7204,13,51
9866,9.394874760432579,-2.6018980538326764,-0.17016096276351425,10548,4875,14,51
9867,12.40684314707348,-3.436058687502014,3.4495402331263962,10548,6664,15,51
9868,24.480082176064197,-6.959479089926853,0.4442335534546145,10587,12727,1,91
9869,25.383927500772508,-7.216434625966109,1.3830299796760337,10587,13213,3,91
9870,0.6118494360750835,-0.17394358915639424,-0.12364422900400104,10587,324,4,91
9871,26.763206403609594,-7.608551883352508,2.4342598949420924,10587,13965,5,91
9872,5.468443056094859,-1.5546318361855511,-0.900436780771569,10587,2878,6,91
9873,12.184071302473376,-3.4638278111113037,1.5552965605364921,10587,6381,7,91
9874,5.909685109098119,-1.6800731978356815,-0.7543712356778629,10587,3095,8,91
9875,13.895317605705943,-3.950320576103174,2.2880104856784165,10587,7313,9,91
9876,5.981236461558578,-1.7004146385924224,-0.5440261462308823,10587,3121,10,91
9877,13.694852192643534,-3.8933299646980584,2.767493668941406,10587,7252,11,91
9878,7.949647468265846,-2.2600171408648873,-0.4331323738666031,10587,4138,12,91
9879,13.479264610367899,-3.832040249242683,3.2352460635734666,10587,7191,13,91
9880,9.365405839180998,-2.6625052006642447,-0.16995153388626683,10587,4869,14,91
9881,12.102576422350527,-3.440659510038131,3.371376881505435,10587,6513,15,91
9882,24.503871095070977,-6.970864691493756,0.44468731602198386,10588,12740,1,91
9883,25.399956945616214,-7.2257833201413515,1.3839720268884066,10588,13222,3,91
9884,0.59860075467802,-0.17029002678380434,-0.1209729030687294,10588,317,4,91
9885,26.773376174785195,-7.616493815396873,2.4353057638550646,10588,13971,5,91
9886,5.456771697492909,-1.5523431790843571,-0.8985595671910861,10588,2872,6,91
9887,12.210197254748373,-3.473558630351295,1.5587089021518363,10588,6395,7,91
9888,5.924666470912306,-1.68544994995779,-0.7563211451723453,10588,3103,8,91
9889,14.059927075712928,-3.9997700296741794,2.315230082595417,10588,7400,9,91
9890,5.977106884915542,-1.700368206300397,-0.5436775232598917,10588,3119,10,91
9891,13.733827409379304,-3.9070011507842555,2.775507646747221,10588,7273,11,91
9892,7.914674225982364,-2.2515676356816194,-0.4312482794418572,10588,4120,12,91
9893,13.716640594086755,-3.902111843155382,3.2923836313768082,10588,7318,13,91
9894,9.316856482301713,-2.6504606409415823,-0.16907891356440266,10588,4844,14,91
9895,13.317190243269634,-3.7884761512390965,3.709912192499532,10588,7167,15,91
9896,24.45777424419477,-7.138054718640003,0.4447222208348584,10627,12741,1,131
9897,25.42495821128656,-7.420329467403422,1.3880542314753563,10627,13261,3,131
9898,0.5955431387748874,-0.17381056303170242,-0.12059128507797631,10627,316,4,131
9899,13.481906255846443,-3.9347237244472013,1.2287216612564849,10627,7049,5,131
9900,5.440390101233667,-1.5877897083202825,-0.8976209604008448,10627,2869,6,131
9901,13.476357651126138,-3.933104352066452,1.7237199931224059,10627,7072,7,131
9902,5.913056814401076,-1.725738518730515,-0.7563211451723453,10627,3103,8,131
9903,14.163218426669312,-4.1335661664148455,2.3368180387709687,10627,7469,9,131
9904,5.997908642124337,-1.7505027095852495,-0.546640818513312,10627,3136,10,131
9905,7.889578692364392,-2.3025907366235643,-0.43072491987942774,10627,4115,12,131
9906,12.172626765952273,-3.552607651760173,2.9275130212310594,10627,6507,13,131
9907,9.248689765994067,-2.6992502656312323,-0.16817138842966395,10627,4818,14,131
9908,13.537741112496088,-3.9510192490519054,3.778758058496803,10627,7300,15,131
9909,11.593864641594097,-3.3858906453625885,0.21082506976238483,10628,6040,1,131
9910,25.440917310673242,-7.429805901184633,1.3889962786877292,10628,13270,3,131
9911,0.6105890673051994,-0.17831740106162627,-0.12364422900400104,10628,324,4,131
9912,13.46591930393663,-3.932608462482237,1.2273271693725223,10628,7041,5,131
9913,5.426839703943976,-1.5848628870088104,-0.8954308778902815,10628,2862,6,131
9914,13.496631450763457,-3.941577686624021,1.7264011186773192,10628,7083,7,131
9915,5.933715987247975,-1.732891841895694,-0.7590022707272585,10628,3114,8,131
9916,14.039245691125506,-4.100043611255497,2.3164815583157385,10628,7404,9,131
9917,6.701403386023853,-1.9570884892114413,-0.6107874451755885,10628,3504,10,131
9918,13.785367368325723,-4.025900582610483,2.7915356023588505,10628,7315,11,131
9919,7.848916011295876,-2.292209898978892,-0.42852680971722407,10628,4094,12,131
9920,12.175747737341023,-3.555824708894423,2.9284128254484347,10628,6509,13,131
9921,9.221345320897026,-2.693016334490377,-0.16768272104942,10628,4804,14,131
9922,13.236640047417866,-3.8656493842265305,3.694900687883586,10628,7138,15,131
9923,11.540501678868353,-3.4535362977689092,0.21026659275639176,10666,6024,1,170
9924,25.383428123963352,-7.596081420657242,1.3885775910377856,10666,13266,3,170
9925,0.6093930013189406,-0.1823630296345721,-0.12364422900400104,10666,324,4,170
9926,26.728290961233046,-7.998536422464999,2.4408837313909144,10666,14003,5,170
9927,5.448380971056304,-1.6304474425120015,-0.9007496497016494,10666,2879,6,170
9928,14.200470588103695,-4.249541483210884,1.8199967744124725,10666,7467,7,170
9929,5.927797887119219,-1.7739146649482154,-0.7597334867876894,10666,3117,8,170
9930,14.337247042974145,-4.2904723252764585,2.3702950142895785,10666,7576,9,170
9931,6.739812567600792,-2.016912954918511,-0.6154938552839619,10666,3531,10,170
9932,12.891295157530925,-3.8577660651708556,2.615609708621676,10666,6854,11,170
9933,7.833540987449568,-2.3442150863991222,-0.42852680971722407,10666,4094,12,170
9934,12.092154998843991,-3.6186205217770477,2.9140159579704275,10666,6477,13,170
9935,9.1822085901089,-2.747808677823105,-0.16729876810779976,10666,4793,14,170
9936,12.266824540657314,-3.670891005292641,3.430905261879015,10666,6628,15,170
9937,11.601199670267652,-3.4739066203249322,0.2113835467683779,10667,6056,1,170
9938,25.416541729489,-7.6108243189818054,1.3904616854625318,10667,13284,3,170
9939,0.5980766976903482,-0.17909032329590444,-0.1213545210594825,10667,318,4,170
9940,26.740255130476598,-8.00720201075526,2.4421039117893817,10667,14010,5,170
9941,5.4518810356727005,-1.6325316485661685,-0.9013753875618103,10667,2881,6,170
9942,14.35376350995617,-4.298144631680559,1.8397396080441064,10667,7548,7,170
9943,5.931291519283691,-1.7760881168801885,-0.76022096416131,10667,3119,8,170
9944,14.359206282084154,-4.299774435723737,2.3740494414505435,10667,7588,9,170
9945,6.722282553143367,-2.0129454305410435,-0.6139250519145042,10667,3522,10,170
9946,13.530074726994858,-4.051496181731876,2.7453598254777267,10667,7194,11,170
9947,7.789125367415666,-2.3324048330754987,-0.4261193557300486,10667,4071,12,170
9948,11.927241318554938,-3.57153775095616,2.874424572405907,10667,6389,13,170
9949,9.137668828794038,-2.7362177310022995,-0.16649595741168471,10667,4770,14,170
9950,12.299495567418235,-3.683006955549245,3.4402227475027054,10667,6646,15,170
9951,11.53140404846143,-3.5387126365483024,0.21054583125938828,10706,6032,1,210
9952,25.39660747898632,-7.793612593371664,1.3922411079747916,10706,13301,3,210
9953,0.5743214144481597,-0.17624553247868918,-0.11677510517044541,10706,306,4,210
9954,26.71179887524687,-8.197213437975474,2.4445442725863162,10706,14024,5,210
9955,5.4595270951742,-1.675398541242556,-0.9045040768626149,10706,2891,6,210
9956,13.942728050333397,-4.278690412053884,1.7907481319952372,10706,7347,7,210
9957,5.932348970374601,-1.8204962880196598,-0.761927134968982,10706,3126,8,210
9958,13.417481844072185,-4.117504889494417,2.222933748221681,10706,7105,9,210
9959,6.689378041205575,-2.0528104388312793,-0.6121819370595509,10706,3512,10,210
9960,13.821251294105386,-4.2414120953368215,2.810234883905752,10706,7364,11,210
9961,7.761612615749145,-2.3818536344677708,-0.42549132425513336,10706,4065,12,210
9962,11.980900167676207,-3.6766522656220904,2.893320460970792,10706,6431,13,210
9963,9.103538806162689,-2.7936587492113754,-0.1662167189086882,10706,4762,14,210
9964,13.064591670498757,-4.009211319059286,3.6617718501104632,10706,7074,15,210
9965,11.328156386473603,-3.478504225744715,0.2068459210946842,10707,5926,1,210
9966,25.423885952707067,-7.806839145241818,1.3938111866620801,10707,13316,3,210
9967,0.6381007167250707,-0.19593974198919506,-0.12975011685605048,10707,340,4,210
9968,26.65132461582228,-8.183745186333102,2.4391406165359615,10707,13993,5,210
9969,5.46112295491603,-1.6769312346949687,-0.9048169457926953,10707,2892,6,210
9970,13.833815430569821,-4.247909703194818,1.7768550268470502,10707,7290,7,210
9971,5.947212285240853,-1.8261932798096787,-0.7638770444634644,10707,3134,8,210
9972,13.377107542401506,-4.107669732565407,2.216363500689991,10707,7084,9,210
9973,6.6604503810141145,-2.0452052395202496,-0.6095672647771212,10707,3497,10,210
9974,13.531488728199294,-4.1550751168885185,2.751465713329776,10707,7210,11,210
9975,7.768833879660938,-2.3855533555113366,-0.4259100119050769,10707,4069,12,210
9976,11.99888720807055,-3.68446359968557,2.897819482057669,10707,6441,13,210
9977,9.076288647144223,-2.7870297104009287,-0.16572805152844425,10707,4748,14,210
9978,13.050964499719939,-4.0075219315057655,3.6581483834790283,10707,7067,15,210
9979,11.046695745317027,-3.474532925282459,0.20213377135661764,10746,5791,1,250
9980,25.351105536673355,-7.973719283146068,1.3927644675372213,10746,13306,3,250
9981,0.6742082384727368,-0.21205967622157798,-0.13738247667111225,10746,360,4,250
9982,11.278120899304254,-3.5473234081386615,1.0343643549292072,10746,5934,5,250
9983,5.464656937180644,-1.718806319225047,-0.9073198972333391,10746,2900,6,250
9984,14.569608085207317,-4.582599554439121,1.8753254563184094,10746,7694,7,250
9985,5.927069574564453,-1.8642496237840462,-0.7629020897162232,10746,3130,8,250
9986,13.550464839746898,-4.2620469798439,2.2498404762086004,10746,7191,9,250
9987,6.631170174868982,-2.0857113870906283,-0.6081727728931586,10746,3489,10,250
9988,13.478546367467464,-4.239426360463047,2.746504679449986,10746,7197,11,250
9989,7.720027028002437,-2.4281910818659154,-0.42413058939281684,10746,4052,12,250
9990,13.334285252412537,-4.194051706751887,3.2271478256170876,10746,7173,13,250
9991,9.005603628672368,-2.8325453186424605,-0.16478562158083093,10746,4721,14,250
9992,11.705750019292282,-3.681826203496073,3.288037148982424,10746,6352,15,250
9993,10.964068463575039,-3.450647066821054,0.20063286440301126,10747,5748,1,250
9994,25.45640097998789,-8.011720801018566,1.3986260946364308,10747,13362,3,250
9995,26.67336282361113,-8.394726966118926,2.4464616989267647,10747,14035,5,250
9996,5.47566243158488,-1.723318179854714,-0.9091971108138218,10747,2906,6,250
9997,26.935442486893148,-8.477209524886412,3.4671828198764456,10747,14225,7,250
9998,5.898341184300328,-1.8563450031649331,-0.7592460094140688,10747,3115,8,250
9999,13.412169713703088,-4.221121405439042,2.227001044312727,10747,7118,9,250
10000,6.611801158770439,-2.080887432499305,-0.6064296580382056,10747,3479,10,250
10001,11.812977876745165,-3.7178185813262754,2.4072462856704893,10747,6308,11,250
10002,7.677690162352283,-2.4163474650579873,-0.4218278073181273,10747,4030,12,250
10003,12.735002361653732,-4.008001107544241,3.082279346619638,10747,6851,13,250
10004,8.965052501531433,-2.8215103016804024,-0.164052620510465,10747,4700,14,250
10005,12.996870493001358,-4.090417092297583,3.6509014502161574,10747,7053,15,250
10006,10.940326841092666,-3.525196599310288,0.20063286440301126,10786,5748,1,34
10007,11.373734771545342,-3.664849480319946,0.6262520524030659,10786,5983,3,34
10008,26.619397001409478,-8.577313013409665,2.4468103218977553,10786,14037,5,34
10009,5.478846864292435,-1.7653962824584624,-0.9117000622544655,10786,2914,6,34
10010,26.94324639704389,-8.681663898420801,3.475713673914806,10786,14260,7,34
10011,5.881790044459861,-1.8952327991433346,-0.7587585320404482,10786,3113,8,34
10012,43.54310725125206,-14.030477867349186,7.245731551733413,10786,23159,9,34
10013,6.599380320930752,-2.126455032176792,-0.6066039695237009,10786,3480,10,34
10014,11.764974311446185,-3.7909148452406547,2.402666869781452,10786,6296,11,34
10015,7.645856802800496,-2.463651113128334,-0.42099043201824016,10786,4022,12,34
10016,12.744522512317113,-4.10654526805404,3.091277388793393,10786,6871,13,34
10017,8.899959691884012,-2.8677486601208955,-0.1632149050014754,10786,4676,14,34
10018,12.959533269188393,-4.175826122268636,3.6483132597651324,10786,7048,15,34
10019,10.937808191094602,-3.526492369682961,0.20059795959013668,10787,5747,1,34
10020,11.238130939644705,-3.623320350453957,0.6188203466165678,10787,5912,3,34
10021,26.57807796590851,-8.569119837366193,2.443149780702354,10787,14016,5,34
10022,5.493579261374002,-1.7712017809251062,-0.9142030136951093,10787,2922,6,34
10023,27.310148527228964,-8.805148957959846,3.5232427178428134,10787,14455,7,34
10024,5.883348496284399,-1.8968684783871985,-0.7590022707272585,10787,3114,8,34
10025,6.5667725453725145,-2.117213327397198,-0.6036406742702805,10787,3463,10,34
10026,7.63021948439341,-2.46008252481769,-0.42015305671835307,10787,4014,12,34
10027,12.921859052753486,-4.166176308408418,3.134467991227415,10787,6967,13,34
10028,8.863297850344102,-2.8576431121652246,-0.16255171355685863,10787,4657,14,34
10029,23.865675255322383,-7.694605739543811,6.718942410861438,10787,12980,15,34
10030,10.784418942976416,-3.5582550691040975,0.19822443231466613,10826,5679,1,74
10031,11.040609201599437,-3.6427835255022187,0.609295202580352,10826,5821,3,74
10032,26.466156835170214,-8.732351480074954,2.438269059108485,10826,13988,5,74
10033,5.488899523808557,-1.8110298438577244,-0.9154544894154311,10826,2926,6,74
10034,27.32498684947542,-9.015717349674306,3.5329922653152255,10826,14495,7,74
10035,5.8533345407120505,-1.9312730162634506,-0.7568086225459658,10826,3105,8,74
10036,13.589059518273814,-4.4836295929273255,2.2664225295028646,10826,7244,9,74
10037,6.533288500989617,-2.155619792729398,-0.6018975594153273,10826,3453,10,74
10038,42.853087401330974,-14.139122031405703,8.771489517459765,10826,22985,11,74
10039,7.590537368974566,-2.504452786301302,-0.41889699376852235,10826,4002,12,74
10040,12.554539983492697,-4.142296008041002,3.0521359053375603,10826,6784,13,74
10041,8.836045314609835,-2.9154007460012967,-0.16241209430536038,10826,4653,14,74
10042,29.60265715607583,-9.767221158740165,8.352608223548549,10826,16136,15,74
10043,10.819876660862219,-3.572048257910922,0.1988876237592829,10827,5698,1,74
10044,11.032386940789596,-3.6422058945454103,0.6088765149304085,10827,5817,3,74
10045,26.460848444116234,-8.735721353418665,2.437920436137494,10827,13986,5,74
10046,5.496086545696646,-1.814464895140394,-0.916705965135753,10827,2930,6,74
10047,27.180151122137875,-8.973190222840428,3.514468125117643,10827,14419,7,74
10048,5.8511123575224335,-1.9316722693457722,-0.7565648838591555,10827,3104,8,74
10049,13.39694542981756,-4.422835590816619,2.234509898634658,10827,7142,9,74
10050,6.525344364632982,-2.1542616150393945,-0.6012003134733461,10827,3449,10,74
10051,13.221517946176304,-4.364920380045583,2.7064347904209116,10827,7092,11,74
10052,7.571134376419473,-2.499516233629926,-0.41785027464366353,10827,3992,12,74
10053,12.838794388785134,-4.238568938223173,3.1214208300754707,10827,6938,13,74
10054,8.803255212312608,-2.906285665790634,-0.1618187124864927,10827,4636,14,74
10055,24.093883466433276,-7.954297184726263,6.798658676753015,10827,13134,15,74
10056,10.683531863192298,-3.607864960357063,0.19682823979968345,10866,5639,1,114
10057,11.04329299329423,-3.7293575146934312,0.6108652812676404,10866,5836,3,114
10058,26.425313284212656,-8.923917959475347,2.4401864854489332,10866,13999,5,114
10059,5.521039423353515,-1.864473746635614,-0.9229633437373622,10866,2950,6,114
10060,14.42154266923868,-4.8702038929561775,1.8689882504613418,10866,7668,7,114
10061,5.807736536594816,-1.9612923345655553,-0.7526650648701908,10866,3088,8,114
10062,43.176399829412055,-14.580816723689361,7.217886216956252,10866,23070,9,114
10063,6.510529717640507,-2.1986279764433507,-0.6012003134733461,10866,3449,10,114
10064,13.135699203601797,-4.43597019163138,2.694986250698319,10866,7062,11,114
10065,7.514207758117099,-2.5375734562795778,-0.41565216448145986,10866,3971,12,114
10066,12.853957421630648,-4.340825035885242,3.132218480683976,10866,6962,13,114
10067,8.756744861087922,-2.957182451989775,-0.16133004510624877,10866,4622,14,114
10068,12.398463722393306,-4.187003268122873,3.506480423048951,10866,6774,15,114
10069,10.646907127502958,-3.597566940604519,0.19616504835506668,10867,5620,1,114
10070,11.025612495329744,-3.7255306670846475,0.6099232340552674,10867,5827,3,114
10071,26.453956098988783,-8.938734673855068,2.4429754692168584,10867,14015,5,114
10072,5.573113923805199,-1.8831431671562446,-0.9317236737796151,10867,2978,6,114
10073,14.426334337108765,-4.874627238104072,1.8697194665217727,10867,7671,7,114
10074,5.814916669318251,-1.9648477930149644,-0.753640019617432,10867,3092,8,114
10075,6.49504551813203,-2.1946618631990926,-0.5998058215893836,10867,3441,10,114
10076,13.211182486150957,-4.464030050163213,2.7106325883191955,10867,7103,11,114
10077,7.472137247993334,-2.5248190499943837,-0.4133493824067704,10867,3949,12,114
10078,12.794121414842863,-4.323106014254675,3.117821613205969,10867,6930,13,114
10079,8.697500110741297,-2.938866516782091,-0.1602479959071372,10867,4591,14,114
10080,24.28301126481178,-8.205177099643082,6.868022180840491,10867,13268,15,114
10081,10.565470818185231,-3.650363734427996,0.19511790396882966,10906,5590,1,154
10082,11.126478548195157,-3.8441915635520143,0.6169362521918218,10906,5894,3,154
10083,26.432046076282134,-9.132255825033175,2.4466360104122598,10906,14036,5,154
10084,13.591655200481588,-4.695908595884953,1.7656430472537765,10906,7244,7,154
10085,5.786397658515353,-1.999196867712479,-0.7516901101229496,10906,3084,8,154
10086,6.45547548799481,-2.2303628503999517,-0.5975397722779444,10906,3428,10,154
10087,43.55889698544278,-15.049572385706213,8.958100714938025,10906,23474,11,154
10088,7.4981969449323325,-2.59062247886471,-0.4157568363939458,10906,3972,12,154
10089,11.626101767267555,-4.0168110815237945,2.839782110036952,10906,6312,13,154
10090,8.645163420819188,-2.986898697902264,-0.15965461408826956,10906,4574,14,154
10091,12.598999711274821,-4.352946728786289,3.571702822414786,10906,6900,15,154
10092,10.519474692583893,-3.636527382058194,0.19428018845984005,10907,5566,1,154
10093,25.358686318089664,-8.766365228652514,1.406162472335415,10907,13434,3,154
10094,26.392790848538812,-9.123849756234478,2.443149780702354,10907,14016,5,154
10095,12.9735818346806,-4.484899385560505,1.6854530192931896,10907,6915,7,154
10096,5.784172494044872,-1.9995581786960288,-0.7514463714361393,10907,3083,8,154
10097,14.121747715549583,-4.881814325416635,2.3665405871286125,10907,7564,9,154
10098,6.4419047868758055,-2.226932792243019,-0.5963195918794773,10907,3421,10,154
10099,7.458104037723109,-2.5782275583151764,-0.4135587262317421,10907,3951,12,154
10100,12.203723681039863,-4.218763448374497,2.9810513721648992,10907,6626,13,154
10101,8.612512787298742,-2.9773006252316185,-0.15906123226940194,10907,4557,14,154
10102,13.135034351690516,-4.540712676258632,3.723888420935068,10907,7194,15,154
10103,10.412159732332999,-3.6769165497242837,0.19274437669335912,10945,5522,1,193
10104,25.337653894365584,-8.947657482248776,1.4082559105851327,10945,13454,3,193
10105,26.34484998463254,-9.303335465330424,2.4443699611008207,10945,14023,5,193
10106,13.52006858000802,-4.774433469443139,1.7605245348307603,10945,7223,7,193
10107,5.714629568706145,-2.0180458787498132,-0.7441342108318305,10945,3053,8,193
10108,27.85774466133069,-9.837594218340811,4.679267718283386,10945,14956,9,193
10109,6.425114950256242,-2.2689443978770627,-0.5961452803939818,10945,3420,10,193
10110,13.771197444792092,-4.8631163078527955,2.838856233212234,10945,7439,11,193
10111,7.386225551783991,-2.608347899909298,-0.4105232407696514,10945,3922,12,193
10112,12.515418687738807,-4.419654642520966,3.064283262272129,10945,6811,13,193
10113,8.566179222018981,-3.0250329383189825,-0.158572564889158,10945,4543,14,193
10114,13.202997244174314,-4.662463919211421,3.7518408778061407,10945,7248,15,193
10115,10.354953988857794,-3.6587478814157013,0.1916972323071221,10946,5492,1,193
10116,25.35868981865001,-8.960064211709536,1.4095119735349633,10946,13466,3,193
10117,26.360132999893153,-9.313907224597296,2.4459387644702786,10946,14032,5,193
10118,13.421907067164957,-4.742403887008002,1.7478501231166252,10946,7171,7,193
10119,5.6880735709265515,-2.0097846064171407,-0.7407218692164864,10946,3039,8,193
10120,13.38415430861653,-4.729064588204233,2.248276131558198,10946,7186,9,193
10121,6.420961701370781,-2.26873823358563,-0.5957966574229913,10946,3418,10,193
10122,12.90033047797349,-4.558113619494143,2.6594957775582815,10946,6969,11,193
10123,7.351873240161119,-2.597660083359129,-0.4086391463449054,10946,3904,12,193
10124,12.216985569418016,-4.31666525196457,2.991399120664717,10946,6649,13,193
10125,8.559994739514636,-3.0245293848556596,-0.1584678504505343,10946,4540,14,193
10126,12.797811781575883,-4.521890371795132,3.636925221780621,10946,7026,15,193
10127,10.271502614655443,-3.708097071153225,0.19061518310801054,10985,5461,1,233
10128,25.32904966217856,-9.143995614956044,1.4112913960472233,10985,13483,3,233
10129,26.3448493644873,-9.510707676698114,2.450470863093157,10985,14058,5,233
10130,13.435994555848906,-4.85050473428179,1.7539435902868825,10985,7196,7,233
10131,5.653723112160991,-2.0410406247089026,-0.7380407436615731,10985,3028,8,233
10132,13.38138292611152,-4.830789485999502,2.2532820344394855,10985,7202,9,233
10133,6.399748227324238,-2.3103618378093658,-0.5952737229665053,10985,3415,10,233
10134,12.87639220133903,-4.648483673720717,2.661022249521294,10985,6973,11,233
10135,7.320871210673428,-2.6428948239623007,-0.4079064429575042,10985,3897,12,233
10136,12.049848516725119,-4.350094593653306,2.957656462513137,10985,6574,13,233
10137,8.512876915204272,-3.07321870427385,-0.15797918307029035,10985,4526,14,233
10138,12.001749411506282,-4.332730420379128,3.418999585804299,10985,6605,15,233
10139,10.253928392127875,-3.70377564700778,0.19030103979213941,10986,5452,1,233
10140,25.37253670346312,-9.164700586093758,1.4138035219468845,10986,13507,3,233
10141,26.32070231455277,-9.507183248873046,2.4483791252672136,10986,14046,5,233
10142,0.7059990342105742,-0.25501075585115396,-0.11889019343057546,10986,380,6,233
10143,13.345530339108842,-4.820479369091579,1.7422441333199885,10986,7148,7,233
10144,5.6533667972609924,-2.042027354450098,-0.7380407436615731,10986,3028,8,233
10145,13.425129003172657,-4.849230846790628,2.2607908887614165,10986,7226,9,233
10146,6.384353750938437,-2.3060638850142725,-0.5938792310825427,10986,3407,10,233
10147,13.54585687004636,-4.892838420019373,2.7995495801646655,10986,7336,11,233
10148,7.303503568746917,-2.6380658827817083,-0.4069643957451312,10986,3888,12,233
10149,12.052754778142013,-4.353521686469989,2.958556266730513,10986,6576,13,233
10150,8.470963587333815,-3.059758898408482,-0.15721127718704989,10986,4504,14,233
10151,12.03914909628928,-4.348607238935347,3.429869985698605,10986,6626,15,233
10152,10.134675398027499,-3.7388791485181323,0.18855579914841106,11025,5402,1,17
10153,25.311441076418998,-9.337883606808694,1.4139081938593705,11025,13508,3,17
10154,26.279679875652242,-9.69508575833927,2.4506451745786526,11025,14059,5,17
10155,0.66718126349137,-0.2461361628647099,-0.11263281482896623,11025,360,6,17
10156,28.72001488357012,-10.595372873433137,3.758694289301559,11025,15421,7,17
10157,5.635611506237155,-2.079086850075136,-0.7375532662879526,11025,3026,8,17
10158,13.319532613090212,-4.913835006968529,2.2485890004882787,11025,7187,9,17
10159,6.329255000992851,-2.33498544546104,-0.5902186898871411,11025,3386,10,17
10160,12.217377337567674,-4.507228459028917,2.531272132665243,11025,6633,11,17
10161,7.300368258345307,-2.693248040577929,-0.4078017710450183,11025,3896,12,17
10162,11.96616528567732,-4.414551440201841,2.9446093013611927,11025,6545,13,17
10163,8.406790162636286,-3.1014286309718164,-0.15640846649093482,11025,4481,14,17
10164,12.027394859438358,-4.43714022253742,3.4350463666006554,11025,6636,15,17
10165,10.088999260671532,-3.724028979377584,0.18771808363942147,11026,5378,1,17
10166,10.75123593980304,-3.9684723102345996,0.6006074338440234,11026,5738,3,17
10167,26.29667858455012,-9.706571541935498,2.4523882894336055,11026,14069,5,17
10168,0.6523129990327712,-0.24078032411918823,-0.11012986338832252,11026,352,6,17
10169,28.330811702193063,-10.457406236466914,3.7079966424450173,11026,15213,7,17
10170,5.638973104203023,-2.0814452168554403,-0.7380407436615731,11026,3028,8,17
10171,13.5169631106393,-4.989351375356134,2.282065976006888,11026,7294,9,17
10172,6.321370884423094,-2.3333303685283853,-0.5895214439451598,11026,3382,10,17
10173,12.207381543666395,-4.505961538538841,2.529364042711478,11026,6628,11,17
10174,7.249308443899959,-2.6758486176886835,-0.4049756294078994,11026,3869,12,17
10175,11.947112885283959,-4.409891749930749,2.9401102802743155,11026,6535,13,17
10176,8.359349331638592,-3.0855844425635026,-0.15553584616907068,11026,4456,14,17
10177,11.957751718530591,-4.41381873240875,3.4153761191728638,11026,6598,15,17
10178,10.061545853578114,-3.7919106082199026,0.18768317882654686,11065,5377,1,57
10179,25.312915878477412,-9.539718413194162,1.4176763827088625,11065,13544,3,57
10180,26.289659611997156,-9.90782536003362,2.457966256969456,11065,14101,5,57
10181,0.6321743309262597,-0.2382485342280802,-0.10700117408751793,11065,342,6,57
10182,13.309377061660035,-5.0159258630183325,1.7463876909957634,11065,7165,7,57
10183,5.613529306397296,-2.1155796173121284,-0.7365783115407114,11065,3022,8,57
10184,13.427234911837282,-5.060343136353142,2.272679908104474,11065,7264,9,57
10185,6.296020176562967,-2.3727910248091297,-0.5886498865176832,11065,3377,10,57
10186,7.219713086130998,-2.7209046242003136,-0.404347597932984,11065,3863,12,57
10187,12.000701904814576,-4.522723398688122,2.9608057772739516,11065,6581,13,57
10188,8.32505439884118,-3.137476342936646,-0.15529151247894868,11065,4449,14,57
10189,12.017817741244908,-4.529173870879296,3.441258023683116,11065,6648,15,57
10190,10.042172925792121,-3.7866112623245924,0.18733413069780122,11066,5367,1,57
10191,25.296299966093017,-9.53849879449207,1.4168390074089752,11066,13536,3,57
10192,26.314029609560993,-9.922255035141893,2.46040661776639,11066,14115,5,57
10193,0.6210426910301913,-0.23417713134568413,-0.10512396050703515,11066,336,6,57
10194,13.425519640715072,-5.0623728798298595,1.7617432282648118,11066,7228,7,57
10195,5.59830052533415,-2.1109562617331488,-0.734628402046229,11066,3014,8,57
10196,13.252607424662115,-4.997172713537366,2.2432702286769106,11066,7170,9,57
10197,6.2974702104921745,-2.3745928096853923,-0.5888241980031785,11066,3378,10,57
10198,11.87252199782114,-4.476782648671612,2.4663970742372183,11066,6463,11,57
10199,7.194943474398502,-2.713003868114248,-0.4029868630706675,11066,3850,12,57
10200,12.067378815458827,-4.550257485806962,2.9774521552953974,11066,6618,13,57
10201,8.315151198475904,-3.135401611658373,-0.15511698841457586,11066,4444,14,57
10202,12.035103222075763,-4.538087298507296,3.4464344045851663,11066,6658,15,57
10203,9.978840834127189,-3.840512804015138,0.18663603444030988,11105,5347,1,97
10204,25.253155669765878,-9.719071513781316,1.418095070358806,11105,13548,3,97
10205,26.240303595096922,-10.098990816003802,2.4598836833099043,11105,14112,5,97
10206,0.6194343230533128,-0.23839897724361037,-0.10512396050703515,11105,336,6,97
10207,13.387045167588726,-5.152213491393,1.7612557508911912,11105,7226,7,97
10208,5.59677047485269,-2.154004560960179,-0.736334572853901,11105,3021,8,97
10209,12.561980587158553,-4.8346744968391695,2.131888889568266,11105,6814,9,97
10210,6.2421130363336434,-2.402374728551925,-0.5851636568077769,11105,3357,10,97
10211,11.746498159643222,-4.520823343545781,2.4465529387180576,11105,6411,11,97
10212,7.189357943481474,-2.7669367307834762,-0.4037195664580687,11105,3857,12,97
10213,11.27591215781937,-4.339710968327416,2.789393073863926,11105,6200,13,97
10214,8.256291724364818,-3.1775628660862107,-0.15441889215708451,11105,4424,14,97
10215,12.79902878824903,-4.925906200660243,3.6747128023655895,11105,7099,15,97
10216,9.907257636130536,-3.8149482911797423,0.18530965155107634,11106,5309,1,97
10217,25.340923855144744,-9.757928753719012,1.4231193221581286,11106,13596,3,97
10218,12.507558286737188,-4.816235719842986,1.1725933629269931,11106,6727,5,97
10219,0.6083321211276346,-0.2342480302018301,-0.10324674692655238,11106,330,6,97
10220,12.350599723306273,-4.755796310135592,1.6250058249642365,11106,6667,7,97
10221,5.581574466224958,-2.149274678631849,-0.7343846633594187,11106,3013,8,97
10222,12.295682569458553,-4.734649580140021,2.08683576363668,11106,6670,9,97
10223,6.2249598846433924,-2.397020542594665,-0.5835948534383191,11106,3348,10,97
10224,11.809833080673261,-4.547565449991578,2.4599095683944157,11106,6446,11,97
10225,7.162780992594972,-2.758143586388803,-0.4022541596832663,11106,3843,12,97
10226,11.28606600353172,-4.345880544914481,2.7920924865160526,11106,6206,13,97
10227,8.24827250926671,-3.1761294871001056,-0.15427927290558624,11106,4420,14,97
10228,13.151520191197065,-5.064203568992769,3.7761698680457774,11106,7295,15,97
10229,9.860078021357142,-3.8700791732365243,0.18489079379658152,11143,5297,1,135
10230,12.687029601592673,-4.979657252712182,0.7142811308036974,11143,6824,3,135
10231,12.448376142168078,-4.885985804987386,1.1699786906445633,11143,6712,5,135
10232,0.6215172059520732,-0.2439454119281102,-0.10574969836719607,11143,338,6,135
10233,12.290065186299456,-4.823848778092136,1.6211060059752718,11143,6651,7,135
10234,5.584209441136213,-2.1918013843624173,-0.7365783115407114,11143,3022,8,135
10235,12.255657330386295,-4.81034369970667,2.0852714189862773,11143,6665,9,135
10236,6.200077688210352,-2.4335295807617445,-0.5827232960108425,11143,3343,10,135
10237,11.719911847512199,-4.600063676472005,2.447316174699564,11143,6413,11,135
10238,7.111355250013478,-2.7912058897456182,-0.4003700652585203,11143,3825,12,135
10239,11.187019883082998,-4.3909036588072885,2.774546304277231,11143,6167,13,135
10240,8.17919252894908,-3.2103318646783627,-0.1533717477708475,11143,4394,14,135
10241,9.802491826490893,-3.8474766002208662,2.8216452297076815,11143,5451,15,135
10242,9.840789233114908,-3.864490602073654,0.18454174566783585,11144,5287,1,135
10243,11.052054945649584,-4.3401562069168795,0.6222745197286021,11144,5945,3,135
10244,12.403014761001927,-4.870679865795788,1.1657952149926756,11144,6688,5,135
10245,0.6251519845949729,-0.24549798924717575,-0.106375436227357,11144,340,6,135
10246,12.23379131016733,-4.804225598774181,1.613793845370963,11144,6621,7,135
10247,5.572740460876705,-2.188422354010411,-0.7351158794198496,11144,3016,8,135
10248,12.322848825751494,-4.839198599807564,2.0968475693992548,11144,6702,9,135
10249,6.162562507597101,-2.4200462311661792,-0.5792370663009362,11144,3323,10,135
10250,7.082982227573576,-2.7814962402612804,-0.39879998657123195,11144,3810,12,135
10251,11.180811688491318,-4.390719145607926,2.7731965979511677,11144,6164,13,135
10252,8.152573641203572,-3.2015261655159075,-0.15288308039060355,11144,4380,14,135
10253,9.810811011716654,-3.8527181159329498,2.8242334201587065,11144,5456,15,135
10254,9.783871686375317,-3.921194841039644,0.18398326866184278,11184,5271,1,176
10255,11.0233397631224,-4.417950725005511,0.622379191641088,11184,5946,3,176
10256,12.305829821734322,-4.931949023707318,1.159868624485835,11184,6654,5,176
10257,0.6344244446821122,-0.2542655851651476,-0.10825264980783977,11184,346,6,176
10258,12.153888257936647,-4.87105365475715,1.6077003782007055,11184,6596,7,176
10259,5.564697170856379,-2.2302277194309568,-0.7360908341670908,11184,3020,8,176
10260,12.263094468306258,-4.914821484348285,2.092467404378128,11184,6688,9,176
10261,6.147366745934008,-2.463750909949373,-0.5794113777864316,11184,3324,10,176
10262,11.03794008856729,-4.423802265443405,2.311460169991464,11184,6057,11,176
10263,7.046706094791162,-2.824189489698276,-0.397857939358859,11184,3801,12,176
10264,10.214699688143765,-4.093862736946578,2.5405972077596113,11184,5647,13,176
10265,8.09661322253256,-3.24497285080913,-0.15225479375886136,11184,4362,14,176
10266,12.326426437923486,-4.940203766587511,3.5582442320694554,11184,6874,15,176
10267,9.69038515672286,-3.8856902624256273,0.18223802801811442,11185,5221,1,176
10268,12.183034022223577,-4.885202796517509,0.6879038088572537,11185,6572,3,176
10269,12.249491079251076,-4.9118510189756295,1.1546392799209755,11185,6624,5,176
10270,0.6600486145350634,-0.2646689922791242,-0.11263281482896623,11185,360,6,176
10271,12.119873164880568,-4.859876297686458,1.6033130818381203,11185,6578,7,176
10272,5.584575184365005,-2.2393257917737386,-0.738771959722004,11185,3031,8,176
10273,12.095390861355039,-4.850059283514952,2.0639963317408063,11185,6597,9,176
10274,6.187620342870485,-2.481137305177001,-0.5832462304673285,11185,3346,10,176
10275,11.029878953665571,-4.422805962078584,2.3099336980284515,11185,6053,11,176
10276,7.035090400842738,-2.820959314178933,-0.39722990788394363,11185,3795,12,176
10277,11.485533003175862,-4.605515985940598,2.856878390167086,11185,6350,13,176
10278,8.057069903339194,-3.2307568337846484,-0.15152179268849544,11185,4341,14,176
10279,12.372183845155835,-4.961048865917291,3.571702822414786,11185,6900,15,176
10280,9.660699221845304,-3.9483603286991564,0.1821682183923653,11223,5219,1,215
10281,11.974729659194807,-4.8941123667682955,0.6779599771710944,11223,6477,3,215
10282,12.157627671714089,-4.968863400854533,1.1490613123851254,11223,6592,5,215
10283,0.6509645510888433,-0.2660514057923127,-0.11138133910864437,11223,356,6,215
10284,12.037761193934587,-4.9198735674338545,1.5967321372942422,11223,6551,7,215
10285,5.571438244544293,-2.2770655863928324,-0.7390156984088143,11223,3032,8,215
10286,12.229356510343214,-4.998179218929739,2.092467404378128,11223,6688,9,215
10287,6.1083226408854765,-2.496492048487593,-0.5773196399604877,11223,3312,10,215
10288,10.97304346311342,-4.4847198427292465,2.3042094281671552,11223,6038,11,215
10289,7.019924118567652,-2.8690666445297537,-0.3974392517089154,11223,3797,12,215
10290,11.597243418912303,-4.739832468229383,2.8924206567534165,11223,6429,13,215
10291,8.020657161957406,-3.278069611851589,-0.15124255418549892,11223,4333,14,215
10292,12.269266834054958,-5.014490702729241,3.5515149368967895,11223,6861,15,215
10293,9.658159024625618,-3.9492895197905273,0.18213331357949072,11224,5218,1,215
10294,11.962783236286832,-4.891666656361019,0.677331945696179,11224,6471,3,215
10295,12.09959102570882,-4.947608328848744,1.1436576563347705,11224,6561,5,215
10296,0.6253202033818029,-0.2556978529171364,-0.10700117408751793,11224,342,6,215
10297,11.96340575102725,-4.8919212070402915,1.5869825898218304,11224,6511,7,215
10298,5.594927125154042,-2.287805264235553,-0.7421843013373481,11224,3045,8,215
10299,12.222998712302198,-4.998070604535254,2.0915287975878867,11224,6685,9,215
10300,6.102354321608061,-2.495295832976755,-0.5767967055040017,11224,3309,10,215
10301,10.968626162408574,-4.485148798984445,2.3034461921856493,11224,6036,11,215
10302,6.987995770849054,-2.857440884105185,-0.3956598291966554,11224,3780,12,215
10303,11.61264988557438,-4.748494653397293,2.896469775731606,11224,6438,13,215
10304,8.025637702333592,-3.2817400072464022,-0.15134726862412262,11224,4336,14,215
10305,12.041298359944584,-4.923772045619572,3.485774899440749,11224,6734,15,215
10306,9.630352643973334,-4.0166194005407565,0.18213331357949072,11264,5218,1,0
10307,11.897004700787054,-4.9619927385951055,0.6755525231839189,11264,6454,3,0
10308,11.200491771927702,-4.671491710625513,1.0617312581519718,11264,6091,5,0
10309,0.6927998572229995,-0.2889523831669015,-0.11889019343057546,11264,380,6,0
10310,11.877662950753832,-4.953925697719664,1.5801579065911424,11264,6483,7,0
10311,5.5898117634968285,-2.33139400026881,-0.74364673345821,11264,3051,8,0
10312,12.251618527733044,-5.109894776004153,2.102479210140703,11264,6720,9,0
10313,6.0700744277020755,-2.531701549298115,-0.5754022136200393,11264,3301,10,0
10314,6.966033586035679,-2.9053874433143636,-0.39555515728416946,11264,3779,12,0
10315,11.568424975081227,-4.82494898228777,2.8937703630794798,11264,6432,13,0
10316,7.961928192046946,-3.320754329998625,-0.15057936274088213,11264,4314,14,0
10317,11.953141194050328,-4.985406100104842,3.470245756734598,11264,6704,15,0
10318,9.58720570342897,-4.000588212858593,0.18133050288337568,11265,5195,1,0
10319,11.27128708662361,-4.703328546123102,0.640068744851203,11265,6115,3,0
10320,11.201514997602445,-4.674213764865748,1.0619055696374673,11265,6092,5,0
10321,11.840158325184738,-4.9407094516780905,1.5752831328549364,11265,6463,7,0
10322,5.600396719803458,-2.336956335104429,-0.7451091655790717,11265,3057,8,0
10323,12.092123340720196,-5.045850438779615,2.075259613223703,11265,6633,9,0
10324,6.042051589317405,-2.521251876452536,-0.5727875413376095,11265,3286,10,0
10325,11.858475792341972,-4.948353038919829,2.4976897494789716,11265,6545,11,0
10326,6.93234844362901,-2.8927585710497117,-0.3936710628594235,11265,3761,12,0
10327,11.572978014174032,-4.829219364159155,2.895120069405543,11265,6435,13,0
10328,7.909675388815508,-3.300581536152441,-0.1496020279803943,11265,4286,14,0
10329,12.014670876783244,-5.013530759420674,3.4883630898917746,11265,6739,15,0
10330,9.54503120864049,-4.059492045286621,0.18105126438037916,11304,5187,1,40
10331,11.261066977422589,-4.789320308864446,0.6413248078010336,11304,6127,3,40
10332,11.856986949927855,-5.042764465843489,1.127272376698211,11304,6467,5,40
10333,11.756931833293867,-5.000211126709489,1.5687021883110583,11304,6436,7,40
10334,5.600800652715818,-2.3820148095853475,-0.7473028137603643,11304,3066,8,40
10335,12.09203575069016,-5.142730481259446,2.0812041228952314,11304,6652,9,40
10336,6.015582833263227,-2.5584212482499598,-0.5719159839101329,11304,3281,10,40
10337,11.811872423161894,-5.023577303588064,2.4950184235437,11304,6538,11,40
10338,6.921687324461151,-2.943786564906725,-0.39419442242185293,11304,3766,12,40
10339,11.599017374216096,-4.93305026820107,2.9099668389922377,11304,6468,13,40
10340,7.875984880081221,-3.3496483427466237,-0.14939259910314687,11304,4280,14,40
10341,13.251359048071826,-5.6357894981200785,3.858474324388379,11304,7454,15,40
10342,9.52224198711392,-4.051762514328951,0.18063240662588434,11305,5175,1,40
10343,11.42195774718614,-4.860101255872892,0.6505359360997918,11305,6215,3,40
10344,11.25477635202206,-4.7889647198621805,1.070098209455747,11305,6139,5,40
10345,11.712220323969516,-4.98360946218764,1.5628524598276112,11305,6412,7,40
10346,5.633263798989705,-2.3969824674651714,-0.7516901101229496,11305,3084,8,40
10347,12.071143625439738,-5.136333156920901,2.0777625646643463,11305,6641,9,40
10348,6.015136212898579,-2.559471126546313,-0.5719159839101329,11305,3281,10,40
10349,12.020551210603244,-5.114805826464346,2.5392861104710582,11305,6654,11,40
10350,6.880741722520501,-2.927790684149334,-0.3918916403471634,11305,3744,12,40
10351,11.596363058275454,-4.934311604940668,2.9095169368835503,11305,6467,13,40
10352,7.864359855637662,-3.3463252147327416,-0.14918317022589947,11305,4274,14,40
10353,11.726955365726704,-4.989879297581409,3.4148584810826588,11305,6597,15,40
10354,9.451124925260977,-4.0957435852549215,0.17979469111689472,11343,5151,1,79
10355,11.40413399021176,-4.942100438325086,0.6513733113996789,11343,6223,3,79
10356,11.200830118132926,-4.853996584391384,1.0680064716298032,11343,6127,5,79
10357,11.62973223206889,-5.039865789988302,1.5562715152837332,11343,6385,7,79
10358,5.637278192365422,-2.4429733155855597,-0.7543712356778629,11343,3095,8,79
10359,12.038625439469794,-5.217063927195268,2.078075433594427,11343,6642,9,79
10360,5.98340410913156,-2.592970592575975,-0.5705214920261704,11343,3273,10,79
10361,12.937491613903982,-5.60659696131076,2.7407804095886896,11343,7182,11,79
10362,6.883163629637694,-2.9828907675315803,-0.39314770329699406,11343,3756,12,79
10363,11.54371400438849,-5.002588893637546,2.9045680136879852,11343,6456,13,79
10364,7.8126363680375155,-3.3856874754446626,-0.14862469321990637,11343,4258,14,79
10365,11.509256923261816,-4.987656558057687,3.3610241197013346,11343,6493,15,79
10366,9.399039044565555,-4.0751202916966704,0.17881735635640686,11344,5123,1,79
10367,11.212697545117537,-4.861464142675871,0.6404874325011466,11344,6119,3,79
10368,11.170735217699749,-4.84327063043103,1.065217487861878,11344,6111,5,79
10369,11.579677958551041,-5.020575017984213,1.5496905707398554,11344,6358,7,79
10370,5.647779388088515,-2.4486950504512492,-0.7558336677987246,11344,3101,8,79
10371,12.037714706687499,-5.219164984237504,2.078075433594427,11344,6642,9,79
10372,5.981123487532905,-2.5932223044952267,-0.5703471805406751,11344,3272,10,79
10373,12.082724645831599,-5.238679842667654,2.559893481971725,11344,6708,11,79
10374,6.809345330553485,-2.952312592610482,-0.38896082679755856,11344,3716,12,79
10375,11.517809768795118,-4.993750965622107,2.898269384166357,11344,6442,13,79
10376,7.808375985491119,-3.3854600744604784,-0.14855488359415725,11344,4256,14,79
10377,11.499524089030652,-4.985822884431858,3.358435929250309,11344,6488,15,79
10378,9.357170434904704,-4.13090614667275,0.17853811785341034,11382,5115,1,118
10379,11.037692582849665,-4.872805561550323,0.6323230233272473,11382,6041,3,118
10380,11.172998812939184,-4.9325391467669535,1.068529406086289,11382,6130,5,118
10381,11.495277822519775,-5.074815527311862,1.542865887509167,11382,6330,7,118
10382,5.633230932931491,-2.486900120967045,-0.7560774064855349,11382,3102,8,118
10383,11.999221175162825,-5.2972911899590445,2.0774496957342663,11382,6640,9,118
10384,5.940098390109102,-2.6223727698716965,-0.5680811312292359,11382,3259,10,118
10385,12.660158389852329,-5.589074867697885,2.690025216818529,11382,7049,11,118
10386,6.789615235535401,-2.997408618891078,-0.38896082679755856,11382,3716,12,118
10387,11.470174934317958,-5.063733365680466,2.894670167296855,11382,6434,13,118
10388,7.752822737659068,-3.4226354349167374,-0.14792659696241506,11382,4238,14,118
10389,6.920723737007533,-3.055289034597944,2.0270707612429426,11382,3916,15,118
10390,9.310718866955648,-4.112341079178984,0.17766549753154615,11383,5090,1,118
10391,11.055111842050433,-4.882801340327335,0.6333697424521062,11383,6051,3,118
10392,11.549402436577168,-5.101118695406999,1.1046118835838195,11383,6337,5,118
10393,11.459890590670183,-5.06158326895321,1.5382348524597715,11383,6311,7,118
10394,5.6564029773312665,-2.4983095995546267,-0.7592460094140688,11383,3115,8,118
10395,11.991068551259813,-5.296192967613512,2.076198220013944,11383,6636,9,118
10396,5.939640609248064,-2.623409472673411,-0.5680811312292359,11383,3259,10,118
10397,6.7434172548352596,-2.978420054065145,-0.38634402898541137,11383,3691,12,118
10398,12.601246172987715,-5.565695090412311,3.1803580063135635,11383,7069,13,118
10399,7.748566821301401,-3.4223726544994455,-0.1478567873366659,11383,4236,14,118
10400,6.849504066592351,-3.025276280762758,2.0063652376347405,11383,3876,15,118
10401,9.25370259515842,-4.166546413835528,0.17714192533842765,11424,5075,1,160
10402,11.019888502739203,-4.96178437223369,0.6333697424521062,11424,6051,3,160
10403,10.150058342430299,-4.57013706156939,0.9738782694623322,11424,5587,5,160
10404,11.381745858083615,-5.124713259425191,1.5326288626631348,11424,6288,7,160
10405,5.663721817739127,-2.5501316457922107,-0.7626583510294129,11424,3129,8,160
10406,11.969074040956293,-5.389162014821009,2.0790140403846684,11424,6645,9,160
10407,5.927982883721151,-2.6691170989620407,-0.5687783771712172,11424,3263,10,160
10408,12.846199069032725,-5.784093892373389,2.7384907016441713,11424,7176,11,160
10409,6.731037498946305,-3.030698238270652,-0.3868673885478408,11424,3696,12,160
10410,12.56287353148061,-5.656524523215856,3.1808079084222514,11424,7070,13,160
10411,7.698351203302238,-3.466238218564256,-0.147368119956422,11424,4222,14,160
10412,6.762503944262766,-3.044866232491479,1.9872126282971543,11424,3839,15,160
10413,9.234742791130545,-4.1599483001872,0.17679287720968198,11425,5065,1,160
10414,10.873340339298922,-4.898082673755331,0.6249959894532352,11425,5971,3,160
10415,11.277359850506329,-5.0800801930044805,1.0821257019549237,11425,6208,5,160
10416,11.324743367269244,-5.101424910932531,1.5250729633720157,11425,6257,7,160
10417,5.681375967693488,-2.559273261214194,-0.765095737897516,11425,3139,8,160
10418,11.950122537654059,-5.383137685793291,2.0758853510838637,11425,6635,9,160
10419,5.942049624839917,-2.676698181591117,-0.5701728690551797,11425,3271,10,160
10420,12.850559420993253,-5.788754925709312,2.7396355556164305,11425,7179,11,160
10421,6.714119214703588,-3.024490172188228,-0.3859253413354678,11425,3687,12,160
10422,11.462054762232087,-5.163279184190756,2.9023185031445466,11425,6451,13,160
10423,7.692276374290181,-3.4651178437294767,-0.1472634055177983,11425,4219,14,160
10424,6.78310907998395,-3.0555678404345836,1.9934242853796147,11425,3851,15,160
10425,9.193143413764963,-4.212831958350636,0.17651363870668546,11462,5057,1,198
10426,10.683518394591266,-4.8958082882695315,0.615889533066963,11462,5884,3,198
10427,11.371107601046853,-5.210901576038307,1.094327505939596,11462,6278,5,198
10428,11.248252802524545,-5.154602375845633,1.5192232348885686,11462,6233,7,198
10429,5.682776845042482,-2.6041782258202946,-0.7675331247656189,11462,3149,8,198
10430,11.92947719425984,-5.4667789360430215,2.078388302524507,11462,6643,9,198
10431,5.935508061266413,-2.7199943397065196,-0.5712187379681516,11462,3277,10,198
10432,12.76829017636166,-5.851171736092979,2.730095105847603,11462,7154,11,198
10433,6.659949944146969,-3.051975663047696,-0.3839365749982359,11462,3668,12,198
10434,11.478077281874928,-5.259921293199721,2.914915762187803,11462,6479,13,198
10435,7.638835005861255,-3.5005576209193925,-0.14667002369893062,11462,4202,14,198
10436,6.752698415695797,-3.0944783966006213,1.9903184568383845,11462,3845,15,198
10437,9.156052812965635,-4.197768666948835,0.1758155424491941,11463,5037,1,198
10438,10.513818114991698,-4.820262306767546,0.6061550452057755,11463,5791,3,198
10439,11.317675535891182,-5.188806215706968,1.0892724728602319,11463,6249,5,198
10440,11.205849835837391,-5.137537570862468,1.5136172450919316,11463,6210,7,198
10441,5.72923884521477,-2.6266798369546436,-0.7738703306226865,11463,3175,8,198
10442,11.948275062650307,-5.477916707847612,2.0818298607553922,11463,6654,9,198
10443,5.880699706359203,-2.696119984381585,-0.5659893934032921,11463,3247,10,198
10444,11.896367563973294,-5.454118715855092,2.5438655263600953,11463,6666,11,198
10445,6.655786083501911,-3.0514732544655194,-0.3837272311732641,11463,3666,12,198
10446,11.971390808223587,-5.488514566385875,3.0404384505116795,11463,6758,13,198
10447,7.630952890377157,-3.4985572491267036,-0.14653040444743237,11463,4198,14,198
10448,6.736353432799743,-3.088410906679871,1.9856597140265393,11463,3836,15,198
10449,9.069282198298199,-4.232930522797349,0.17469858843720795,11502,5005,1,238
10450,10.574875828124755,-4.935640295332375,0.6115979846550416,11502,5843,3,238
10451,11.242375211187852,-5.247184081349571,1.0854376201793348,11502,6227,5,238
10452,11.131046544971628,-5.195223352927492,1.508254993982105,11502,6188,7,238
10453,5.747203250029793,-2.682407662023811,-0.7787451043588924,11502,3195,8,238
10454,11.917871590802083,-5.562460327119576,2.0830813364757144,11502,6658,9,238
10455,5.8315195009052125,-2.721760813033421,-0.5630260981498717,11502,3230,10,238
10456,11.70063420407071,-5.461068536139634,2.5099015251830705,11502,6577,11,238
10457,6.652959702924285,-3.105153812363822,-0.38477395029812306,11502,3676,12,238
10458,6.791538964029316,-3.1698332843807204,1.7303235100130097,11502,3846,13,238
10459,7.565285350228767,-3.530966020515272,-0.1457275937513173,11502,4175,14,238
10460,6.692418021834073,-3.123570299891672,1.9789304188538734,11502,3823,15,238
10461,9.014186371678782,-4.209131648287987,0.17365144405097097,11503,4975,1,238
10462,10.450955366936185,-4.880024128192481,0.6044802946060013,11503,5775,3,238
10463,11.190911480476743,-5.225543132063231,1.0805568985854659,11503,6199,5,238
10464,11.07258235471644,-5.170289907022668,1.5004553560041756,11503,6156,7,238
10465,5.710761692044299,-2.6666131343075006,-0.7738703306226865,11503,3175,8,238
10466,11.907951267280243,-5.560361465662228,2.0815169918253122,11503,6653,9,238
10467,5.829239098315761,-2.72193559823071,-0.5628517866643764,11503,3229,10,238
10468,11.295875573810198,-5.274555618489271,2.4232742412821193,11503,6350,11,238
10469,6.5926979050646795,-3.0784290734208155,-0.3813197771860887,11503,3643,12,238
10470,6.764499716960189,-3.1586511160839885,1.7235749783826937,11503,3831,13,238
10471,7.548361894354534,-3.524671848596534,-0.14541345043544623,11503,4166,14,238
10472,6.6953736029867175,-3.126373004443979,1.9799656950342837,11503,3825,15,238
10473,8.962910305905895,-4.261655232340006,0.17323258629647614,11543,4963,1,23
10474,10.247079861101554,-4.872247965874919,0.5946411348323277,11543,5681,3,23
10475,11.105575494635637,-5.2804426575233245,1.0758504884770923,11543,6172,5,23
10476,10.993191195406423,-5.227006539064407,1.4946056275207287,11543,6132,7,23
10477,0.6973828074059195,-0.3315892928401915,-0.09481434916920474,11543,389,8,23
10478,11.497774163824472,-5.466923996019377,2.0164402543685758,11543,6445,9,23
10479,5.80289711117951,-2.759142509804395,-0.5621545407223952,11543,3225,10,23
10480,11.28359975659765,-5.365089050444825,2.4286168931526624,11543,6364,11,23
10481,6.576457168381669,-3.1269523118429774,-0.3816337929235464,11543,3646,12,23
10482,6.700045237393869,-3.1857155620579873,1.712777327774188,11543,3807,13,23
10483,7.519959402335712,-3.5755656634019313,-0.14534364080969708,11543,4164,14,23
10484,6.654192985409947,-3.16391388348344,1.9742716760420282,11543,3814,15,23
10485,8.911604077603961,-4.23916747632725,0.17225525153598828,11544,4935,1,23
10486,10.487911212226047,-4.989002172707655,0.6086671711054368,11544,5815,3,23
10487,11.065071345349093,-5.2635518995202215,1.0720156357961954,11544,6150,5,23
10488,10.943878298669738,-5.2059014903047505,1.4880246829768509,11544,6105,7,23
10489,0.6471318699131491,-0.30783463357903595,-0.08798966593851648,11544,361,8,23
10490,11.851803095989379,-5.637792902696049,2.078701171454588,11544,6644,9,23
10491,5.786222674250842,-2.7524525055052083,-0.5605857373529374,11544,3216,10,23
10492,11.321666749774781,-5.385611955548751,2.43701248894923,11544,6386,11,23
10493,6.52901781397391,-3.1057932700260893,-0.3789123231989133,11544,3620,12,23
10494,6.678371742090611,-3.1768395495758273,1.7073785024699353,11544,3795,13,23
10495,7.490442495218081,-3.5631340814195402,-0.14478516380370401,11544,4148,14,23
10496,6.664107862042059,-3.1700543540193937,1.9773775045832587,11544,3820,15,23
10497,8.835437396056603,-4.273119930159222,0.17131282158837496,11581,4908,1,61
10498,10.455475182526026,-5.056625651795957,0.6086671711054368,11581,5815,3,61
10499,11.000358547438347,-5.320149896476615,1.069052340542775,11581,6133,5,61
10500,10.86892960063846,-5.256586359461335,1.482418693180214,11581,6082,7,61
10501,0.6665752615978535,-0.32237861099623116,-0.09091453018024001,11581,373,8,61
10502,22.357021762369428,-10.812620925187328,3.9333881889715654,11581,12572,9,61
10503,5.768327586590856,-2.7897606501008956,-0.5605857373529374,11581,3216,10,61
10504,11.300791403818595,-5.4654495085644195,2.440065432875255,11581,6394,11,61
10505,6.51242151523805,-3.1496299416689517,-0.37912166702388506,11581,3622,12,61
10506,6.612104678522917,-3.197840131231722,1.6956810476440545,11581,3769,13,61
10507,7.467276756080437,-3.61143061742063,-0.14478516380370401,11581,4148,14,61
10508,6.648715139876023,-3.215546203387256,1.9789304188538734,11581,3823,15,61
10509,8.834691461367843,-4.274661939802205,0.17131282158837496,11582,4908,1,61
10510,10.443805277878623,-5.0532310181142535,0.6080391396305214,11582,5809,3,61
10511,10.13497114263528,-4.903801744957493,0.9850342045340326,11582,5651,5,61
10512,10.821552219261324,-5.2360037250351725,1.4760814873231463,11582,6056,7,61
10513,0.6665189857636185,-0.3224949454158057,-0.09091453018024001,11582,373,8,61
10514,10.713465155711525,-5.183705842447909,1.885035303734782,11582,6025,9,61
10515,5.758873179791521,-2.7864284910738824,-0.5597141799254607,11582,3211,10,61
10516,11.444752354447974,-5.53753886187735,2.471358108117008,11582,6476,11,61
10517,6.490297306445485,-3.1403277630215967,-0.3778656040740544,11582,3610,12,61
10518,6.601021302517133,-3.1939015243577966,1.692981634991928,11582,3763,13,61
10519,7.421644844176777,-3.590959897678177,-0.14391254348183985,11582,4123,14,61
10520,6.611635057119241,-3.1990369852886533,1.9680600189595678,11582,3802,15,61
10521,8.737506795058614,-4.3050704696967435,0.17002134351201598,11623,4871,1,103
10522,10.407378031049928,-5.127835305808552,0.6080391396305214,11623,5809,3,103
10523,10.112131677833881,-4.982364019052599,0.9862543849324998,11623,5658,5,103
10524,10.762439239579344,-5.302778062321117,1.4731566230814228,11623,6044,7,103
10525,0.6535101258976869,-0.3219919835989163,-0.08945209805937825,11623,367,8,103
10526,10.704448816344474,-5.274205511312076,1.8900412066160694,11623,6041,9,103
10527,5.719127141935034,-2.8178799683577798,-0.5577967535850122,11623,3200,10,103
10528,6.492741949479246,-3.199048915174762,-0.3793310108488569,11623,3624,12,103
10529,6.584989702343608,-3.2445004479823636,1.694781243426679,11623,3767,13,103
10530,7.39396489616744,-3.643091865343867,-0.14387763866896527,11623,4122,14,103
10531,6.4672695197204675,-3.1864983549614116,1.931825352645215,11623,3732,15,103
10532,8.711644512704508,-4.294217572036734,0.16953267613177203,11624,4857,1,103
10533,10.406482896445178,-5.129651657829347,0.6080391396305214,11624,5809,3,103
10534,10.263163185870603,-5.059005292648694,1.0010708611996018,11624,5743,5,103
10535,10.711658771481744,-5.280081533983335,1.4663319398507344,11624,6016,7,103
10536,0.6463318041967874,-0.3185953452187418,-0.08847714331213706,11624,363,8,103
10537,11.038400969186117,-5.441142064502209,1.9491734344012768,11624,6230,9,103
10538,5.727570609562124,-2.823282598457089,-0.5586683110124888,11624,3205,10,103
10539,6.661639238886332,-3.2837116156974915,1.443660859018938,11624,3783,11,103
10540,6.4276916220425715,-3.1683921756398172,-0.3755628219993649,11624,3588,12,103
10541,6.545969039146697,-3.2266944814975633,1.684883397035549,11624,3745,13,103
10542,7.393328944074115,-3.644382300172003,-0.14387763866896527,11624,4122,14,103
10543,6.348884627508438,-3.1295459646592896,1.896625962511272,11624,3664,15,103
10544,8.673004933093807,-4.345010824896721,0.16932324725452463,11661,4851,1,141
10545,10.328497757457985,-5.174381302359978,0.6054223418183742,11661,5784,3,141
10546,10.03076884379939,-5.025224768642906,0.9815479748241263,11661,5631,5,141
10547,10.624093674967627,-5.322469245498795,1.4590197792464255,11661,5986,7,141
10548,0.6336120016644576,-0.31742758447094394,-0.0870147111912753,11661,357,8,141
10549,10.990670730298753,-5.506117391194515,1.9469833518907134,11661,6223,9,141
10550,5.712782042632683,-2.861995353052353,-0.5590169339834794,11661,3207,10,141
10551,6.613965718762553,-3.313471266903554,1.4379365891576417,11661,3768,11,141
10552,6.410668559694702,-3.2116232495629875,-0.37577216582433665,11661,3590,12,141
10553,6.519768644477644,-3.2662803209051496,1.6835336907094858,11661,3742,13,141
10554,7.369640555393254,-3.692050014476249,-0.14387763866896527,11661,4122,14,141
10555,6.238727099619909,-3.125483842167651,1.86970878182061,11661,3612,15,141
10556,8.649006048707376,-4.334876407299838,0.16886948468715526,11662,4838,1,141
10557,10.279384774881537,-5.152021202349692,0.6025962001812553,11662,5757,3,141
10558,10.735243618705546,-5.380497368977765,1.0505753230802715,11662,6027,5,141
10559,10.587671200619713,-5.306534165584692,1.4541450055102196,11662,5966,7,141
10560,0.6371059270905928,-0.31931709109032924,-0.08750218856489589,11662,359,8,141
10561,10.7513019165084,-5.38854577776543,1.9047460463298511,11662,6088,9,141
10562,5.726531978453347,-2.8701342361479196,-0.560411425867442,11662,3215,10,141
10563,6.613387308196253,-3.314625571214705,1.4379365891576417,11662,3768,11,141
10564,6.39046692883464,-3.2028980168854524,-0.37462077478699196,11662,3579,12,141
10565,6.475644232865499,-3.2455888282459044,1.6722861379922924,11662,3717,13,141
10566,7.352906547815923,-3.6852721503150545,-0.14356349535309418,11662,4113,14,141
10567,6.229546148306479,-3.122244622607846,1.8671205913695847,11662,3607,15,141
10568,8.592575597935241,-4.38002514233816,0.16834591249403677,11701,4823,1,181
10569,10.254754692343203,-5.227313145986939,0.6032242316561706,11701,5763,3,181
10570,10.641568954580285,-5.424489903375087,1.0449973555444214,11701,5995,5,181
10571,10.50355430494073,-5.354137582520615,1.4475640609663418,11701,5939,7,181
10572,0.6384548078941915,-0.3254493462350466,-0.08798966593851648,11701,361,8,181
10573,10.784771145244076,-5.49748654895549,1.9172608035330696,11701,6128,9,181
10574,5.710413232174274,-2.910856383512536,-0.5607600488384327,11701,3217,10,181
10575,6.573181167060266,-3.350648294998526,1.4341204092501108,11701,3758,11,181
10576,6.36495879481375,-3.2445079165704107,-0.3744114309620201,11701,3577,12,181
10577,6.442985251496074,-3.284281537196834,1.6695867253401662,11701,3711,13,181
10578,7.350812132921585,-3.747042035514669,-0.14401725792046355,11701,4126,14,181
10579,6.18233246343726,-3.1514150000211263,1.8593560200165091,11701,3592,15,181
10580,8.56687106359399,-4.368806258581259,0.16785724511379282,11702,4809,1,181
10581,10.20580233336479,-5.204604198763557,0.6003980900190515,11702,5736,3,181
10582,10.390358869822283,-5.298721612875696,1.0204194360895817,11702,5854,5,181
10583,10.469019777118056,-5.338835939512391,1.4429330259169462,11702,5920,7,181
10584,0.6454716585554207,-0.3291680942435849,-0.08896462068575765,11702,365,8,181
10585,11.22199181832039,-5.722825489690284,1.9951651671231045,11702,6377,9,181
10586,5.722329517647257,-2.9181890126257684,-0.5619802292368999,11702,3224,10,181
10587,6.560353539952754,-3.3455521147796317,1.431449083314839,11702,3751,11,181
10588,6.3501583904775,-3.23835989982342,-0.37357405566213303,11702,3569,12,181
10589,6.4198435319602,-3.2738968981019987,1.6637379979272255,11702,3698,13,181
10590,7.339469490955966,-3.7428741495851083,-0.14380782904321615,11702,4120,14,181
10591,6.190387274478447,-3.156882188026934,1.861944210467534,11702,3597,15,181
10592,8.473028122773618,-4.3938769494407115,0.16660067185030838,11741,4773,1,221
10593,10.134678823966835,-5.255562831772575,0.5983046517693339,11741,5716,3,221
10594,10.244390928656312,-5.312456480759061,1.0096121239888722,11741,5792,5,221
10595,10.390143563810524,-5.38803974740762,1.437083297433499,11741,5896,7,221
10596,0.6537895627838711,-0.33903710079515387,-0.09042705280661943,11741,371,8,221
10597,11.924555616039932,-6.183743201892065,2.12750872454714,11741,6800,9,221
10598,5.734170474914324,-2.973581476281229,-0.5651178359758156,11741,3242,10,221
10599,6.504315142723414,-3.372957101451858,1.4241983414905306,11741,3732,11,221
10600,6.299600045758251,-3.2667975404632537,-0.37189930506235885,11741,3553,12,221
10601,6.373190763361443,-3.304959641790449,1.6574393684055975,11741,3684,13,221
10602,7.313822724874775,-3.7927452402463295,-0.14380782904321615,11741,4120,14,221
10603,6.173900735345943,-3.2016133708159518,1.8634971247381493,11741,3600,15,221
10604,8.431435220670975,-4.374175486747838,0.16579786115419337,11742,4750,1,221
10605,10.071710727478674,-5.22514008833795,0.5946411348323277,11742,5681,3,221
10606,10.471607013468901,-5.432603762746724,1.032098305617768,11742,5921,5,221
10607,10.346913179343282,-5.3679133869915185,1.431233568950052,11742,5872,7,221
10608,0.6466820737089551,-0.3354945866869699,-0.08945209805937825,11742,367,8,221
10609,6.671886296742449,-3.461332587603888,1.1904662789561569,11742,3805,9,221
10610,5.756642599027407,-2.9865099219288274,-0.5673838852872547,11742,3255,10,221
10611,6.500240967693642,-3.372284072008425,1.4234351055090242,11742,3730,11,221
10612,6.304348415228686,-3.270656249626782,-0.3722133207998165,11742,3556,12,221
10613,6.33109844239889,-3.2845339952365546,1.6466417177970918,11742,3660,13,221
10614,7.316710732548581,-3.7958634434472813,-0.14387763866896527,11742,4122,14,221
10615,6.17162703718616,-3.2018012346492957,1.8629794866479443,11742,3599,15,221
10616,8.389857120366477,-4.4234698517544055,0.1655535274640714,11780,4743,1,4
10617,10.026234605755777,-5.286233826022547,0.5940131033574124,11780,5675,3,4
10618,10.398335554996692,-5.482420400735573,1.0284377644223663,11780,5900,5,4
10619,10.275965030119913,-5.417901742101711,1.4263587952138461,11780,5852,7,4
10620,0.6514666825315255,-0.34347941666434295,-0.09042705280661943,11780,371,8,4
10621,6.601604024161417,-3.480630951772754,1.1820188178439845,11780,3778,9,4
10622,5.756095580104947,-3.0348449201359964,-0.5693013116277031,11780,3266,10,4
10623,6.470785705139155,-3.4116582765590806,1.4219086335460118,11780,3726,11,4
10624,6.266617470769294,-3.304012578132507,-0.37127127358744355,11780,3547,12,4
10625,6.291937321535188,-3.3173622210295197,1.6421426967102144,11780,3650,13,4
10626,7.252459243833555,-3.823787980643698,-0.14310973278572478,11780,4100,14,4
10627,6.165636221460851,-3.2507712051865894,1.8676382294597897,11780,3608,15,4
10628,8.378472573272601,-4.419336451095494,0.165344098586824,11781,4737,1,4
10629,10.025311831199232,-5.287983653554197,0.5940131033574124,11781,5675,3,4
10630,10.355084112601867,-5.461926415915515,1.0242542887704789,11781,5876,5,4
10631,10.246926259011401,-5.404877121946425,1.4224589762248814,11781,5836,7,4
10632,0.6619416037778098,-0.349149875766587,-0.0918894849274812,11781,377,8,4
10633,6.573040921968597,-3.467037587932561,1.177012914962697,11781,3762,9,4
10634,5.76790168491251,-3.042356221799095,-0.5705214920261704,11781,3273,10,4
10635,6.466717164632783,-3.4109557123517398,1.4211453975645059,11781,3724,11,4
10636,6.244841819081812,-3.2939246194386054,-0.3700152106376129,11781,3535,12,4
10637,6.275845298655987,-3.3102778158231136,1.638093577732025,11781,3641,13,4
10638,7.23587318920376,-3.8166572559492646,-0.1427955894698537,11781,4091,14,4
10639,6.15481642930575,-3.246439533931423,1.8645324009185593,11781,3602,15,4
10640,8.302376440593378,-4.451695188576078,0.16443657345208526,11820,4711,1,44
10641,9.9468411076525,-5.333449406601783,0.5915009774577511,11820,5651,3,44
10642,10.273768868030762,-5.508746533671566,1.0198965016330959,11820,5851,5,44
10643,10.180158362685178,-5.458553021099721,1.4183154185491063,11820,5819,7,44
10644,0.6700465119278953,-0.3592757874344721,-0.09335191704834297,11820,383,8,44
10645,6.530139487269552,-3.5014300717651934,1.173571356731812,11820,3751,9,44
10646,5.768130359166135,-3.092844362179302,-0.5726132298521142,11820,3285,10,44
10647,6.4277778908205345,-3.446544265313554,1.417710835647728,11820,3715,11,44
10648,6.22227629013477,-3.3363552738165465,-0.3700152106376129,11820,3535,12,44
10649,6.260037465276491,-3.356602638278542,1.6398931861667758,11820,3645,13,44
10650,7.19386555519044,-3.8573168668578957,-0.1424814461539826,11820,4082,14,44
10651,6.127468561530165,-3.2855198157656007,1.8629794866479443,11820,3599,15,44
10652,8.275166744298915,-4.43896518144348,0.16391300125896674,11821,4696,1,44
10653,9.94239004051075,-5.3332971496390975,0.5912916336327794,11821,5649,3,44
10654,10.2464712243756,-5.4964123869771395,1.0172818293506662,11821,5836,5,44
10655,6.689342132980318,-3.5882970981242983,0.932056738362568,11821,3824,7,44
10656,0.6734824061708741,-0.3612694515632466,-0.09383939442196355,11821,385,8,44
10657,6.503417122861583,-3.488563198883515,1.1688783227806052,11821,3736,9,44
10658,5.788659291769425,-3.105152782704529,-0.574704967678058,11821,3297,10,44
10659,6.415065831144156,-3.4411697964557746,1.4150395097124564,11821,3708,11,44
10660,6.188253386871268,-3.3195030586176433,-0.368026444300381,11821,3516,12,44
10661,6.257734261602885,-3.356773991426625,1.6394432840580881,11821,3644,13,44
10662,7.127991797421022,-3.8235975636581947,-0.1411899680776236,11821,4045,14,44
10663,6.138811754037417,-3.2929815765200914,1.8666029532793795,11821,3606,15,44
10664,8.221936116412719,-4.482745093680266,0.16345923869159737,11860,4683,1,84
10665,9.884814679109986,-5.389375917950111,0.5900355706829488,11860,5637,3,84
10666,10.179083423014742,-5.549816445495591,1.0143185340972458,11860,5819,5,84
10667,6.62641929284793,-3.6128410818451595,0.9266944872527414,11860,3802,7,84
10668,0.6710077400700825,-0.3658452962941574,-0.09383939442196355,11860,385,8,84
10669,6.4829894453806185,-3.5346405903893916,1.169504060640766,11860,3738,9,84
10670,5.774386385868991,-3.148297660522589,-0.5754022136200393,11860,3301,10,84
10671,6.388046692567737,-3.4828761211297916,1.41427627373095,11860,3706,11,84
10672,6.1637615038267874,-3.3605918665237957,-0.36792177238789514,11860,3515,12,84
10673,6.2313187138727235,-3.3974252531602613,1.6385434798407126,11860,3642,13,84
10674,7.085999181260248,-3.863412171277719,-0.14087582476175253,11860,4036,14,84
10675,6.1281280304638575,-3.3411638661566325,1.870226419910815,11860,3613,15,84
10676,8.196576164800806,-4.470774403557597,0.16297057131135345,11861,4669,1,84
10677,9.873353549609316,-5.385362795313036,0.5894075392080335,11861,5631,3,84
10678,10.153626997501851,-5.53823630391481,1.0118781733003113,11861,5805,5,84
10679,6.604876095751771,-3.6025909347813725,0.9237696230110178,11861,3790,7,84
10680,0.6674584550588201,-0.3640613002694632,-0.09335191704834297,11861,383,8,84
10681,6.482372435480406,-3.5357720316599317,1.169504060640766,11861,3738,9,84
10682,5.807070048528191,-3.1674323047368085,-0.5787141318444503,11861,3320,10,84
10683,6.389162258577121,-3.484931087261728,1.4146578917217032,11861,3707,11,84
10684,6.131613809799996,-3.3444527961658115,-0.3660376779631491,11861,3497,12,84
10685,6.235858049856415,-3.4013122056060556,1.6398931861667758,11861,3645,13,84
10686,6.974726301724909,-3.804323560791246,-0.13867682155065478,11861,3973,14,84
10687,6.136024651201091,-3.3468586637424287,1.87281461036184,11861,3618,15,84
10688,8.144967245368154,-4.514829067893893,0.16255171355685863,11900,4657,1,124
10689,9.834721262024988,-5.4514750140554495,0.5893028672955475,11900,5630,3,124
10690,10.089555744844352,-5.592732074504507,1.0092635010178816,11900,5790,5,124
10691,6.561103008150815,-3.636878784931987,0.9210884974561045,11900,3779,7,124
10692,0.6892717370298688,-0.3820695627462289,-0.0967642586636871,11900,397,8,124
10693,6.465066026977223,-3.5836446169932654,1.1707555363610878,11900,3742,9,124
10694,5.790603409346767,-3.209783883174176,-0.5792370663009362,11900,3323,10,124
10695,6.373878761345257,-3.5330986902762387,1.4165659816754688,11900,3712,11,124
10696,6.117441182879487,-3.390953019400033,-0.3665610375255786,11900,3502,12,124
10697,6.231310242295848,-3.4540716697149345,1.6448421093623409,11900,3656,13,124
10698,6.890953606774861,-3.8197179573764095,-0.13752496272579406,11900,3940,14,124
10699,6.135066597137786,-3.4007229460590125,1.8795439055345058,11900,3631,15,124
10700,8.10220784462606,-4.492975920847485,0.161713998047869,11901,4633,1,124
10701,9.793596168659862,-5.430913722298342,0.5868954133083721,11901,5607,3,124
10702,6.751855866449065,-3.744155471043532,0.6754570062943508,11901,3875,5,124
10703,6.546579890302318,-3.630322299191796,0.9191385879616223,11901,3771,7,124
10704,0.6544843857448882,-0.3629359604336534,-0.0918894849274812,11901,377,8,124
10705,6.4506201749250955,-3.577109064129306,1.1682525849204441,11901,3734,9,124
10706,5.802240009103326,-3.2175581209225705,-0.5804572466994034,11901,3330,10,124
10707,6.374978957031251,-3.5351631924437212,1.4169475996662217,11901,3713,11,124
10708,6.10811589117238,-3.387177686263118,-0.3660376779631491,11901,3497,12,124
10709,6.244341230976989,-3.4627197092880313,1.648441326231843,11901,3664,13,124
10710,6.865803582560309,-3.8073437222635933,-0.13703629534555015,11901,3926,14,124
10711,6.183467654641656,-3.4289630446929693,1.8945554101504518,11901,3660,15,124
10712,8.043563071655077,-4.532314862224874,0.16115552104187594,11940,4617,1,164
10713,9.67636069240808,-5.452349038325581,0.5820805053340212,11940,5561,3,164
10714,6.670668482361627,-3.7587285179777505,0.6698790387585006,11940,3843,5,164
10715,6.504423204271503,-3.665054117969902,0.9167012010935194,11940,3761,7,164
10716,0.6519988162750217,-0.36738245213364873,-0.0918894849274812,11940,377,8,164
10717,6.434727195651498,-3.6257824353968697,1.1698169295708465,11940,3739,9,164
10718,5.811448888614813,-3.274583158519258,-0.5835948534383191,11940,3348,10,164
10719,6.355899610077463,-3.5813653736460274,1.4180924536384811,11940,3716,11,164
10720,6.0605582254373935,-3.4149490560129476,-0.36457227118834673,11940,3483,12,164
10721,6.229115617343839,-3.509926265201195,1.6506908367752815,11940,3669,13,164
10722,6.836244637897882,-3.8520258868032067,-0.136966485719801,11940,3924,14,164
10723,6.361951078078223,-3.584775200623673,1.956671980975057,11940,3780,15,164
10724,8.018384038603157,-4.519971191457816,0.160666853661632,11941,4603,1,164
10725,9.704986695724484,-5.470710814918486,0.5838599278462814,11941,5578,3,164
10726,6.633564203915027,-3.73934685019215,0.666218497563099,11941,3822,5,164
10727,6.489949274797163,-3.6583909694123258,0.914751291599037,11941,3753,7,164
10728,6.442698310096467,-3.6317555528262,1.1713812742212488,11941,3744,9,164
10729,5.838647300358491,-3.29125138776724,-0.5863838372062441,11941,3364,10,164
10730,6.37066666185335,-3.591151239866799,1.4215270155552588,11941,3725,11,164
10731,6.053002637939311,-3.4120837083365743,-0.36415358353840316,11941,3479,12,164
10732,10.45892791483547,-5.895708242583212,2.771846891625105,11941,6161,13,164
10733,6.814668337826538,-3.8414354336265433,-0.1365476279653062,11941,3912,14,164
10734,23.57729305067152,-13.29054393610195,7.252109643772631,11941,14010,15,164
10735,7.983961520659803,-4.572457875811491,0.16059704403588287,11980,4601,1,204
10736,6.743696073798927,-3.8621511570327156,0.40727841148258886,11980,3891,3,204
10737,6.595855313448127,-3.7774819552482723,0.6649983171646318,11980,3815,5,204
10738,6.478677999262537,-3.7103738746634773,0.9167012010935194,11980,3761,7,204
10739,6.417828673130117,-3.6755251370046054,1.1713812742212488,11980,3744,9,204
10740,5.826482937436485,-3.3368582409401517,-0.5874297061192161,11980,3370,10,204
10741,6.38696253981218,-3.6578479357780913,1.430685847333333,11980,3749,11,204
10742,6.00537314204916,-3.4393096271185706,-0.3626881767636007,11980,3465,12,204
10743,10.399953576514903,-5.9561095724168265,2.76689796842954,11980,6150,13,204
10744,6.767539650200659,-3.8758065019919186,-0.13612877021081138,11980,3900,14,204
10745,9.823669573326146,-5.626068611890398,3.033359208601543,11980,5860,15,204
10746,7.955401865007491,-4.557945680161005,0.1600385670298898,11981,4585,1,204
10747,6.701430398791227,-3.839498777732877,0.40476628558292754,11981,3867,3,204
10748,6.5675358564980835,-3.762785613395252,0.6622093333967067,11981,3799,5,204
10749,6.474585473558524,-3.7095308811293446,0.9162137237198987,11981,3759,7,204
10750,6.420615059779183,-3.678609223302846,1.1720070120814097,11981,3746,9,204
10751,5.834544226291401,-3.342827440170828,-0.5883012635466927,11981,3375,10,204
10752,6.476608149659386,-3.710689747513812,1.4509116008432468,11981,3802,11,204
10753,5.9857100070920355,-3.429435939562803,-0.36153678572625597,11981,3454,12,204
10754,10.405677402116694,-5.961799688931505,2.7686975768642905,11981,6154,13,204
10755,6.742571787877669,-3.8630702100557612,-0.13564010283056746,11981,3886,14,204
10756,9.82603994256397,-5.629703825057084,3.034394484781953,11981,5862,15,204
10757,7.887898844031963,-4.590866755088143,0.1593055659595239,12020,4564,1,244
10758,6.631986198494495,-3.859908140417881,0.40214948777078036,12020,3842,3,244
10759,6.521107777683947,-3.7953753584919374,0.6601175955707629,12020,3787,5,244
10760,6.450901367370659,-3.754514251944506,0.9164574624067091,12020,3760,7,244
10761,6.417621501808121,-3.73514490765576,1.1760743081724556,12020,3759,9,244
10762,5.780659838839454,-3.3644243671659453,-0.5851636568077769,12020,3357,10,244
10763,6.474955521172312,-3.768514103767319,1.45625425271379,12020,3816,11,244
10764,5.965680453408895,-3.4721089363051005,-0.36174612955122776,12020,3456,12,244
10765,29.802750479976744,-17.345614984937555,7.9610178132293825,12020,17695,13,244
10766,6.704022702892197,-3.9018343871575167,-0.1353957691404455,12020,3879,14,244
10767,6.334654772629827,-3.6868571181830014,1.9639189142379274,12020,3794,15,244
10768,6.713710266722908,-3.9090415301925376,0.13560519801769289,12021,3885,1,244
10769,6.636490432370273,-3.864080468805184,0.40246350350823806,12021,3845,3,244
10770,6.51700166639031,-3.794508424428725,0.6597689725997723,12021,3785,5,244
10771,6.467400892294678,-3.7656284939332787,0.918894849274812,12021,3770,7,244
10772,6.461353964102298,-3.7621076846497346,1.1842089003545477,12021,3785,9,244
10773,5.790403330005446,-3.371448304188587,-0.5862095257207488,12021,3363,10,244
10774,10.34767862373726,-6.024910798097145,2.3274881256030935,12021,6099,11,244
10775,5.954718333336136,-3.4671203166132343,-0.36111809807631245,12021,3450,12,244
10776,6.6947010484644895,-3.8979734589358794,-0.13522124507607267,12021,3874,14,244
10777,9.813209758297148,-5.713717596633583,3.042676694225234,12021,5878,15,244
10778,6.673865858954526,-3.9453412249592055,0.13532595951469636,12059,3877,1,27
10779,6.6038399008238855,-3.90394448350996,0.4020448158582945,12059,3841,3,27
10780,6.489977277367699,-3.8366331362642025,0.659594661114277,12059,3784,5,27
10781,6.43886658455624,-3.806418396015158,0.9184073719011915,12059,3768,7,27
10782,6.468569636376609,-3.823977735284281,1.1901534100260764,12059,3804,9,27
10783,5.795357616338651,-3.4259998328321193,-0.5889985094886739,12059,3379,10,27
10784,10.29059231607513,-6.083415362534676,2.323671945695563,12059,6089,11,27
10785,5.904083889463479,-3.4902747608365536,-0.3594433474765382,12059,3434,12,27
10786,10.429239064552082,-6.165378162511953,2.7970414097116176,12059,6217,13,27
10787,6.644602067465687,-3.928041560057398,-0.1347325776958287,12059,3860,14,27
10788,9.776762398642537,-5.779658230055875,3.043194332315439,12059,5879,15,27
10789,6.647358837409608,-3.9312370576047426,0.13480238732157784,12060,3862,1,27
10790,6.570495061815705,-3.8857799474361694,0.4000560495210626,12060,3822,3,27
10791,6.5013120927310695,-3.844865253574596,0.6608148415127442,12060,3791,5,27
10792,6.450162707763301,-3.8146155916295603,0.9201135427088635,12060,3775,7,27
10793,6.488305604581982,-3.8371732379257284,1.1939078371870422,12060,3816,9,27
10794,5.78104011200117,-3.418897591611702,-0.5876040176047114,12060,3371,10,27
10795,5.903474631678475,-3.491305164703246,-0.3594433474765382,12060,3434,12,27
10796,9.877987934637913,-5.8418257796887225,2.649473518062042,12060,5889,13,27
10797,6.630146618773124,-3.9210577798791992,-0.13445333919283217,12060,3852,14,27
10798,10.429244090654743,-6.167837761555885,3.24662610176602,12060,6272,15,27
10799,6.611874702922436,-3.9712446728058897,0.13462786325720502,12099,3857,1,67
10800,6.555878541173767,-3.9376120846166898,0.40078875290846383,12099,3829,3,67
10801,6.461326596494663,-3.8808220026079723,0.6594203496287817,12099,3783,5,67
10802,6.435960361078519,-3.8655864556879775,0.9218197135165355,12099,3782,7,67
10803,6.4891311814929304,-3.8975220786098883,1.1989137400683294,12099,3832,9,67
10804,5.886422153187624,-3.5355211143672447,-0.3598620351264818,12099,3438,12,67
10805,9.85804221843892,-5.920967865130212,2.6548723433662946,12099,5901,13,67
10806,6.5998749303218505,-3.964037332201886,-0.13438352956708305,12099,3850,14,67
10807,10.357209983845426,-6.220779555199116,3.2373086161423297,12099,6254,15,67
10808,6.588898533772684,-3.9590096517124405,0.13417410068983562,12100,3844,1,67
10809,6.548343257708431,-3.9346415834316395,0.4003700652585203,12100,3825,3,67
10810,6.458941355829501,-3.8809235013264245,0.6592460381432864,12100,3782,5,67
10811,6.440390259578687,-3.8697768781495205,0.9225509295769664,12100,3785,7,67
10812,9.969728216773786,-5.990417067867234,1.8421722603137587,12100,5888,9,67
10813,10.596827399120016,-6.367216270763467,2.4030484877722054,12100,6297,11,67
10814,5.884093013527811,-3.535519770524064,-0.3597573632139959,12100,3437,12,67
10815,10.34309399259652,-6.214757859051787,2.7857938569944243,12100,6192,13,67
10816,6.58204223977292,-3.9548899746555075,-0.13403448143833738,12100,3840,14,67
10817,10.238553770534606,-6.151943756510386,3.2005563117377713,12100,6183,15,67
10818,6.563505002539965,-4.004808363014996,0.1342090055027102,12139,3845,1,107
10819,6.495835354533555,-3.963518842834319,0.39879998657123195,12139,3810,3,107
10820,6.440879256778251,-3.9299866615068204,0.6601175955707629,12139,3787,5,107
10821,6.439318892873962,-3.9290345850764954,0.9262070098791209,12139,3800,7,107
10822,9.903428137575577,-6.042706117011024,1.837479226362552,12139,5873,9,107
10823,10.058846810826719,-6.137536851833957,2.290471180500044,12139,6002,11,107
10824,5.851366650068022,-3.570287839529497,-0.35923400365156644,12139,3432,12,107
10825,10.33548623889252,-6.3063320145753385,2.7952418012768665,12139,6213,13,107
10826,6.524243464163262,-3.980852422221928,-0.13340619480659516,12139,3822,14,107
10827,10.179950862420178,-6.2114300717566655,3.195379930835721,12139,6173,15,107
10828,6.559392248467734,-4.003870128621917,0.13413919587696108,12140,3843,1,107
10829,6.5138958738447075,-3.9760990229442097,0.39995137760857674,12140,3821,3,107
10830,6.453798091074266,-3.9394151796678467,0.6615120874547255,12140,3795,5,107
10831,6.460659951437381,-3.943603677122175,0.9293756128076547,12140,3813,7,107
10832,9.925978516344458,-6.058843163132716,1.8418593913836785,12140,5887,9,107
10833,0.8043864287425898,-0.4909995731180215,-0.08244933263928463,12140,473,10,107
10834,10.056099718036771,-6.138269483868138,2.2900895625092907,12140,6001,11,107
10835,5.867791048880787,-3.581714953408524,-0.3602807227764253,12140,3442,12,107
10836,10.326068675449479,-6.303059239274585,2.792992290733428,12140,6208,13,107
10837,6.5167212086000035,-3.9778236146444126,-0.13326657555509688,12140,3818,14,107
10838,10.218441012754683,-6.237363033383292,3.207803245000642,12140,6197,15,107
10839,6.540485576093644,-4.053692668857187,0.1343137199413339,12179,3848,1,147
10840,6.466309059316882,-4.007719201174852,0.3986953146587461,12179,3809,3,147
10841,6.452236546578931,-3.9989972735664887,0.6641267597371552,12179,3810,5,147
10842,6.472475085659334,-4.0115408097526215,0.9349816026042915,12179,3836,7,147
10843,10.028905079641461,-6.2157615860515625,1.868766119370598,12179,5973,9,147
10844,0.6892546652119751,-0.4271894725305935,-0.07094477459659375,12179,407,10,147
10845,5.867042296928102,-3.6363028509478306,-0.36174612955122776,12179,3456,12,147
10846,10.277957031470194,-6.370120166855236,2.7916425844073647,12179,6205,13,147
10847,6.48439513326332,-4.0189286724766555,-0.13316186111647318,12179,3815,14,147
10848,33.052708769537055,-20.48556206815579,10.419537117737281,12179,20129,15,147
10849,6.568669924147839,-4.072747905467547,0.13490710176020154,12180,3865,1,147
10850,6.475794217212422,-4.015162527414148,0.3993233461336614,12180,3815,3,147
10851,6.46169839475368,-4.006422747206341,0.6651726286501272,12180,3816,5,147
10852,6.510578496329054,-4.036729694215248,0.9405875924009283,12180,3859,7,147
10853,9.948913736105766,-6.168587864560524,1.8540612796568163,12180,5926,9,147
10854,0.6925667304649515,-0.4294095659348516,-0.07129339756758439,12180,409,10,147
10855,22.523831246594135,-13.965367051773647,5.151461257175957,12180,13499,11,147
10856,5.885079567778628,-3.6489039272725696,-0.3628975205885725,12180,3467,12,147
10857,10.318250579143315,-6.397586409359276,2.802890137124558,12180,6230,13,147
10858,6.476895493124816,-4.015845347409267,-0.1330222418649749,12180,3811,14,147
10859,10.110614544111337,-6.268846613245105,3.1876153594826455,12180,6158,15,147
10860,6.5221801925551075,-4.105646484814999,0.13452314881858132,12219,3854,1,187
10861,6.463526339539684,-4.0687244773966045,0.40026539334603445,12219,3824,3,187
10862,6.429219663928238,-4.047128771977334,0.6646496941936412,12219,3813,5,187
10863,9.478312530670081,-5.966501901916716,1.3751736709836841,12219,5642,7,187
10864,9.87660412651772,-6.217222434337731,1.848429638915368,12219,5908,9,187
10865,0.6626497057235242,-0.4171312896373177,-0.06850441379965932,12219,393,10,187
10866,10.1516122178366,-6.3903372471894,2.331685923501378,12219,6110,11,187
10867,5.888840420229147,-3.7069655018958603,-0.3646769431008326,12219,3484,12,187
10868,10.173864193215701,-6.404344640698656,2.7754461084946067,12219,6169,13,187
10869,6.466333813117038,-4.070491753626911,-0.1333712899937206,12219,3821,14,187
10870,10.059535468552863,-6.332375864512257,3.1850271690316205,12219,6153,15,187
10871,6.516387137008574,-4.103587986765733,0.1344184343799576,12220,3851,1,187
10872,6.486477052371755,-4.084752601234119,0.40173080012083684,12220,3838,3,187
10873,6.452116456864396,-4.063114579431928,0.6670900549905756,12220,3827,5,187
10874,9.480630578364606,-5.970271705833683,1.3756611483573047,12220,5644,7,187
10875,10.027629938657606,-6.314735586888077,1.8769007115526901,12220,5999,9,187
10876,0.6861801405654062,-0.4321106960618748,-0.07094477459659375,12220,407,10,187
10877,10.351513122836675,-6.518695713223171,2.377861700382501,12220,6231,11,187
10878,5.9219946825197045,-3.729279081481072,-0.36677038135055035,12220,3504,12,187
10879,10.17274626926044,-6.406120217424114,2.7754461084946067,12220,6169,13,187
10880,6.470699665520849,-4.07481705047836,-0.1334760044323443,12220,3824,14,187
10881,10.033909312264138,-6.31868991948901,3.1772625976785447,12220,6138,15,187
10882,6.511891862879978,-4.162927388275251,0.13490710176020154,12259,3865,1,227
10883,6.4602057554097465,-4.129885452550292,0.4018354720333227,12259,3839,3,227
10884,6.47634955361701,-4.140205872655991,0.6724937110409305,12259,3858,5,227
10885,9.419702523950377,-6.021834891007508,1.372736284115581,12259,5632,7,227
10886,9.979421888526701,-6.379652729756491,1.8759621047624486,12259,5996,9,227
10887,0.6597214553062428,-0.4217472545240551,-0.06850441379965932,12259,393,10,227
10888,10.217579129024791,-6.531902079110256,2.357254328881835,12259,6177,11,227
10889,5.874597106573438,-3.7555170916522713,-0.3654096464882338,12259,3491,12,227
10890,10.094425882039777,-6.453172573826026,2.765998164212164,12259,6148,13,227
10891,6.449552923959781,-4.123075302022681,-0.13361562368384258,12259,3828,14,227
10892,9.971135143955532,-6.3743551731229715,3.1710509405960843,12259,6126,15,227
10893,6.538119566605064,-4.181301903683297,0.13546557876619464,12260,3881,1,227
10894,6.474628217245044,-4.1406974917813715,0.40277751924569566,12260,3848,3,227
10895,6.525981649415944,-4.173539381794152,0.6777230556057898,12260,3888,5,227
10896,9.42534075510357,-6.027756886471589,1.3737112388628223,12260,5636,7,227
10897,9.90175687936159,-6.332437708994364,1.8615701339787474,12260,5950,9,227
10898,0.6848252348152534,-0.4379640092006209,-0.07111908608208907,12260,408,10,227
10899,10.196591561263057,-6.520992354431445,2.3526749129927973,12260,6165,11,227
10900,5.900863086766728,-3.7737593824525124,-0.367084397088008,12260,3507,12,227
10901,10.057181579759856,-6.431835951720617,2.7561003178210344,12260,6126,13,227
10902,6.45557180603726,-4.1285104083778394,-0.13375524293534086,12260,3832,14,227
10903,9.947237554462209,-6.36152381417212,3.1638040073332134,12260,6112,15,227
10904,6.535406516786319,-4.24089997655784,0.13598915095931313,12298,3896,1,10
10905,6.498961956566445,-4.217250684936097,0.4060223485327582,12298,3879,3,10
10906,9.444725542651696,-6.128790340669243,0.9850342045340326,12298,5651,5,10
10907,9.38848658784358,-6.092296240185245,1.3741987162364429,12298,5638,7,10
10908,9.748517693692602,-6.325924539271683,1.8406079156633564,12298,5883,9,10
10909,0.6768914961553597,-0.4392426274944335,-0.07059615162560312,12298,405,10,10
10910,10.138296691380203,-6.5788565853364975,2.3492403510760194,12298,6156,11,10
10911,5.90586256687206,-3.8323817129156335,-0.36896849151275396,12298,3525,12,10
10912,10.00122537945909,-6.489909444554986,2.752501100951532,12298,6118,13,10
10913,6.421338846575469,-4.166880161771923,-0.13361562368384258,12298,3828,14,10
10914,9.882140107371637,-6.412633650569272,3.156557074070343,12298,6098,15,10
10915,6.536343516300857,-4.24312937502064,0.1360240557721877,12299,3897,1,10
10916,6.514978130756873,-4.229259832395741,0.40706906765761713,12299,3889,3,10
10917,9.438642279962268,-6.127184138737711,0.9845112700775466,12299,5648,5,10
10918,9.390753192893893,-6.096096483755076,1.3746861936100634,12299,5640,7,10
10919,9.77558038965182,-6.345910707685967,1.8459266874747244,12299,5900,9,10
10920,0.6684590849831635,-0.4339365537349654,-0.06972459419812653,12299,400,10,10
10921,10.097627263844199,-6.55497048990387,2.3400815192979456,12299,6132,11,10
10922,5.943723941353917,-3.8584247583800684,-0.3713759454999294,12299,3548,12,10
10923,9.97884355354594,-6.4778609179874715,2.7466523735385917,12299,6105,13,10
10924,6.434029696825786,-4.176711388909206,-0.1338948621868391,12299,3836,14,10
10925,9.856715180131607,-6.398580126293231,3.1487925027172676,12299,6083,15,10
10926,6.530687810479394,-4.302925167659016,0.13651272315243163,12338,3911,1,50
10927,6.541076875967466,-4.309770292193272,0.4105232407696514,12338,3922,3,50
10928,9.396717526349155,-6.191288499907988,0.9845112700775466,12338,5648,5,50
10929,9.350698785413856,-6.160967773469842,1.3749299322968738,12338,5641,7,50
10930,9.677724907718432,-6.376438023002869,1.835602012782069,12338,5867,9,50
10931,0.6821271575430514,-0.44943843572278247,-0.0714677090530797,12338,410,10,50
10932,10.019987500089016,-6.601947244297509,2.332449159482884,12338,6112,11,50
10933,5.9173229872342095,-3.898792706961175,-0.3713759454999294,12338,3548,12,50
10934,9.918246563984301,-6.534912400916437,2.742153352451714,12338,6095,13,50
10935,6.395431939180792,-4.213808077763751,-0.1336854333095917,12338,3830,14,50
10936,9.796801688400254,-6.454895069388924,3.143616121815217,12338,6073,15,50
10937,6.650150322562922,-4.383301095621445,0.13902586967940045,12339,3983,1,50
10938,8.733217700916144,-5.75630938549572,0.5481668056885937,12339,5237,3,50
10939,9.407281533535572,-6.200603813850963,0.9857314504760138,12339,5655,5,50
10940,9.334706384393991,-6.152767492066197,1.372736284115581,12339,5632,7,50
10941,9.633729314063636,-6.349861914246379,1.827467420599977,12339,5841,9,50
10942,0.6903663724875796,-0.4550398908484791,-0.07233926648055629,12339,415,10,50
10943,9.999164602574398,-6.590730589811992,2.3278697435938467,12339,6100,11,50
10944,5.939988820061735,-3.915213677894931,-0.37284135227473186,12339,3562,12,50
10945,9.884564080797706,-6.5151941630701415,2.7331553102779598,12339,6075,13,50
10946,6.3913571264802576,-4.21272322220409,-0.13361562368384258,12339,3828,14,50
10947,9.782771045023678,-6.44809951052957,3.139475017093577,12339,6065,15,50
10948,7.262580169524265,-4.856368735728393,0.1524991274489833,12377,4369,1,89
10949,8.668284254267087,-5.796340097074194,0.5464920550888195,12377,5221,3,89
10950,9.374232099823265,-6.268395890771327,0.9866030079034904,12377,5660,5,89
10951,9.30854611297407,-6.224472744249862,1.3749299322968738,12377,5641,7,89
10952,9.571698876336264,-6.400438698894381,1.8237129934390115,12377,5829,9,89
10953,0.6873332723368649,-0.45960853262722634,-0.07233926648055629,12377,415,10,89
10954,9.695744751316896,-6.483386149385861,2.2671924830641053,12377,5941,11,89
10955,5.955398509874745,-3.9822777108226646,-0.37545815008687905,12377,3587,12,89
10956,9.815217556498089,-6.563275662796867,2.725956876538956,12377,6059,13,89
10957,6.35330313754217,-4.248350036153335,-0.13340619480659516,12377,3822,14,89
10958,9.71730817088637,-6.497805255845025,3.132228083830706,12377,6051,15,89
10959,7.261732462671854,-4.857636221116715,0.1524991274489833,12378,4369,1,89
10960,8.639051127018119,-5.778974629869772,0.5447126325765593,12378,5204,3,89
10961,9.37148188414613,-6.268924127950826,0.9864286964179951,12378,5659,5,89
10962,9.31240949450555,-6.229408464015113,1.3756611483573047,12378,5644,7,89
10963,9.532818154196896,-6.376847810516531,1.8165170080471609,12378,5806,9,89
10964,0.7005012965177262,-0.46859072382456246,-0.0737337583645188,12378,423,10,89
10965,9.874112691599587,-6.605152105046626,2.309170462046945,12378,6051,11,89
10966,5.981264644628418,-4.001084856153112,-0.3771329006866532,12378,3603,12,89
10967,9.797874388335009,-6.5541535388947905,2.721457855452079,12378,6049,13,89
10968,6.339264731661811,-4.240564098727203,-0.13312695630359864,12378,3814,14,89
10969,9.685665380552647,-6.479092863864274,3.12239296011681,12378,6032,15,89
10970,7.217717267724804,-4.901473379596805,0.15228969857173594,12418,4363,1,130
10971,8.591886929497734,-5.8346570672355895,0.5442939449266159,12418,5200,3,130
10972,9.325840259237243,-6.33307679942311,0.9862543849324998,12418,5658,5,130
10973,9.283473421654312,-6.304305940315201,1.3778547965385974,12418,5653,7,130
10974,9.514214342215112,-6.460999592582482,1.8215229109284483,12418,5822,9,130
10975,0.6675442391288589,-0.4533220402556309,-0.07059615162560312,12418,405,10,130
10976,9.84237717212527,-6.683851405048228,2.312605023963723,12418,6060,11,130
10977,5.971361416000925,-4.055086661728734,-0.37828429172399797,12418,3614,12,130
10978,9.730921453504372,-6.608163037443831,2.7156091280391386,12418,6036,13,130
10979,6.286345546035814,-4.268988962289218,-0.1326382889233547,12418,3800,14,130
10980,9.667366104482193,-6.5650032904201865,3.131192807650296,12418,6049,15,130
10981,7.183779582093659,-4.880258897026064,0.1515916023142446,12419,4343,1,130
10982,8.521480675169203,-5.789018358036807,0.5398977246022085,12419,5158,3,130
10983,9.331327034776354,-6.339182774488057,0.986951630874481,12419,5662,5,130
10984,9.284014997306217,-6.307041616875761,1.3780985352254076,12419,5654,7,130
10985,9.482040740725651,-6.4415692544680665,1.8155784012569194,12419,5803,9,130
10986,0.680649605327205,-0.46239535250151326,-0.07199064350956565,12419,413,10,130
10987,9.816851038229245,-6.669020683696307,2.3068807541024268,12419,6045,11,130
10988,5.975609849183212,-4.059495812527943,-0.3785983074614557,12419,3617,12,130
10989,9.749111438350793,-6.623002180315186,2.721007953343391,12419,6048,13,130
10990,6.254172369306039,-4.248735641182488,-0.13197509747873792,12419,3781,14,130
10991,9.710963769135667,-6.59708678300094,3.145686674176037,12419,6077,15,130
10992,7.154547954322991,-4.930065150220741,0.15166141193999372,12457,4345,1,169
10993,8.420404130572404,-5.802342960022555,0.5359201919277448,12457,5120,3,169
10994,9.298922666031993,-6.407713647750669,0.987997499787453,12457,5668,5,169
10995,9.243615825459145,-6.369602738575441,1.378342273912218,12457,5655,7,169
10996,9.380553113858495,-6.463963662230365,1.804315119774023,12457,5767,9,169
10997,0.6578807320181421,-0.4533333050014148,-0.06989890568362185,12457,401,10,169
10998,9.765938399146794,-6.729525452652038,2.3053542821394144,12457,6041,11,169
10999,5.971579569943048,-4.114903767156621,-0.3800637142362581,12457,3631,12,169
11000,9.732251118368016,-6.7063121776787655,2.7286562891910826,12457,6065,13,169
11001,6.240675891112576,-4.300333007902557,-0.13228924079460902,12457,3790,14,169
11002,9.706765765293298,-6.6887506976471975,3.1586276264311635,12457,6102,15,169
11003,7.16027305974851,-4.935853538828812,0.151801031191492,12458,4349,1,169
11004,8.412813652982608,-5.799278280881652,0.5355015042778013,12458,5116,3,169
11005,9.306006182367915,-6.414990484904324,0.9888690572149296,12458,5673,5,169
11006,9.253944744592905,-6.379102519496576,1.38004844471989,12458,5662,7,169
11007,9.301357796290217,-6.411786172348087,1.7892974111301607,12458,5719,9,169
11008,0.6643632123848062,-0.45797129321104385,-0.07059615162560312,12458,405,10,169
11009,9.797092029002613,-6.753514978838325,2.3129866419544762,12458,6061,11,169
11010,5.984016591713001,-4.125014398774107,-0.3809010895361452,12458,3639,12,169
11011,9.764774263806409,-6.731237091615358,2.738104233473525,12458,6086,13,169
11012,6.213582554033313,-4.283263107735097,-0.13173076378861595,12458,3774,14,169
11013,9.75172445541291,-6.722241353268147,3.1736391310471093,12458,6131,15,169
11014,7.126510154531404,-4.984477250854896,0.151801031191492,12497,4349,1,209
11015,8.348594754168811,-5.839236839128198,0.5339314255905129,12497,5101,3,209
11016,9.268656152824423,-6.482753092040937,0.9895663031569109,12497,5677,5,209
11017,9.220069659108695,-6.448770361732069,1.3815108768407518,12497,5668,7,209
11018,9.197606118911695,-6.433058743751084,1.7777212607171837,12497,5682,9,209
11019,0.6644958700369104,-0.46476669164359014,-0.07094477459659375,12497,407,10,209
11020,9.807203468343118,-6.859427899836593,2.3263432716308343,12497,6096,11,209
11021,5.929613564860539,-4.1473348496689795,-0.379226338936371,12497,3623,12,209
11022,9.7570559166125,-6.824353322607738,2.7489018840820303,12497,6110,13,209
11023,6.164619728983018,-4.311704625825734,-0.13131190603412113,12497,3762,14,209
11024,21.114856878025243,-14.768311765703814,6.904256847154843,12497,13338,15,209
11025,7.0994248131891835,-4.967378484842601,0.15124255418549892,12498,4333,1,209
11026,8.311573398000846,-5.815503644142799,0.5316286435158234,12498,5079,3,209
11027,9.264259620488776,-6.482086243285315,0.9892176801859202,12498,5675,5,209
11028,9.2352088935935,-6.461759814096214,1.3839482637088547,12498,5678,7,209
11029,9.180297905769722,-6.423339284732969,1.7745925714163788,12498,5672,9,209
11030,0.6513549935815017,-0.45574491825036845,-0.06955028271263122,12498,399,10,209
11031,9.828526478229659,-6.876896685343181,2.331685923501378,12498,6110,11,209
11032,5.922343793535157,-4.143789660986965,-0.37880765128642746,12498,3619,12,209
11033,6.168782465187463,-4.316219708154256,-0.13141662047274486,12498,3765,14,209
11034,21.15976500743479,-14.805222142361183,6.919785989860995,12498,13368,15,209
11035,7.068709962946024,-5.017902353404806,0.15131236381124805,12537,4335,1,249
11036,8.284825295186831,-5.881192546332673,0.5324660188157104,12537,5087,3,249
11037,9.236169743969414,-6.556528438379257,0.9909607950408734,12537,5685,5,249
11038,9.194248897519662,-6.526769866424883,1.3844357410824752,12537,5680,7,249
11039,9.152471122136317,-6.497112857081591,1.7777212607171837,12537,5682,9,249
11040,0.6514870830838585,-0.4624745653104806,-0.06989890568362185,12537,401,10,249
11041,9.807103975897352,-6.961820527183048,2.3377918113534273,12537,6126,11,249
11042,5.910287201932968,-4.195566689727004,-0.3798543704112863,12537,3629,12,249
11043,6.119692846813479,-4.3442185772383475,-0.13099776271825003,12537,3753,14,249
11044,7.0743557123088605,-5.023767266957077,0.15145198306274632,12538,4339,1,249
11045,8.254487054677082,-5.8618231196171395,0.5305819243909645,12538,5069,3,249
11046,9.26264100402101,-6.577751328027026,0.9939240902942937,12538,5702,5,249
11047,9.196346631682154,-6.530673189567021,1.384923218456096,12538,5682,7,249
11048,9.162611109070783,-6.506716320401703,1.779911343227747,12538,5689,9,249
11049,9.88272236401643,-7.018094529002218,2.3561094749095752,12538,6174,11,249
11050,5.873729494223761,-4.171157228735258,-0.3775515883365968,12538,3607,12,249
11051,6.131977836827292,-4.354549133677245,-0.13127700122124658,12538,3761,14,249
11052,21.21024970808252,-15.062199660394848,6.970514522701089,12538,13466,15,249
11053,7.031145301002461,-5.06356371007559,0.15124255418549892,12576,4333,1,32
11054,8.173289998091795,-5.8860929271879545,0.5278604546663315,12576,5043,3,32
11055,9.233363222819255,-6.6495173880631215,0.9954928936637516,12576,5711,5,32
11056,9.170550941420746,-6.604282369439456,1.3876043440110093,12576,5693,7,32
11057,9.124064621154139,-6.570804687747486,1.7808499500179882,12576,5692,9,32
11058,10.454092452796461,-7.528640200083491,2.5041772553217743,12576,6562,11,32
11059,5.847557071805513,-4.2111884357117075,-0.37765626024908266,12576,3608,12,32
11060,24.928370630043037,-17.95246541919756,7.092256841353376,12576,15764,13,32
11061,6.080244967195066,-4.3787614174136245,-0.13078833384100264,12576,3747,14,32
11062,22.40476121507044,-16.135057798530347,7.398083585210452,12576,14292,15,32
11063,7.014036507023444,-5.0531019213916775,0.15089350605675325,12577,4323,1,32
11064,8.17064204052102,-5.886351882060769,0.5277557827538455,12577,5042,3,32
11065,9.241901912269814,-6.658116515852336,0.9965387625767236,12577,5717,5,32
11066,9.187115224595304,-6.6186467017905555,1.3902854695659224,12577,5704,7,32
11067,9.134136989948596,-6.580479746283958,1.7830400325285514,12577,5699,9,32
11068,10.011537885219829,-7.212583121464042,2.3984690718831683,12577,6285,11,32
11069,5.830616830978705,-4.200534325992591,-0.3766095411242238,12577,3598,12,32
11070,24.656441579664424,-17.76316849735888,7.015773482876463,12577,15594,13,32
11071,6.084348115044625,-4.38332921702956,-0.13089304827962633,12577,3750,14,32
11072,20.92227531883327,-15.07297395837873,6.909433228056894,12577,13348,15,32
11073,6.961719422946706,-5.087748573837713,0.150509553115133,12616,4312,1,72
11074,8.123935814315907,-5.937117016953828,0.527337095103902,12616,5038,3,72
11075,9.209236604452347,-6.730274168476091,0.997933254460686,12616,5725,5,72
11076,9.159480841049689,-6.693911770207398,1.3929665951208356,12616,5715,7,72
11077,9.108272205222187,-6.656487586888436,1.7867944596895171,12616,5711,9,72
11078,9.903563974356263,-7.237700979496565,2.3843492062253038,12616,6248,11,72
11079,5.8002773172080815,-4.238945992453934,-0.37650486921173787,12616,3597,12,72
11080,24.717470919614467,-18.06396807743143,7.067962127484239,12616,15710,13,72
11081,6.064058013123336,-4.431721624149919,-0.13110247715687376,12616,3756,14,72
11082,20.951769465937264,-15.311926370996884,6.9534324657243225,12616,13433,15,72
11083,6.946302700441203,-5.078341868436831,0.1501954097992619,12617,4303,1,72
11084,8.106776206042252,-5.926747336043527,0.5262903759790432,12617,5028,3,72
11085,9.224145760514997,-6.7436401257336644,0.9996763693156392,12617,5735,5,72
11086,9.172734932748904,-6.706054409937121,1.3951602433021284,12617,5724,7,72
11087,9.134219531178102,-6.6778963545209304,1.7921132315008848,12617,5728,9,72
11088,9.753322332231125,-7.130513496479686,2.3484771150945134,12617,6154,11,72
11089,5.775352500008621,-4.222277040116928,-0.3749347905244496,12617,3582,12,72
11090,35.42595303770319,-25.899404085747392,10.131345585538993,12617,22519,13,72
11091,6.076198783281592,-4.442221425237331,-0.13138171565987028,12617,3764,14,72
11092,39.97373981315572,-29.224225503195413,13.268099528135624,12617,25632,15,72
11093,6.906756205151093,-5.121932399570794,0.15009069536063818,12656,4300,1,112
11094,8.030952786375924,-5.955617377269556,0.5239875939043537,12656,5006,3,112
11095,9.20203523485285,-6.824072113075806,1.0022910415980688,12656,5750,5,112
11096,9.136443080746972,-6.775430092235114,1.3966226754229902,12656,5730,7,112
11097,9.115526988749435,-6.759919075761897,1.7974320033122526,12656,5745,9,112
11098,9.971065736116673,-7.394371993900276,2.412970555531786,12656,6323,11,112
11099,5.704767900190329,-4.23055840862376,-0.3722133207998165,12656,3556,12,112
11100,35.41632846137329,-26.264144097754606,10.17948511116858,12656,22626,13,112
11101,6.07473301578638,-4.504918217482964,-0.13201000229161247,12656,3782,14,112
11102,6.90907418302424,-5.125520632697734,0.15016050498638736,12657,4302,1,112
11103,8.037933501606673,-5.962968831332463,0.524510953466783,12657,5011,3,112
11104,9.226446418151172,-6.844671258402093,1.005080025365994,12657,5766,5,112
11105,9.159174700219957,-6.79476550126018,1.4002787557251446,12657,5745,7,112
11106,9.12862537189288,-6.77210237614275,1.800247823682977,12657,5754,9,112
11107,10.078570606714532,-7.476822541541239,2.439302196893749,12657,6392,11,112
11108,5.687988863839007,-4.219654255818183,-0.37116660167495763,12657,3546,12,112
11109,60.07757464001989,-44.56875700313778,17.269942344087205,12657,38386,13,112
11110,6.086794782348179,-4.51550980890851,-0.13228924079460902,12657,3790,14,112
11111,21.082150833234778,-15.639866676043107,7.033666369706104,12657,13588,15,112
11112,6.864438878972245,-5.16521611857897,0.14995107610913994,12696,4296,1,152
11113,7.997158966413699,-6.017542748132523,0.524510953466783,12696,5011,3,152
11114,9.189195015859402,-6.914502270255327,1.006125894278966,12696,5772,5,152
11115,9.14602254944665,-6.8820167134129395,1.4053972681481608,12696,5766,7,152
11116,9.098102370113946,-6.845958692202684,1.8033765129837815,12696,5764,9,152
11117,10.159219328659484,-7.644406826800616,2.471358108117008,12696,6476,11,152
11118,5.649559517282877,-4.25106791626205,-0.3705385702000423,12696,3540,12,152
11119,6.078288057637434,-4.573669021199814,-0.13277790817485297,12696,3804,14,152
11120,28.770671969315252,-21.648781672961004,9.647738725241563,12696,18638,15,152
11121,6.845963039972018,-5.153185396529459,0.1495671231675197,12697,4285,1,152
11122,7.989725740666912,-6.014133843358952,0.5240922658168394,12697,5007,3,152
11123,9.202314452319348,-6.926889931056051,1.0076946976484236,12697,5781,5,152
11124,9.16861112926914,-6.901520312327061,1.409053348450315,12697,5781,7,152
11125,9.125315494081404,-6.868930239362861,1.8090081537252298,12697,5782,9,152
11126,5.621690390327449,-4.231634417845734,-0.36875914768778223,12697,3523,12,152
11127,48.4179353400247,-36.445799643893885,13.991055775971027,12697,31098,13,152
11128,6.1094428622760795,-4.59878202014671,-0.1334760044323443,12697,3824,14,152
11129,28.79158836775396,-21.6723917224367,9.656020934684843,12697,18654,15,152
11130,6.802097626064465,-5.191196795021787,0.1493576942902723,12735,4279,1,191
11131,7.9369613879718885,-6.057297437421528,0.5232548905169524,12735,4999,3,191
11132,9.200519009724466,-7.0216141286776095,1.0125754192422927,12735,5809,5,191
11133,9.136839542021283,-6.97301549531152,1.4112469966316077,12735,5790,7,191
11134,9.115675896140928,-6.956863911387748,1.8162041391170802,12735,5805,9,191
11135,32.302912689848554,-24.652803597356247,7.898729172607449,12735,20698,11,191
11136,5.560159788093131,-4.243379801130265,-0.3665610375255786,12735,3502,12,191
11137,48.43231177889893,-36.962371830523516,14.065739526013191,12735,31264,13,191
11138,6.107422079770898,-4.661037178423395,-0.1341042910640865,12735,3842,14,191
11139,34.70714911926463,-26.487658833634367,11.698620838633937,12735,22600,15,191
11140,6.794833748525367,-5.18753007663401,0.14921807503877405,12736,4275,1,191
11141,7.899391608039075,-6.030807091153073,0.5208474365297769,12736,4976,3,191
11142,9.230965920943051,-7.047400293151834,1.0160616489521987,12736,5829,5,191
11143,9.162445452970863,-6.99508819816527,1.4153905543073828,12736,5807,7,191
11144,9.139583241095293,-6.977633994558209,1.8212100419983677,12736,5821,9,191
11145,9.628100320895083,-7.350593383735435,2.354583002946563,12736,6170,11,191
11146,5.51179414451601,-4.207990799936389,-0.36342088015100193,12736,3472,12,191
11147,48.45993642946083,-36.99684010578728,14.075637372404321,12736,31286,13,191
11148,6.135218308610038,-4.683945285568954,-0.1347325776958287,12736,3860,14,191
11149,22.037639280010474,-16.824681929543257,7.429141870622756,12736,14352,15,191
11150,6.756203937884787,-5.231212014880908,0.14914826541302487,12775,4273,1,231
11151,7.837628770504998,-6.068540584237941,0.5194867016674605,12775,4963,3,231
11152,9.206412736906058,-7.128366367569066,1.0186763212346286,12775,5844,5,231
11153,9.144441751788726,-7.080383304165375,1.4200215893567785,12775,5826,7,231
11154,9.121552916837784,-7.0626608746024395,1.8271545516698966,12775,5840,9,231
11155,9.601128631391811,-7.433988067074009,2.3603072728078596,12775,6185,11,231
11156,5.4482811320254365,-4.218509976953636,-0.36111809807631245,12775,3450,12,231
11157,24.924765374621785,-19.29881532507887,7.277616510132721,12775,16176,13,231
11158,6.112680651500723,-4.732943049269739,-0.13494200657307612,12775,3866,14,231
11159,6.752128967051043,-5.229942067205935,0.14907845578727574,12776,4271,1,231
11160,7.812884513691554,-6.0515629342641315,0.5179166229801722,12776,4948,3,231
11161,9.236671434206068,-7.1543740841507715,1.022162550944535,12776,5864,5,231
11162,9.1793015845034,-7.109937582446878,1.4256275791534152,12776,5849,7,231
11163,9.146868988088308,-7.084816527862803,1.8324733234812645,12776,5857,9,231
11164,9.595174664610388,-7.4320570394186785,2.3591624188356,12776,6182,11,231
11165,5.4128068134467755,-4.1925541104804855,-0.35881531600162286,12776,3428,12,231
11166,41.20596417994143,-31.916571282342854,12.033081798962028,12776,26746,13,231
11167,6.162444091211652,-4.7731946096859605,-0.13605896058506226,12776,3898,14,231
11168,13.391265691593793,-10.372364644596773,4.538650774917804,12776,8768,15,231
11169,6.693047176010879,-5.253680739785737,0.14851997878128267,12813,4255,1,13
11170,7.757931914420735,-6.089557776530314,0.5168699038553132,12813,4938,3,13
11171,9.21848849702771,-7.236015852444086,1.0253001576834508,12813,5882,5,13
11172,9.170672462917029,-7.198482846795985,1.4314773076368623,12813,5873,7,13
11173,9.142880912185948,-7.17666797967119,1.840920784593437,12813,5884,9,13
11174,9.775540028789159,-7.673271235010735,2.415641881467057,12813,6330,11,13
11175,5.395046211851115,-4.234820049535257,-0.3594433474765382,12813,3434,12,13
11176,40.97907047639747,-32.166358257239594,12.027233071549087,12813,26733,13,13
11177,6.1692434839752455,-4.842523116672071,-0.13689667609405187,12813,3922,14,13
11178,13.238906554819824,-10.391827004024542,4.509663041866321,12813,8712,15,13
11179,6.688984596728851,-5.252378852672557,0.14845016915553355,12814,4253,1,13
11180,7.755298115571279,-6.089678220864519,0.5167652319428274,12814,4937,3,13
11181,9.231328634720496,-7.248698902190347,1.0268689610529085,12814,5891,5,13
11182,9.197519047711632,-7.2221506634771355,1.4358646039994476,12814,5891,7,13
11183,9.186683819577222,-7.213642537573409,1.8499939835657704,12814,5913,9,13
11184,12.178376059868889,-9.562803434774008,3.009821093069618,12814,7887,11,13
11185,5.356606557443399,-4.206158139183311,-0.3569312215768769,12814,3410,12,13
11186,26.337779667192862,-20.681165422022982,7.731117835689953,12814,17184,13,13
11187,6.198280812534305,-4.867064438839066,-0.13755986753866864,12814,3941,14,13
11188,6.823666555758953,-5.358134915228325,2.3247126631108412,12814,4491,15,13
11189,6.64902514997788,-5.296456534690665,0.14838035952978443,12854,4251,1,54
11190,7.69697346708505,-6.131227435230698,0.5157185128179685,12854,4927,3,54
11191,9.166473074558862,-7.3017961461575815,1.0253001576834508,12854,5882,5,54
11192,9.18258698266266,-7.314632105106547,1.4414705937960843,12854,5914,7,54
11193,9.190177676501344,-7.320678672697719,1.8609443961185865,12854,5948,9,54
11194,12.12206809845455,-9.656153397801246,3.0124924190048894,12854,7894,11,54
11195,5.32086292447568,-4.238473847046023,-0.3565125339269334,12854,3406,12,54
11196,6.843894319434964,-5.451684716672223,2.020060468007908,12854,4490,13,54
11197,6.1860490397935814,-4.927660690355583,-0.13804853491891259,12854,3955,14,54
11198,6.764939132447331,-5.388790877855901,2.317465729847971,12854,4477,15,54
11199,6.624642277654079,-5.2789238546844635,0.1478567873366659,12855,4236,1,54
11200,7.695903248799537,-6.13257071713434,0.5157185128179685,12855,4927,3,54
11201,9.174547594556902,-7.310845797094883,1.0263460265964226,12855,5888,5,54
11202,9.230989252841624,-7.355821994122488,1.4492702317740138,12855,5946,7,54
11203,9.225976769835809,-7.351827738281707,1.8684532504405176,12855,5972,9,54
11204,12.148019648914389,-9.680291859402702,3.019361542838445,12855,7912,11,54
11205,5.320123090199152,-4.239402448256456,-0.3565125339269334,12855,3406,12,54
11206,6.806365740060927,-5.423732325911845,2.0092628173994025,12855,4466,13,54
11207,6.2023917075486485,-4.942448538167749,-0.13843248786053283,12855,3966,14,54
11208,6.770041839236722,-5.3947871997421055,2.319536282208791,12855,4481,15,54
11209,6.59881923688572,-5.330283020114698,0.1480662162139133,12893,4242,1,93
11210,7.642631969263886,-6.1734364819453456,0.5148811375180814,12893,4919,3,93
11211,9.10416009277798,-7.354005044369536,1.0239056657994883,12893,5874,5,93
11212,9.234504805144175,-7.459292699955501,1.4575573471255638,12893,5980,7,93
11213,9.233871974742264,-7.458781522875963,1.8800294008534948,12893,6009,9,93
11214,6.8481599932419215,-5.5316912951586525,1.7111750705368538,12893,4484,11,93
11215,5.307426470218628,-4.287143529645314,-0.3575592530517922,12893,3416,12,93
11216,6.7823723759447,-5.478550482109396,2.0128620342689043,12893,4474,13,93
11217,6.180365117432099,-4.992271202007472,-0.13867682155065478,12893,3973,14,93
11218,6.746136141647908,-5.449280187310983,2.3236773869304312,12893,4489,15,93
11219,6.605665687442932,-5.337718755110731,0.14824074027828615,12894,4247,1,93
11220,7.636893953314428,-6.171004409576446,0.5145671217806238,12894,4916,3,93
11221,9.031590718640235,-7.29799136807837,1.0158873374667037,12894,5828,5,93
11222,9.294963325987437,-7.510810025930213,1.4673068945979757,12894,6020,7,93
11223,6.917129352678212,-5.589397469433533,1.4085359232222388,12894,4502,9,93
11224,6.831924144729668,-5.520547264470147,1.707358890629323,12894,4474,11,93
11225,5.266287734283139,-4.2554322515183385,-0.35483778332715915,12894,3390,12,93
11226,6.790510518937341,-5.487082917715655,2.015561446921031,12894,4480,13,93
11227,6.218378012337378,-5.024770327980387,-0.13954944187251897,12894,3998,14,93
11228,14.950900056340894,-12.081098773772348,5.150498997540163,12894,9950,15,93
11229,6.545978521947864,-5.363547410851343,0.14771716808516766,12933,4232,1,133
11230,7.583898388705554,-6.213982895073317,0.5138344183932225,12933,4909,3,133
11231,8.946260032820952,-7.330254701410373,1.0118781733003113,12933,5805,5,133
11232,9.292759473401233,-7.614164306544976,1.4751065325759052,12933,6052,7,133
11233,6.8636438762029295,-5.6238313672711895,1.405407233921434,12933,4492,9,133
11234,6.786596023482137,-5.560701033191008,1.7054508006755575,12933,4469,11,133
11235,5.221751182282497,-4.27852152889546,-0.3537910642023003,12933,3380,12,133
11236,15.138486667287877,-12.403950104067595,4.518366877550873,12933,10043,13,133
11237,6.19331238229661,-5.07458502671285,-0.13975887074976637,12933,4004,14,133
11238,14.977405070425187,-12.271965439148225,5.188286578125131,12933,10023,15,133
11239,6.518750785079494,-5.3431397879467974,0.1471237862663,12934,4215,1,133
11240,7.56427761843646,-6.200113187737154,0.5125783554433919,12934,4897,3,133
11241,8.951144164377807,-7.336868076289192,1.0125754192422927,12934,5809,5,133
11242,6.9056268972139865,-5.660245505883331,1.0963366132727068,12934,4498,7,133
11243,6.864189979983585,-5.626281446135814,1.4057201028515147,12934,4493,9,133
11244,6.8326950718655555,-5.60046642386677,1.7172809583889033,12934,4500,11,133
11245,5.208646953107564,-4.269303996130219,-0.3529536889024132,12934,3372,12,133
11246,15.106178510973422,-12.381885135193848,4.509368835377118,12934,10023,13,133
11247,6.1893334856199616,-5.073130588698241,-0.13968906112401722,12934,4002,14,133
11248,15.015603407355636,-12.307644616435974,5.202262806560667,12934,10050,15,133
11249,6.483170631005971,-5.38625595017321,0.1471237862663,12972,4215,1,172
11250,7.509164645309626,-6.2386577577017075,0.5116363082310188,12972,4888,3,172
11251,6.946818757597945,-5.7714575163172706,0.790153963750269,12972,4533,5,172
11252,6.867935125112572,-5.705920534641425,1.0963366132727068,12972,4498,7,172
11253,6.834321442705888,-5.677994091366225,1.407284447501917,12972,4498,9,172
11254,15.143174432428657,-12.581037586931982,3.8268652112719828,12972,10028,11,172
11255,5.164855060869674,-4.290991690137713,-0.3519069697775543,12972,3362,12,172
11256,15.00723892929988,-12.468101578574364,4.504419912181553,12972,10012,13,172
11257,6.140170144478254,-5.101289146640915,-0.13934001299527154,12972,3992,14,172
11258,14.969308811993288,-12.436589016024133,5.214686120725588,12972,10074,15,172
11259,6.488382036133346,-5.392499980767492,0.1472634055177983,12973,4219,1,172
11260,7.002724432080364,-5.8199703955498325,0.47719924902316185,12973,4559,3,172
11261,6.9182303576195405,-5.749747296421642,0.7870163570113532,12973,4515,5,172
11262,6.882205799465577,-5.719807254656134,1.0987740001408097,12973,4508,7,172
11263,15.239025490794777,-12.665167403582478,3.1383882376371117,12973,10031,9,172
11264,15.12738956467624,-12.572386687820877,3.823430649355205,12973,10019,11,172
11265,5.170250150994189,-4.296999419043811,-0.3523256574274979,12973,3366,12,172
11266,15.047026425213152,-12.505596812379546,4.5170171712248095,12973,10040,13,172
11267,6.099294419365928,-5.0691289224280345,-0.13843248786053283,12973,3966,14,172
11268,14.990909501346001,-12.458957987910036,5.222968330168868,12973,10090,15,172
11269,6.44846810607439,-5.433962562464869,0.14719359589204917,13012,4217,1,212
11270,6.949201557158793,-5.85591810015348,0.4762572018107888,13012,4550,3,212
11271,6.871315237168696,-5.790285249065069,0.7861447995838766,13012,4510,5,212
11272,11.594431770015127,-9.770337254512686,1.8616760898570328,13012,7638,7,212
11273,15.027950617912428,-12.663677590555624,3.819996087438427,13012,10010,11,212
11274,5.125608884796684,-4.319222229475842,-0.35127893830263895,13012,3356,12,212
11275,25.586644395874767,-21.561224380611222,7.724819206168325,13012,17170,13,212
11276,6.064648923094861,-5.110527750233737,-0.13843248786053283,13012,3966,14,212
11277,24.259895803938413,-20.443206572382653,8.500652717347192,13012,16422,15,212
11278,6.410825158455511,-5.404155507014132,0.14635588038305955,13013,4193,1,212
11279,6.955814762784749,-5.863567282987581,0.4767805613732182,13013,4555,3,212
11280,8.768397542244218,-7.391526471925247,1.0033369105110408,13013,5756,5,212
11281,11.648883833470828,-9.819699986075692,1.8706944212690138,13013,7675,7,212
11282,14.520422902702379,-12.240331229485324,3.0079218937935592,13013,9614,9,212
11283,5.085151077952408,-4.286647431909691,-0.3485574685780059,13013,3330,12,212
11284,25.48603244934187,-21.48404912141351,7.695575569103622,13013,17105,13,212
11285,6.053054329197559,-5.102564190858324,-0.13818815417041086,13013,3959,14,212
11286,24.347905323418356,-20.52463815274446,8.532746278939905,13013,16484,15,212
11287,6.36990131468554,-5.446180462183549,0.1462860707573104,13053,4191,1,253
11288,6.923818455017222,-5.919772211617412,0.4774085928481336,13053,4561,3,253
11289,8.696895180467813,-7.435729106873976,1.0010708611996018,13053,5743,5,253
11290,11.578537275946427,-9.89949457263081,1.8704506825822036,13053,7674,7,253
11291,15.005154298029424,-12.829206314636858,3.1268120872241347,13053,9994,9,253
11292,14.569865433817657,-12.457040155294525,3.7261180617131666,13053,9764,11,253
11293,5.030812181523147,-4.301277156171914,-0.34688271797823167,13053,3314,12,253
11294,25.492429732757838,-21.795686602561847,7.743265192624522,13053,17211,13,253
11295,5.996005890344657,-5.126504873136269,-0.13769948679016691,13053,3945,14,253
11296,15.539382885268175,-13.28596461440076,5.478163908639954,13053,10583,15,253
11297,6.3628719867789405,-5.442093098668572,0.14614645150581212,13054,4187,1,253
11298,7.340186144860289,-6.277978944867723,0.5061933687817527,13054,4836,3,253
11299,8.674399573570197,-7.419116737301733,0.9986305004026673,13054,5729,5,253
11300,11.683918180915043,-9.993124273109013,1.8877561293457343,13054,7745,7,253
11301,15.040444755852782,-12.863923834521115,3.134633810476146,13054,10019,9,253
11302,25.029453607701605,-21.407411154105684,6.402023412873831,13054,16776,11,253
11303,5.045239608253846,-4.315136892626201,-0.3479294371030906,13054,3324,12,253
11304,5.99967007494704,-5.131450574049085,-0.1378042012287906,13054,3948,14,253
11305,24.003684522247998,-20.530082351581626,8.463382774852429,13054,16350,15,253
11306,6.323616943435303,-5.481553645399726,0.146076641880063,13092,4185,1,36
11307,7.314988847080091,-6.340912825593646,0.5073447598190975,13092,4847,3,36
11308,8.61446521715907,-7.4673487715457405,0.9974103200042002,13092,5722,5,36
11309,11.61588480376201,-10.069094358523008,1.887512390658924,13092,7744,7,36
11310,31.067887193980102,-26.930835916590716,6.512053910694731,13092,20814,9,36
11311,36.76369643588724,-31.868181773045492,9.457257046843067,13092,24782,11,36
11312,5.0014179986019025,-4.33542090035431,-0.34688271797823167,13092,3314,12,36
11313,15.638125418171827,-13.555726755743343,4.777960394263693,13092,10620,13,36
11314,5.950395107108298,-5.158030646495607,-0.13745515310004494,13092,3938,14,36
11315,12.421056693832941,-10.767048227119295,4.404582509554698,13092,8509,15,36
11316,6.303019853153202,-5.46562628687484,0.1456228793126936,13093,4172,1,36
11317,7.29124778331394,-6.32256227602746,0.5057746811318091,13093,4832,3,36
11318,8.58456163499727,-7.44405171277792,0.9940984017797891,13093,5703,5,36
11319,11.477649245242342,-9.952775477129839,1.8653321701591874,13093,7653,7,36
11320,31.24675380631718,-27.095437260581726,6.550536789094628,13093,20937,9,36
11321,13.963403755390237,-12.10828275933922,3.5925517649495853,13093,9414,11,36
11322,4.988589646447824,-4.325825928093292,-0.3460453426783446,13093,3306,12,36
11323,15.591590447890562,-13.52015519410835,4.764463331003061,13093,10590,13,36
11324,5.9162573693547325,-5.130247492665838,-0.13668724721680445,13093,3916,14,36
11325,12.426474971701767,-10.77554407900968,4.4071707000057225,13093,8514,15,36
11326,6.2791873339742645,-5.520285573254656,0.14593702262856473,13132,4181,1,76
11327,7.242042854351658,-6.366770501249912,0.5053559934818657,13132,4828,3,76
11328,8.514240532411108,-7.485210534169693,0.99183235246835,13132,5690,5,76
11329,11.309749110657206,-9.942854310921652,1.8490016781428975,13132,7586,7,76
11330,31.276716872546903,-27.496616958075734,6.595902783956294,13132,21082,9,76
11331,37.843752113800605,-33.26996117814743,9.794607350668798,13132,25666,11,76
11332,4.908029042965747,-4.314845294136228,-0.34248649765382444,13132,3272,12,76
11333,15.548962549144743,-13.6697169671467,4.779760002698444,13132,10624,13,76
11334,5.866181709280908,-5.157195754396719,-0.1363381990880588,13132,3906,14,76
11335,12.378956806266208,-10.882837704146437,4.416488185629414,13132,8532,15,76
11336,6.2962430648155365,-5.537228478674106,0.14635588038305955,13133,4193,1,76
11337,7.228933303425766,-6.35748254095358,0.5045186181819785,13133,4820,3,76
11338,8.494980523455103,-7.470907268989873,0.9897406146424061,13133,5678,5,76
11339,11.32590129229336,-9.960559421982227,1.851926542384621,13133,7598,7,76
11340,31.52111959435479,-27.721236188118365,6.648464764209812,13133,21250,9,76
11341,15.643202393491666,-13.757408171700362,4.0493484998810345,13133,10611,11,76
11342,4.901276770870416,-4.310425921957739,-0.34206781000388087,13133,3268,12,76
11343,15.567063325611402,-13.690447698499721,4.7860586322200716,13133,10638,13,76
11344,5.835249356039394,-5.131807743412254,-0.13564010283056746,13133,3886,14,76
11345,12.358198584490669,-10.868412868231061,4.409758890456748,13133,8519,15,76
11346,6.29819380401776,-5.613458140614178,0.1472634055177983,13171,4219,1,115
11347,7.182137209615847,-6.401299775914674,0.5042046024445208,13171,4817,3,115
11348,8.437808307445717,-7.52045510288326,0.9888690572149296,13171,5673,5,115
11349,11.238844938011798,-10.016964795230184,1.848514200769277,13171,7584,7,115
11350,15.749393169530572,-14.03712906402418,3.3414401732593313,13171,10680,9,115
11351,15.643950031051899,-13.94314963714668,4.073390433298479,13171,10674,11,115
11352,4.8785453497743525,-4.348152972138844,-0.34248649765382444,13171,3272,12,115
11353,15.212608403629583,-13.55870319977364,4.704626350547593,13171,10457,13,115
11354,5.76973667990724,-5.1424545421838825,-0.13490710176020154,13171,3865,14,115
11355,15.213450143188226,-13.559453425937646,5.460564213572982,13171,10549,15,115
11356,6.349454432071527,-5.6611345680751874,0.14848507396840813,13172,4254,1,115
11357,7.170584500597265,-6.393249093117997,0.5034718990571196,13172,4810,3,115
11358,8.406752986801187,-7.495409321856115,0.9853828275050233,13172,5653,5,115
11359,11.211907837421794,-9.99646815510631,1.8443706430935018,13172,7567,7,115
11360,15.677644643856915,-13.978091659503605,3.32673533354555,13172,10633,9,115
11361,15.609277790770067,-13.917136193256686,4.064994837501911,13172,10652,11,115
11362,4.868841783565627,-4.341029425805276,-0.3418584661789091,13172,3266,12,115
11363,15.581152283746531,-13.892059663964448,4.819351388262963,13172,10712,13,115
11364,5.719583776139655,-5.099545760428802,-0.13375524293534086,13172,3832,14,115
11365,12.201743030296418,-10.878999132693265,4.380253519315061,13172,8462,15,115
11366,6.338959858608354,-5.729699704685772,0.14914826541302487,13211,4273,1,155
11367,7.119492834983048,-6.435212858891708,0.5029485394946902,13211,4805,3,155
11368,8.342236351736851,-7.540434113343504,0.9838140241355654,13211,5644,5,155
11369,11.118569636835947,-10.04992405468443,1.840227085417727,13211,7550,7,155
11370,31.896997979902352,-28.831263169716944,6.80990513213133,13211,21766,9,155
11371,4.8362174013287555,-4.3713912115343465,-0.34164912235393735,13211,3264,12,155
11372,15.108906706456748,-13.65673552523733,4.7019269378954665,13211,10451,13,155
11373,5.638751795593344,-5.096791148493008,-0.13267319373622927,13211,3801,14,155
11374,12.06148452315516,-10.902212011414463,4.356442167165629,13211,8416,15,155
11375,6.358725347268055,-5.749582310599178,0.14963693279326884,13212,4287,1,155
11376,7.128739723407987,-6.445832076735615,0.5036812428820914,13212,4812,3,155
11377,8.343875847546357,-7.544562527063634,0.984162647106556,13212,5646,5,155
11378,11.01227318708589,-9.957336990998922,1.822921638654196,13212,7479,7,155
11379,32.108817960807905,-29.032908590874527,6.856209733783239,13212,21914,9,155
11380,24.05397037816708,-21.749686459630624,6.303565971259534,13212,16518,11,155
11381,4.8117511682521075,-4.350802698511487,-0.3399743717541631,13212,3248,12,155
11382,12.279199335883558,-11.10289616774371,3.821918413302267,13212,8495,13,155
11383,5.6126467725827665,-5.074975382157054,-0.13207981191736162,13212,3784,14,155
11384,12.052416869157154,-10.897838646332696,4.353853976714603,13212,8411,15,155
11385,6.354820440192686,-5.825160817791003,0.15047464830225843,13251,4311,1,195
11386,7.065559651986118,-6.476661556037075,0.5023205080197749,13251,4799,3,195
11387,8.279110363834493,-7.58906561585142,0.9825938437370982,13251,5637,5,195
11388,10.909121249046722,-9.999871161513319,1.8170719101707489,13251,7455,7,195
11389,32.15800338925183,-29.47770799890297,6.909397451896917,13251,22084,9,195
11390,23.954574734767274,-21.958016196533418,6.316540982945139,13251,16552,11,195
11391,4.776135759750566,-4.378055863259902,-0.3395556841042196,13251,3244,12,195
11392,12.184665524148885,-11.169101764110401,3.8160696858893255,13251,8482,13,195
11393,5.560283623383627,-5.096846811576818,-0.13166095416286683,13251,3772,14,195
11394,12.006440652859002,-11.005731524657625,4.364206738518705,13251,8431,15,195
11395,6.392123980046084,-5.861408573140529,0.15138217343699717,13252,4337,1,195
11396,7.068845341950605,-6.481944157975336,0.5026345237572326,13252,4802,3,195
11397,8.270443327910405,-7.583777720396694,0.9817222863096216,13252,5632,5,195
11398,10.891281727370478,-9.987017193123632,1.8143907846158356,13252,7444,7,195
11399,13.065556434980717,-11.98076957516948,2.807685778542064,13252,8974,9,195
11400,4.775371572113237,-4.378889389519364,-0.3395556841042196,13252,3244,12,195
11401,12.19564268311803,-11.183081680038255,3.820118804867515,13252,8491,13,195
11402,5.5476031037337945,-5.0870052730691615,-0.13138171565987028,13252,3764,14,195
11403,15.05441653539561,-13.804501667935453,5.472987527737904,13252,10573,15,195
11404,6.375512866080803,-5.926566099621358,0.15194065044299024,13291,4353,1,235
11405,7.0128580059201076,-6.519031079125358,0.5017971484573455,13291,4794,3,235
11406,8.211334625578814,-7.63311414263024,0.980850728882145,13291,5627,5,235
11407,10.744538286750005,-9.987936296877244,1.8012288955280797,13291,7390,7,235
11408,12.909916389729599,-12.000834196630086,2.79172946310796,13291,8923,9,235
11409,24.31403906571351,-22.601908693238723,6.452778605643992,13291,16909,11,235
11410,4.763009108735059,-4.427610595250765,-0.3408117470540502,13291,3256,12,235
11411,31.046720859245003,-28.86049282838616,9.786270668175503,13291,21752,13,235
11412,5.486485457463516,-5.100141651546429,-0.13075342902812806,13291,3746,14,235
11413,14.861058820393934,-13.814582333917823,5.4367528614235505,13291,10503,15,235
11414,6.405230523636704,-5.956275404580135,0.15267365151335616,13292,4374,1,235
11415,7.005869700439231,-6.514814608222241,0.5013784608074019,13292,4790,3,235
11416,8.202707084827754,-7.627763322497073,0.9799791714546684,13292,5622,5,235
11417,10.667202837833381,-9.919517754152592,1.7885544838139444,13292,7338,7,235
11418,33.051429913073,-30.7347906294663,7.148429314478389,13292,22848,9,235
11419,24.30578081380247,-22.602141158874343,6.451633751671732,13292,16906,11,235
11420,4.7622362723653735,-4.428441829722676,-0.3408117470540502,13292,3256,12,235
11421,5.4738801319968,-5.090205181143244,-0.13047419052513154,13292,3738,14,235
11422,14.901088647106572,-13.856642236794416,5.452282004129701,13292,10533,15,235
11423,6.400916483286744,-6.0340281501161055,0.15354627183522035,13331,4399,1,19
11424,6.942469756597279,-6.544540621959102,0.5000177259450853,13331,4777,3,19
11425,8.138998777594434,-7.6724868799643975,0.9785846795707058,13331,5614,5,19
11426,10.571991515687712,-9.966025111406003,1.7839234487645488,13331,7319,7,19
11427,33.128938546208744,-31.230050929932602,7.211003100494483,13331,23048,9,19
11428,24.092799748795514,-22.71184638620599,6.435987414050857,13331,16865,11,19
11429,4.731982735499423,-4.460754503893414,-0.3408117470540502,13331,3256,12,19
11430,5.4536565081515604,-5.1410633113514805,-0.1308232386538772,13331,3748,14,19
11431,14.769876342671155,-13.923295180950301,5.4388234137843705,13331,10507,15,19
11432,6.431869839687972,-6.065327814707735,0.15431417771846082,13332,4421,1,19
11433,6.92534361535891,-6.5306793053328915,0.49886633490774057,13332,4766,3,19
11434,8.13910908172575,-7.675274209642031,0.9787589910562012,13332,5615,5,19
11435,10.528369552277738,-9.928374528805781,1.7768550268470502,13332,7290,7,19
11436,24.010277103923283,-22.641969627347294,6.414998424559436,13332,16810,11,19
11437,31.02938800915094,-29.26107257394253,9.846557550739659,13332,21886,13,19
11438,5.4178428597597845,-5.109088618405701,-0.1299855231448876,13332,3724,14,19
11439,14.855991690124243,-14.009372369007526,5.471434613467289,13332,10570,15,19
11440,6.391501899150477,-6.107851881611976,0.15431417771846082,13370,4421,1,58
11441,6.8544434152765135,-6.550248403581646,0.4968775685705087,13370,4747,3,58
11442,8.077943078278292,-7.719450077418322,0.9775388106577341,13370,5608,5,58
11443,10.433587877654388,-9.970553143223734,1.7719802531108444,13370,7270,7,58
11444,13.178806168283632,-12.593940723548801,2.8871544867825008,13370,9228,9,58
11445,12.039082822480983,-11.504797437351382,3.236883797567706,13370,8482,11,58
11446,60.133606574094046,-57.46492262022364,19.202721803009695,13370,42682,13,58
11447,5.375164908627339,-5.136619157618937,-0.1297760942676402,13370,3718,14,58
11448,14.806048586477633,-14.148967354633129,5.487481394263646,13370,10601,15,58
11449,6.388990307631882,-6.107585509424946,0.15427927290558624,13371,4420,1,58
11450,6.854743788702695,-6.552824753027227,0.4969822404829946,13371,4748,3,58
11451,8.07227508162526,-7.716729552357177,0.9770158762012481,13371,5605,5,58
11452,10.410323772007342,-9.951798258698739,1.7683241728086898,13371,7255,7,58
11453,13.136626871949886,-12.558020604601975,2.8783941567402485,13371,9200,9,58
11454,12.04133206813121,-11.510968355303612,3.238028651539965,13371,8485,11,58
11455,29.995581984581023,-28.674418500362293,9.580215502396523,13371,21294,13,58
11456,5.35403169671233,-5.118211929165159,-0.12928742688739625,13371,3704,14,58
11457,23.08302605624873,-22.06632795896021,8.556557631089337,13371,16530,15,58
11458,6.368810112772988,-6.171806366582631,0.15480284509870476,13410,4435,1,98
11459,6.8142845252489,-6.603501104906585,0.49729625622045226,13410,4751,3,98
11460,7.988085053636434,-7.740992951251802,0.9731810235203511,13410,5583,5,98
11461,10.332364557967656,-10.012757835694407,1.7666180020010178,13410,7248,7,98
11462,13.101911991247382,-12.69663601365849,2.889657438223145,13410,9236,9,98
11463,29.788512504452566,-28.86707687473486,9.576616285527022,13410,21286,13,98
11464,5.298964896534909,-5.135054226085661,-0.1287987595071523,13410,3690,14,98
11465,14.92471836505733,-14.46305827837088,5.568750574425836,13410,10758,15,98
11466,6.3390170134963215,-6.14508055512609,0.15410474884121342,13411,4415,1,98
11467,6.78875318500294,-6.581057457629758,0.49551683370819216,13411,4734,3,98
11468,7.983872783426106,-7.7396134592438965,0.9728324005493605,13411,5581,5,98
11469,10.312087868562518,-9.996598922031266,1.763449399072484,13411,7235,7,98
11470,29.81285709662118,-28.90075985711124,9.586064229809464,13411,21307,13,98
11471,5.277967506593993,-5.116492892557987,-0.1283100921269084,13411,3676,14,98
11472,22.836865558302577,-22.138192433238423,8.522393517135802,13411,16464,15,98
11473,6.291337115361844,-6.182479764604245,0.15396512958971514,13450,4411,1,138
11474,6.725281327998411,-6.608915554707092,0.49415609884587564,13450,4721,3,138
11475,7.922479921827312,-7.785399336268706,0.9717865316363886,13450,5575,5,138
11476,10.204160509726256,-10.027600605301195,1.7566247158417956,13450,7207,7,138
11477,11.911164431380163,-11.70506868723824,2.644993934900224,13450,8454,9,138
11478,29.830887401707063,-29.314731405969848,9.655799056656061,13450,21462,13,138
11479,5.237313508866173,-5.14669365124162,-0.1281704728754101,13450,3672,14,138
11480,35.629584575051815,-35.013095247852426,13.385085736521964,13450,25858,15,138
11481,6.284553817317018,-6.177970300156459,0.15382551033821687,13451,4407,1,138
11482,6.741219371150498,-6.626890988991007,0.49541216179570635,13451,4733,3,138
11483,7.912596019382311,-7.77840155814744,0.9707406627234166,13451,5569,5,138
11484,10.17409770553929,-10.00154908094107,1.75174994210559,13451,7187,7,138
11485,11.899260453668866,-11.697453759410495,2.6428038523896604,13451,8447,9,138
11486,24.83674268363532,-24.415521469371967,8.040650486467111,13451,17872,13,138
11487,5.202190225907075,-5.113963162008342,-0.1273327573664205,13451,3648,14,138
11488,35.73368571137,-35.12765670518451,13.426496783738365,13451,25938,15,138
11489,6.234608768222569,-6.20854784385058,0.15358117664809492,13488,4400,1,176
11490,6.703945433506515,-6.6759226623220504,0.4958308494456498,13488,4737,3,176
11491,7.849494640977054,-7.816683426384168,0.9691718593539589,13488,5560,5,176
11492,10.072726994778272,-10.030622576331268,1.7454127362485223,13488,7161,7,176
11493,24.227019288130716,-24.125749338259155,7.893532496926224,13488,17545,13,176
11494,5.186060929930591,-5.164382979202982,-0.12775161512091532,13488,3660,14,176
11495,35.615608368336304,-35.46673364168458,13.46790783095477,13488,26018,15,176
11496,6.212274423580665,-6.188466680514973,0.15305760445497638,13489,4385,1,176
11497,6.694290257885095,-6.668635251103371,0.4952028179707345,13489,4731,3,176
11498,7.849541787023705,-7.819459427278051,0.9693461708394541,13489,5561,5,176
11499,10.051287064504228,-10.012766799043499,1.7420003946331781,13489,7147,7,176
11500,13.47000788409175,-13.418385810607678,3.0113634520244443,13489,9625,9,176
11501,53.73854686073666,-53.53260078863017,14.744192690736371,13489,38636,11,176
11502,24.273890763635904,-24.180864197985215,7.910178874947669,13489,17582,13,176
11503,5.142658188733823,-5.122949612376136,-0.1267044707346783,13489,3630,14,176
11504,36.2800539910811,-36.14101534839808,13.721550495155238,13489,26508,15,176
11505,6.158750708686157,-6.219241471365684,0.15277836595197986,13528,4377,1,216
11506,6.667013207659773,-6.732496084431683,0.49656355283305104,13528,4744,3,216
11507,7.776507957396272,-7.852888203906794,0.9669058100425196,13528,5547,5,216
11508,9.964741654192487,-10.062614559117247,1.7388317917046443,13528,7134,7,216
11509,13.816197739670487,-13.951899341851767,3.1099171649997897,13528,9940,9,216
11510,53.00822245428319,-53.52886502551492,14.643445541177554,13528,38372,11,216
11511,24.127932819362297,-24.364915468467597,7.916477504469297,13528,17596,13,216
11512,5.099226083682577,-5.149310279239031,-0.1264950418574309,13528,3624,14,216
11513,6.137969627662563,-6.200420364588263,0.15228969857173594,13529,4363,1,216
11514,6.6349256613973076,-6.7024326746503675,0.49426077075836156,13529,4722,3,216
11515,7.7737355681132225,-7.852829396258976,0.9667314985570244,13529,5546,5,216
11516,9.940640450381864,-10.041781439878122,1.7349319727156796,13529,7118,7,216
11517,13.695636728094515,-13.834982905775407,3.0833233059429506,13529,9855,9,216
11518,52.67291914065133,-53.20883945565852,14.553383695359827,13529,38136,11,216
11519,22.686897941317543,-22.917725654867663,7.444980094564557,13529,16548,13,216
11520,5.10676822104403,-5.158727005146778,-0.1267044707346783,13529,3630,14,216
11521,6.0900343690672365,-6.236333517135103,0.15215007932023766,13568,4359,1,0
11522,6.587754881383834,-6.746010626494514,0.49415609884587564,13568,4721,3,0
11523,7.706183251164942,-7.891306680061612,0.9649883837020713,13568,5536,5,0
11524,9.86789771066651,-10.104951385703894,1.7342007566552486,13568,7115,7,0
11525,13.627370846784444,-13.95473726616227,3.0892678156144795,13568,9874,9,0
11526,13.469674129510167,-13.793252245901149,3.74748866919534,13568,9820,11,0
11527,16.18707148444138,-16.57592885771268,5.348886170188423,13568,11889,13,0
11528,5.054770439845208,-5.176199739617986,-0.12628561298018348,13568,3618,14,0
11529,6.076374022462637,-6.224518020512024,0.15183593600436657,13569,4350,1,0
11530,6.6033193687650815,-6.764310467744428,0.49541216179570635,13569,4733,3,0
11531,7.6881046722311295,-7.875543193848814,0.9628966458761274,13569,5524,5,0
11532,9.839787245438082,-10.079684496184306,1.729569721605853,13569,7096,7,0
11533,13.33792003900676,-13.663102918292504,3.0241910781577435,13569,9666,9,0
11534,51.203041122720485,-52.45138811323915,14.248089302757354,13569,37336,11,0
11535,16.155591453387096,-16.549470088887436,5.33943822590598,13569,11868,13,0
11536,5.034310799300079,-5.157048953086284,-0.12579694559993956,13569,3604,14,0
11537,5.9978001555036995,-6.228283704956941,0.1509284108696278,13608,4324,1,40
11538,6.562665171986043,-6.81485536230516,0.4958308494456498,13608,4737,3,40
11539,7.630173778523523,-7.923386204717049,0.9623737114196415,13608,5521,5,40
11540,9.737902409982048,-10.112110661922953,1.7237199931224059,13608,7072,7,40
11541,13.11854913458489,-13.622668926812604,2.9954071365903405,13608,9574,9,40
11542,50.981014221131964,-52.94011335877668,14.286251101832663,13608,37436,11,40
11543,15.969574890412895,-16.583253940826772,5.315143512036842,13608,11814,13,40
11544,4.999091526465157,-5.191196686555231,-0.12579694559993956,13608,3604,14,40
11545,5.920436609083711,-6.150095184726045,0.14900864616152662,13609,4269,1,40
11546,6.598874819992718,-6.854850568415796,0.49865699108276884,13609,4764,3,40
11547,7.614973000628701,-7.910364028073531,0.9606305965646883,13609,5511,5,40
11548,9.687952296445717,-10.063755885302477,1.7151891390840455,13609,7037,7,40
11549,13.124391199760622,-13.633497062744652,2.9972843501708235,13609,9580,9,40
11550,15.877480991961923,-16.4933814584592,5.285449972863453,13609,11748,13,40
11551,4.959353786386355,-5.151731173712893,-0.12481961083945167,13609,3576,14,40
11552,5.824734186121504,-6.13369969256463,0.14764735845941854,13648,4230,1,80
11553,6.5850706957564435,-6.93436727092478,0.5011691169824302,13648,4788,3,80
11554,7.560952867497678,-7.96201385281528,0.9606305965646883,13648,5511,5,80
11555,9.585052832334089,-10.093479587615455,1.7090956719137884,13648,7012,7,80
11556,13.084337732057678,-13.778379538032334,3.0094862384439613,13648,9619,9,80
11557,15.822549607577427,-16.661836328055532,5.304795763537025,13648,11791,13,80
11558,4.9296804695780105,-5.191169006945951,-0.12495923009094995,13648,3580,14,80
11559,24.37220635706162,-25.66499858407653,9.483647450646565,13648,18321,15,80
11560,5.8154030491666875,-6.126014481917532,0.1474379295821711,13649,4224,1,80
11561,6.618237201432439,-6.971729491139933,0.5037859147945772,13649,4813,3,80
11562,7.560934841353069,-7.964778355577759,0.9608049080501837,13649,5512,5,80
11563,9.569624055182386,-10.080755375494412,1.7066582850456853,13649,7002,7,80
11564,12.978572019063288,-13.671781555155363,2.9857081997578465,13649,9543,9,80
11565,15.998083554398631,-16.85257078633891,5.364632743992493,13649,11924,13,80
11566,4.906746322734392,-5.168824719117917,-0.12440075308495688,13649,3564,14,80
11567,5.751700609224752,-6.142102451787544,0.14687945257617804,13688,4208,1,120
11568,6.619775805565529,-7.069099031412938,0.5075541036440693,13688,4849,3,120
11569,7.487479604281908,-7.995699004466746,0.9583645472532493,13688,5498,5,120
11570,9.48585982814092,-10.129721080108578,1.7039771594907722,13688,6991,7,120
11571,12.71643290132123,-13.579572200946746,2.946599583497789,13688,9418,9,120
11572,16.242848079834157,-17.345345975615533,4.619104160075397,13688,12104,11,120
11573,15.890994134730251,-16.96960962810333,5.367332156644619,13688,11930,13,120
11574,4.879650944613204,-5.210861633289337,-0.12461018196220429,13688,3570,14,120
11575,5.7301296090594525,-6.121208264685778,0.14635588038305955,13689,4193,1,120
11576,6.679963730287712,-7.135868118757965,0.5122643397059342,13689,4894,3,120
11577,7.479275970984512,-7.9897330446197135,0.9574929898257727,13689,5493,5,120
11578,9.443393279917608,-10.087900437770019,1.6966649988864633,13689,6961,7,120
11579,12.669513456936121,-13.534201802265104,2.9362749088051334,13689,9385,9,120
11580,16.18346950204289,-17.28798369771174,4.6030762044637665,13689,12062,11,120
11581,15.89602276516933,-16.980918855997597,5.370031569296746,13689,11936,13,120
11582,4.8213444456860834,-5.150398940570337,-0.12314417982147247,13689,3528,14,120
11583,5.669053260690973,-6.137043593240726,0.14583230818994103,13727,4178,1,159
11584,6.679923305133334,-7.231362740471285,0.5159278566429403,13727,4929,3,159
11585,7.290929487075357,-7.892808559003025,0.9400618412762409,13727,5393,5,159
11586,9.361463884270863,-10.134269217875797,1.69398387333155,13727,6950,7,159
11587,12.543282965068991,-13.578753068479665,2.927827447692961,13727,9358,9,159
11588,16.068456164871037,-17.394935525419957,4.6030762044637665,13727,12062,11,159
11589,4.792507447764605,-5.188137379446205,-0.12328379907297073,13727,3532,14,159
11590,5.659842304148575,-6.129218145015791,0.1456228793126936,13728,4172,1,159
11591,6.697630712164584,-7.253071284251911,0.5173932634177427,13728,4943,3,159
11592,7.411202046156683,-8.025819734303548,0.9557498749708195,13728,5483,5,159
11593,9.348921228430225,-10.124235720775594,1.6920339638370676,13728,6942,7,159
11594,12.491328118269793,-13.527245255883964,2.9162512972799837,13728,9321,9,159
11595,4.775322365916344,-5.171344168373823,-0.12286494131847592,13728,3520,14,159
11596,5.607218491461716,-6.155774526011,0.14534364080969708,13767,4164,1,199
11597,6.688454454700534,-7.34278816017695,0.5205334207923193,13767,4973,3,199
11598,7.367134152834767,-8.08786331704077,0.9571443668547821,13767,5491,5,199
11599,9.266424090868288,-10.172961416189022,1.6895965769689647,13767,6932,7,199
11600,12.344423476747364,-13.55208249726047,2.9034236711466845,13767,9280,9,199
11601,4.756170920231216,-5.221468690170715,-0.12328379907297073,13767,3532,14,199
11602,5.5967196671883634,-6.1464031073450105,0.1450993071195751,13768,4157,1,199
11603,6.7328924557125385,-7.394165434768155,0.5240922658168394,13768,5007,3,199
11604,7.364381024882002,-8.087675836325563,0.9569700553692867,13768,5490,5,199
11605,9.24460086717433,-10.152562014010968,1.6859404966668101,13768,6917,7,199
11606,12.282209662527341,-13.488510435389694,2.889344569293064,13768,9235,9,199
11607,4.733718150068387,-5.198641646722409,-0.12272532206697766,13768,3516,14,199
11608,5.517338354427439,-6.142700573839431,0.14412197235908725,13807,4129,1,239
11609,6.722444766707511,-7.484399664001281,0.5272324231914162,13807,5037,3,239
11610,7.297177553954234,-8.12427548731231,0.9554012519998288,13807,5481,5,239
11611,9.180586873132986,-10.221159666331353,1.6869154514140514,13807,6921,7,239
11612,12.167672624050203,-13.54681638295136,2.884025797481696,13807,9218,9,239
11613,4.7089126570603765,-5.242643938534791,-0.12300456056997419,13807,3524,14,239
11614,5.504242336552395,-6.130272066459213,0.14380782904321615,13808,4120,1,239
11615,6.733147571320421,-7.4989478936471885,0.5281744704037892,13808,5046,3,239
11616,7.301083889537208,-8.13147893683392,0.9560984979418101,13808,5485,5,239
11617,9.162888105147434,-10.205037054066125,1.6839905871723277,13808,6909,7,239
11618,12.157389669207626,-13.540120825582019,2.8821485839012135,13808,9212,9,239
11619,13.871853679120434,-15.449580872266882,4.0359918702046755,13808,10576,11,239
11620,46.93748070376333,-52.275955387617515,16.21987082241004,13808,36052,13,239
11621,4.65455832537586,-5.1839485144524025,-0.1216083680549915,13808,3484,14,239
11622,5.451781130735092,-6.155620037515177,0.1435285905402196,13847,4112,1,23
11623,6.6779756449375,-7.540119403963111,0.5278604546663315,13847,5043,3,23
11624,7.233677153491163,-8.167563400503212,0.9545296945723523,13847,5476,5,23
11625,9.078735347103889,-10.250823332372976,1.6813094616174147,13847,6898,7,23
11626,12.041369487214569,-13.59594112770767,2.8765169431597655,13847,9194,9,23
11627,4.629771329894684,-5.22748666609995,-0.12188760655798804,13847,3492,14,23
11628,5.432148835819339,-6.1356103694652075,0.14303992315997566,13848,4098,1,23
11629,6.666067976349225,-7.529321643315981,0.5270230793664443,13848,5035,3,23
11630,7.242817278250165,-8.180759795008575,0.9559241864563147,13848,5484,5,23
11631,9.067734936704678,-10.242003705484901,1.6796032908097425,13848,6891,7,23
11632,12.018045315741142,-13.574378333255314,2.8715110402784783,13848,9178,9,23
11633,13.785781969348891,-15.571036317079406,4.042479376047479,13848,10593,11,23
11634,4.618254403122152,-5.216316868525325,-0.1216083680549915,13848,3484,14,23
11635,5.383682846414607,-6.1649123665273935,0.14286539909560284,13887,4093,1,63
11636,6.604153586505103,-7.5624863643307,0.5261857040665573,13887,5027,3,63
11637,7.169928320700901,-8.210361017243306,0.9536581371448757,13887,5471,5,63
11638,8.984752967413263,-10.288535981626065,1.6771659039416396,13887,6881,7,63
11639,11.916274355272465,-13.645452236228362,2.8693209577679144,13887,9171,9,63
11640,14.285126933877121,-16.358050465532653,4.221458213710677,13887,11062,11,63
11641,4.587902704200866,-5.2536560797575245,-0.12174798730648978,13887,3488,14,63
11642,5.3549901845581775,-6.134216698545721,0.14213239802523692,13888,4072,1,63
11643,6.598893161186119,-7.559125082618024,0.5258716883290996,13888,5024,3,63
11644,7.158013061388213,-8.199604805288494,0.9522636452609131,13888,5463,5,63
11645,8.97512430653744,-10.28113133642055,1.6757034718207777,13888,6875,7,63
11646,11.900901760477815,-13.6326506288262,2.8661922684671097,13888,9161,9,63
11647,14.217716139710474,-16.28659413996494,4.202377314173023,13888,11012,11,63
11648,4.586985698364177,-5.254456739815195,-0.12174798730648978,13888,3488,14,63
11649,5.294845079305347,-6.149309606754642,0.14164373064499297,13927,4058,1,103
11650,6.523829718008864,-7.5766237079492535,0.5239875939043537,13927,5006,3,103
11651,7.0786342859850775,-8.22096079593353,0.9491260385219975,13927,5445,5,103
11652,8.884211273988605,-10.317915806281418,1.671803652831813,13927,6859,7,103
11653,11.809121194612253,-13.714837983302438,2.8665051373971906,13927,9162,9,103
11654,13.934872395561833,-16.18363585855291,4.151240503412109,13927,10878,11,103
11655,4.517189173128416,-5.246158171164261,-0.12084046217175104,13927,3462,14,103
11656,5.293771741672073,-6.150233637890776,0.14164373064499297,13928,4058,1,103
11657,6.500357303642342,-7.5520287043095236,0.5222081713920935,13928,4989,3,103
11658,7.066801260807355,-8.21011576384637,0.9477315466380349,13928,5437,5,103
11659,8.878525320327814,-10.314952692444148,1.671072436771382,13928,6856,7,103
11660,11.801572673314919,-13.710910250261062,2.8652536616768685,13928,9158,9,103
11661,13.987120050142,-16.25005013956808,4.167650077014492,13928,10921,11,103
11662,12.374697561948977,-14.37675912716716,4.379347125966364,13928,9734,13,103
11663,4.518882531580103,-5.249977654424259,-0.12091027179750016,13928,3464,14,103
11664,12.249810259736064,-14.231666719617929,5.031442236793003,13928,9720,15,103
11665,5.247687931252333,-6.179110936263191,0.14150411139349472,13966,4054,1,142
11666,6.422977488269121,-7.56300507215272,0.5200100612298899,13966,4968,3,142
11667,7.001876947017037,-8.244654595410942,0.9463370547540724,13966,5429,5,142
11668,8.789359292102205,-10.349400885889633,1.6671726177824175,13966,6840,7,142
11669,11.702707354618836,-13.77984513297001,2.8633764480963864,13966,9152,9,142
11670,12.408656247367086,-14.611094357537105,3.7261180617131666,13966,9764,11,142
11671,12.250062186067714,-14.424351107664112,4.3689993774665465,13966,9711,13,142
11672,4.445130822871364,-5.234106303682238,-0.11986312741126316,13966,3434,14,142
11673,12.167658851919041,-14.32732183498381,5.036618617695054,13966,9730,15,142
11674,5.218137413091572,-6.146489344215329,0.14073620551025423,13967,4032,1,142
11675,6.372538439503872,-7.506268331635782,0.5160325285554261,13967,4930,3,142
11676,7.003016781789509,-8.248914242587611,0.946685677725063,13967,5431,5,142
11677,8.781129197289125,-10.34336828806094,1.665953924348366,13967,6835,7,142
11678,11.69390992918664,-13.774357990579459,2.861812103445984,13967,9147,9,142
11679,12.357823267670947,-14.55638727371758,3.71161657806455,13967,9726,11,142
11680,0.4627522842479485,-0.5450799315873448,-0.03747254466994778,13967,358,12,142
11681,12.246283272087856,-14.425003344926193,4.368549475357859,13967,9710,13,142
11682,4.428687060416508,-5.2165889225954505,-0.11944426965676835,13967,3422,14,142
11683,41.65160084115376,-49.06178210205157,17.24459533709075,13967,33314,15,142
11684,5.168476379258248,-6.17266621016386,0.14052677663300683,14006,4026,1,182
11685,6.307193344342479,-7.53262593862924,0.5148811375180814,14006,4919,3,182
11686,6.940310983754239,-8.288752807185528,0.9458141202975865,14006,5426,5,182
11687,8.692679647770252,-10.381591401462705,1.6625415827330219,14006,6821,7,182
11688,11.59480802134608,-13.847577977510522,2.8605606277256617,14006,9143,9,182
11689,12.2634970853189,-14.646187487821082,3.713143050027562,14006,9730,11,182
11690,43.9773329768329,-52.521744777361135,15.814958924591085,14006,35152,13,182
11691,4.3982116431541876,-5.252745761555238,-0.11958388890826663,14006,3426,14,182
11692,5.144295842014397,-6.145966539310862,0.13989849000126464,14007,4008,1,182
11693,6.2481911134458805,-7.464806592348074,0.5101709014562164,14007,4874,3,182
11694,6.956767663974968,-8.311353506412566,0.9482544810945209,14007,5440,5,182
11695,8.688319317992386,-10.380063948717186,1.6620541053594013,14007,6819,7,182
11696,11.572104619216159,-13.82536501852067,2.8555547248443744,14007,9127,9,182
11697,14.001162552468093,-16.72739655758708,4.240157495257579,14007,11111,11,182
11698,43.988178353310765,-52.553329082804666,15.822157358330088,14007,35168,13,182
11699,4.3895937574074955,-5.244312765579629,-0.11937446003101922,14007,3420,14,182
11700,41.196476227079174,-49.21804114788222,17.1980079089723,14007,33224,15,182
11701,5.064151536693866,-6.134576229636571,0.13885134561502763,14046,3978,1,222
11702,6.14383291194362,-7.442473051482575,0.5057746811318091,14046,4832,3,222
11703,6.927937897790826,-8.392316628015456,0.9520893337754177,14046,5462,5,222
11704,8.6073537910981,-10.426715627355566,1.660104195864919,14046,6811,7,222
11705,11.453837391050744,-13.874868887342702,2.8496102151728455,14046,9108,9,222
11706,13.87698057813067,-16.81019901890723,4.237104551331554,14046,11103,11,222
11707,43.67162334010299,-52.9026235709251,15.837454030025471,14046,35202,13,222
11708,4.363979755602457,-5.28640706767073,-0.11965369853401575,14046,3428,14,222
11709,40.71538567606957,-49.32151720561769,17.136926614328104,14046,33106,15,222
11710,5.078354019204186,-6.153968172332883,0.13927020336952242,14047,3990,1,222
11711,6.1272792247079355,-7.425059613657675,0.5045186181819785,14047,4820,3,222
11712,6.964516665589213,-8.439627039320571,0.9573186783402773,14047,5492,5,222
11713,8.60806080648434,-10.431279904529404,1.6605916732385395,14047,6813,7,222
11714,11.425012463021057,-13.844872334630196,2.8430399676411557,14047,9087,9,222
11715,14.031493056170392,-17.003415152123246,4.2851884181664435,14047,11229,11,222
11716,42.59569847296704,-51.617624862239424,15.450538216554023,14047,34342,13,222
11717,4.357965955327101,-5.280999253651075,-0.11951407928251749,14047,3424,14,222
11718,41.72979496058793,-50.568319785172875,17.5676015053787,14047,33938,15,222
11719,5.011103112635234,-6.15737308969239,0.13857210711203108,14086,3970,1,6
11720,6.06903266394597,-7.457299833088708,0.5038905867070632,14086,4814,3,6
11721,6.966017703308409,-8.559466645282377,0.9655113181585571,14086,5539,5,6
11722,8.544376619106274,-10.498868907731344,1.6620541053594013,14086,6819,7,6
11723,11.301830940816119,-13.887079977214498,2.835843982249305,14086,9064,9,6
11724,42.28272690402196,-51.95473310879936,15.464935084032032,14086,34374,13,6
11725,4.281526891198668,-5.260909199052037,-0.11839712527053134,14086,3392,14,6
11726,5.007504428216115,-6.155145206653295,0.13850229748628196,14087,3968,1,6
11727,6.055126683524324,-7.442865905772233,0.5028438675822043,14087,4804,3,6
11728,7.0097886916765555,-8.616321340048408,0.9717865316363886,14087,5575,5,6
11729,8.521247236365296,-10.474182266535951,1.6579105476836264,14087,6802,7,6
11730,11.286940768189673,-13.873728992757268,2.8327152929485004,14087,9054,9,6
11731,14.136700255147991,-17.376608260807156,4.354261274492752,14087,11410,11,6
11732,41.26521020485155,-50.72254342157732,15.096015354908094,14087,33554,13,6
11733,4.260417074006453,-5.236837252434859,-0.11783864826453827,14087,3376,14,6
11734,40.458941430473104,-49.731490602147744,17.178337661544507,14087,33186,15,6
11735,4.951726778342515,-6.171930106177962,0.1381183445446617,14126,3957,1,46
11736,6.004324820099861,-7.483909105512155,0.5028438675822043,14126,4804,3,46
11737,6.993368926936646,-8.716673224490288,0.9777131221432293,14126,5609,5,46
11738,8.428636710022598,-10.505619351243398,1.6537669900078513,14126,6785,7,46
11739,11.078517298312295,-13.808482880017536,2.803931351381098,14126,8962,9,46
11740,14.285925240013759,-17.806259519222134,4.437453996476926,14126,11628,11,46
11741,41.02143725812369,-51.12993001137496,15.13380713203786,14126,33638,13,46
11742,4.2471975450327255,-5.293790947780643,-0.11846693489628048,14126,3394,14,46
11743,4.933133932340709,-6.150954696431467,0.13762967716441776,14127,3943,1,46
11744,5.953035038524373,-7.422634238283967,0.49865699108276884,14127,4764,3,46
11745,7.059160678373692,-8.801824179726758,0.9871259423599764,14127,5663,5,46
11746,8.404447448202388,-10.479215892260022,1.649379693645266,14127,6767,7,46
11747,11.167563457657158,-13.924450022985619,2.827083652207052,14127,9036,9,46
11748,14.497771923764677,-18.07677219498481,4.504237144858717,14127,11803,11,46
11749,41.08078974708677,-51.22222102493388,15.159001650124376,14127,33694,13,46
11750,4.1962290664648085,-5.232133414108836,-0.1170707423812978,14127,3354,14,46
11751,4.86634246265574,-6.153021759940722,0.13693158090692645,14166,3923,1,86
11752,5.894939532229867,-7.453583773376766,0.4980289596078535,14166,4758,3,86
11753,7.059646181596965,-8.926243252749371,0.9956672051492469,14166,5712,5,86
11754,8.335386352844688,-10.539293935876572,1.6498671710188866,14166,6769,7,86
11755,11.049242555038505,-13.970703951425643,2.8211391425355234,14166,9017,9,86
11756,14.465731773581005,-18.290525802356896,4.532858494165199,14166,11878,11,86
11757,40.82305518957447,-51.61682491857177,15.193194210384643,14166,33770,13,86
11758,4.170441845385826,-5.27312239534048,-0.11734998088429434,14166,3362,14,86
11759,39.874871914344496,-50.41793840993137,17.22388981348255,14166,33274,15,86
11760,4.871469437624441,-6.161714325921854,0.13710610497129927,14167,3928,1,86
11761,5.87629702930076,-7.43267797374734,0.49656355283305104,14167,4744,3,86
11762,7.111221517415318,-8.994681391253705,1.0031625990255455,14167,5755,5,86
11763,8.316310894596912,-10.518947646943703,1.6464548294035424,14167,6755,7,86
11764,11.055379798972657,-13.983479309079986,2.823329225046087,14167,9024,9,86
11765,14.53315949985876,-18.382374812733183,4.554992337628877,14167,11936,11,86
11766,40.91556719647337,-51.75235927799826,15.230985987514412,14167,33854,13,86
11767,4.159599922044903,-5.261300878091115,-0.1170707423812978,14167,3354,14,86
11768,13.514734897077494,-17.094212884350295,5.838957657512868,14167,11280,15,86
11769,4.799907819683212,-6.1568806914359895,0.13626838946230965,14206,3904,1,126
11770,5.828024628468553,-7.475654460922468,0.4967728966580229,14206,4746,3,126
11771,7.074332248994384,-9.074303354332145,1.0066488287354518,14206,5775,5,126
11772,8.254282634542172,-10.587835284224726,1.6484047388980247,14206,6763,7,126
11773,10.930793118292968,-14.021016990393173,2.815820370724156,14206,9000,9,126
11774,14.392006902330403,-18.460743984416702,4.550031303749088,14206,11923,11,126
11775,8.556028136858329,-10.974886687445343,3.21275095813908,14206,7141,13,126
11776,4.086806760406506,-5.24218017887634,-0.11602359799506079,14206,3324,14,126
11777,8.494944035454644,-10.89653361513345,3.7021476211464566,14206,7152,15,126
11778,4.780395028450394,-6.134059073448129,0.13574481726919116,14207,3889,1,126
11779,5.811987251307459,-7.457767176451098,0.49551683370819216,14207,4734,3,126
11780,7.1217371098896445,-9.138398788727661,1.0136212881552646,14207,5815,5,126
11781,8.2463334188522,-10.581446936820603,1.6471860454639733,14207,6758,7,126
11782,8.694106232289517,-11.156015538946969,2.240141539376106,14207,7160,9,126
11783,8.60334194008252,-11.039549529999187,2.720554656078776,14207,7129,11,126
11784,8.503801264885174,-10.91182193045197,3.1938550695741954,14207,7099,13,126
11785,4.098183858280693,-5.258666225475973,-0.11637264612380646,14207,3334,14,126
11786,8.445541866721644,-10.837065223570681,3.681442097538255,14207,7112,15,126
11787,4.728639076956267,-6.151360094518505,0.13543067395332004,14245,3880,1,165
11788,5.738053272420435,-7.464480021788481,0.49342339545847447,14245,4714,3,165
11789,7.122900473921624,-9.265990704604933,1.0225111739155257,14245,5866,5,165
11790,8.175973755584415,-10.635905569326178,1.6471860454639733,14245,6758,7,165
11791,8.542876447217004,-11.113199467031073,2.2201179278509566,14245,7096,9,165
11792,8.480879191487553,-11.032548895342847,2.7049083184578993,14245,7088,11,165
11793,8.412242160409935,-10.94326081750358,3.1866566358351918,14245,7083,13,165
11794,4.063217186229948,-5.28573055544451,-0.11637264612380646,14245,3334,14,165
11795,8.353467155247676,-10.866801985390099,3.672642250004769,14245,7095,15,165
11796,4.721473166628366,-6.1442572301886536,0.1352561498889472,14246,3875,1,165
11797,5.714845103880265,-7.43697509436431,0.4915393010337284,14246,4696,3,165
11798,7.161344915143702,-9.319367858266988,1.028263452936871,14246,5899,5,165
11799,8.158393206876696,-10.616869921527128,1.6440174425354395,14246,6745,7,165
11800,8.480755351381637,-11.036373721975075,2.2044744813469337,14246,7046,9,165
11801,8.464598631847027,-11.015348284084565,2.700328902568862,14246,7076,11,165
11802,8.410332072972158,-10.944728864052475,3.1866566358351918,14246,7083,13,165
11803,4.0427994753220435,-5.261069803810568,-0.11581416911781338,14246,3318,14,165
11804,8.343330667990129,-10.857537038013229,3.669018783373334,14246,7088,15,165
11805,4.6771262320982405,-6.173064948826051,0.1351863402631981,14285,3873,1,205
11806,5.65926661139592,-7.46933450611558,0.4911206133837849,14285,4692,3,205
11807,7.102557425967309,-9.374249510814154,1.0289606988788524,14285,5903,5,205
11808,8.088335635358293,-10.675320426956185,1.64450491990906,14285,6747,7,205
11809,8.386350253608326,-11.068652465234686,2.199468578465646,14285,7030,9,205
11810,8.385867171819696,-11.068014873878623,2.699184048596603,14285,7073,11,205
11811,8.352115329187951,-11.023467793819414,3.19295526535682,14285,7097,13,205
11812,4.006895129899809,-5.288466176143774,-0.11581416911781338,14285,3318,14,205
11813,8.270399698772307,-10.91561611976619,3.669536421463539,14285,7089,15,205
11814,4.649487158850074,-6.138811354341092,0.1344184343799576,14286,3851,1,205
11815,5.64831588487282,-7.457584998586832,0.4902832380838978,14286,4684,3,205
11816,7.093703596778612,-9.36595944809641,1.0279148299658805,14286,5897,5,205
11817,8.063700274287553,-10.646665559141514,1.6398738848596643,14286,6728,7,205
11818,8.370106330046411,-11.05121963357336,2.1957141513046805,14286,7018,9,205
11819,8.366155157033349,-11.046002820422391,2.6934597787353063,14286,7058,11,205
11820,8.341955180964707,-11.014051105579563,3.1898059505960057,14286,7090,13,205
11821,4.003557366592274,-5.285977265903678,-0.11574435949206426,14286,3316,14,205
11822,8.2638289033853,-10.910899410889112,3.6674658691027187,14286,7085,15,205
11823,4.590843670543019,-6.147885263254879,0.13392976699971368,14325,3837,1,245
11824,5.590253201330875,-7.486256936790948,0.48965520660898243,14325,4678,3,245
11825,7.014290449516512,-9.393274086736932,1.0256487806544414,14325,5884,5,245
11826,7.988669016910995,-10.698125235067884,1.6393864074860438,14325,6726,7,245
11827,8.289962076740858,-11.10160557449532,2.194462675584359,14325,7014,9,245
11828,8.304870131181135,-11.1215698805738,2.698039194624344,14325,7070,11,245
11829,8.279618012612632,-11.08775319267188,3.1947548737915707,14325,7101,13,245
11830,3.953126788499905,-5.293878788062059,-0.11532550173756946,14325,3304,14,245
11831,8.222890256730595,-11.011785514521026,3.682477373718665,14325,7114,15,245
11832,4.589770592227133,-6.148686422988116,0.13392976699971368,14326,3837,1,245
11833,5.5602730000368,-7.448820026284618,0.48714308070932116,14326,4654,3,245
11834,7.003116371523843,-9.381725227207948,1.0242542887704789,14326,5876,5,245
11835,7.974927200796716,-10.683611657388647,1.636949020617941,14326,6716,7,245
11836,8.28566107439431,-11.099886308018828,2.193836937724198,14326,7012,9,245
11837,8.309975257468661,-11.132458804694043,2.700328902568862,14326,7076,11,245
11838,8.332470919657384,-11.162595119766122,3.215900272899894,14326,7148,13,245
11839,3.9617722703821387,-5.3073884370436915,-0.115604740240566,14326,3312,14,245
11840,8.260258754843525,-11.0658560892539,3.7000770687856366,14326,7148,15,245
11841,4.537144539889326,-6.165290122067255,0.13361562368384258,14365,3828,1,29
11842,5.478663066334679,-7.444670758898024,0.48442161098468806,14365,4628,3,29
11843,6.909572212347079,-9.389058896839323,1.0198965016330959,14365,5851,5,29
11844,7.8902560120647625,-10.721659189846147,1.634511633749838,14365,6706,7,29
11845,8.201719317093394,-11.144890502183019,2.1916468552136346,14365,7005,9,29
11846,8.260771103791857,-11.22513290883805,2.709106116356183,14365,7099,11,29
11847,15.759501629346978,-21.414768445196106,6.138464370935388,14365,13644,13,29
11848,3.906590492025919,-5.308462968216738,-0.11504626323457291,14365,3296,14,29
11849,15.816435907784124,-21.492133479827363,7.150134940002238,14365,13813,15,29
11850,4.524218716142024,-6.149974067290857,0.13326657555509688,14366,3818,1,29
11851,5.4489589911705005,-7.407015131665875,0.4819094850850268,14366,4604,3,29
11852,6.860707747266027,-9.326068737217748,1.0129240422132832,14366,5811,5,29
11853,7.891913561613303,-10.727833199587344,1.635242849810269,14366,6709,7,29
11854,8.23606140733924,-11.195648851155436,2.201345792046129,14366,7036,9,29
11855,8.297203256726535,-11.278761718094527,2.7216995100510353,14366,7132,11,29
11856,15.831979023461324,-21.521121443750168,6.1681579101087785,14366,13710,13,29
11857,3.8961841641369763,-5.296258442444301,-0.11476702473157638,14366,3288,14,29
11858,15.89396313155805,-21.605379230850275,7.186887244406796,14366,13884,15,29
11859,4.469338913973501,-6.162819799462705,0.13288262261347666,14405,3807,1,69
11860,5.3960700990339285,-7.44069946041513,0.481700141260055,14405,4602,3,69
11861,6.76314775474913,-9.325777635557222,1.007869009133919,14405,5782,5,69
11862,7.819874662701206,-10.782909805729151,1.635486588497079,14405,6710,7,69
11863,8.206052923155918,-11.315415188619536,2.2138605492493473,14405,7076,9,69
11864,14.0488642395407,-19.37213094865294,4.6515416892894095,14405,12189,11,69
11865,15.638217120202565,-21.563706837125405,6.149711923652582,14405,13669,13,69
11866,3.864739612503485,-5.329131279178153,-0.11490664398307465,14405,3292,14,69
11867,15.462995517508878,-21.322091872773957,7.057477721855536,14405,13634,15,69
11868,4.453005174201792,-6.142552524444456,0.1324288600461073,14406,3794,1,69
11869,5.397115903218454,-7.444875229002265,0.4819094850850268,14406,4604,3,69
11870,6.72526833273289,-9.276951712098496,1.0024653530835643,14406,5751,5,69
11871,7.836634579927449,-10.809989577591429,1.6393864074860438,14406,6726,7,69
11872,8.223788078440137,-11.344035824250662,2.219179321060715,14406,7093,9,69
11873,14.047787567020865,-19.377761670382732,4.652304925270916,14406,12191,11,69
11874,15.618440257705926,-21.54434721716966,6.143413294130954,14406,13655,13,69
11875,3.8614620514295983,-5.326567687248883,-0.1148368343573255,14406,3290,14,69
11876,15.477415900911405,-21.349815774930402,7.065759931298817,14406,13650,15,69
11877,4.4064407126499665,-6.166212760087901,0.13228924079460902,14445,3790,1,109
11878,5.316123554747562,-7.439189821250236,0.47918801536039374,14445,4578,3,109
11879,6.5936211287627,-9.22687343157531,0.9921809754393406,14445,5692,5,109
11880,7.7467141154229875,-10.840469790083116,1.6359740658706996,14445,6712,7,109
11881,8.214143852153025,-11.49457395147462,2.2376385879354626,14445,7152,9,109
11882,13.947523849143046,-19.51765725187643,4.662990229012002,14445,12219,11,109
11883,15.521284873587934,-21.719921152171857,6.163208986913213,14445,13699,13,109
11884,3.8251160803742454,-5.352728227094774,-0.1148368343573255,14445,3290,14,109
11885,15.423837615808747,-21.583557006245965,7.10820625469563,14445,13732,15,109
11886,4.390253689657808,-6.145828499651338,0.13183547822723965,14446,3777,1,109
11887,5.296249904238409,-7.4141145144806275,0.4775132647606195,14446,4562,3,109
11888,6.573480738759583,-9.20208446298844,0.9893919916714156,14446,5676,5,109
11889,7.750591363208545,-10.84989812806725,1.6371927593047513,14446,6717,7,109
11890,10.130829077657715,-14.181945388996008,2.7604425700999142,14446,8823,9,109
11891,14.006882237303268,-19.607954831418457,4.683979218503422,14446,12274,11,109
11892,14.855969861473062,-20.79657564657019,5.900466155439579,14446,13115,13,109
11893,3.8218570642295133,-5.350141410339846,-0.11476702473157638,14446,3288,14,109
11894,15.503167135747722,-21.702574191142656,7.146511473370803,14446,13806,15,109
11895,4.352924030733728,-6.182109587859658,0.13197509747873792,14485,3781,1,149
11896,5.264059084018402,-7.476121775753677,0.47918801536039374,14485,4578,3,149
11897,6.492339435707787,-9.220550046301428,0.9866030079034904,14485,5660,5,149
11898,7.65827378312185,-10.876433277222048,1.6332929403157865,14485,6701,7,149
11899,10.014728239307864,-14.223116928047586,2.755123798288546,14485,8806,9,149
11900,13.903609305628807,-19.74618343607855,4.694282904253756,14485,12301,11,149
11901,14.876748375275884,-21.128254965540084,5.9657019611993,14485,13260,13,149
11902,3.7623262979206094,-5.3433309000596045,-0.11406892847408504,14485,3268,14,149
11903,15.178244002970098,-21.556445073501145,7.064207017028201,14485,13647,15,149
11904,4.343788142019143,-6.171422492677482,0.13173076378861595,14486,3774,1,149
11905,5.223668625749956,-7.421509750763733,0.47562917033587354,14486,4544,3,149
11906,6.468941377490484,-9.190726853059514,0.9832910896790794,14486,5641,5,149
11907,7.639236789881048,-10.85342015092997,1.629636860013632,14486,6686,7,149
11908,9.996327964895194,-14.202249564146275,2.7507436332674193,14486,8792,9,149
11909,13.90581274803131,-19.756637010448266,4.696190994207521,14486,12306,11,149
11910,14.572458745005124,-20.703772083768207,5.845128196070989,14486,12992,13,149
11911,3.782111243952015,-5.3734219159878664,-0.11469721510582724,14486,3286,14,149
11912,15.237861358589518,-21.64914062429106,7.093712388169889,14486,13704,15,149
11913,4.2891422786464295,-6.182773045228818,0.1313468108469957,14525,3763,1,189
11914,5.168477664735888,-7.450329766276903,0.47521048268592997,14525,4540,3,189
11915,6.37897697526859,-9.195257311742134,0.9791076140271918,14525,5617,5,189
11916,7.532370112371821,-10.857866648377202,1.6225684380961336,14525,6657,7,189
11917,9.89266973965823,-14.260224501345268,2.748866419686937,14525,8786,9,189
11918,13.796750599750936,-19.887933805451738,4.704968207994842,14525,12329,11,189
11919,14.398983649051816,-20.756049158654356,5.832081034919044,14525,12963,13,189
11920,3.729490708405825,-5.376038640443448,-0.11420854772558331,14525,3272,14,189
11921,21.72567347501494,-31.317428899363865,10.212999519745468,14525,19730,15,189
11922,4.2857840496269235,-6.180235062593801,0.13127700122124658,14526,3761,1,189
11923,5.1444143627638095,-7.418406912973524,0.4731170444362123,14526,4520,3,189
11924,6.388725700671462,-9.21274290150503,0.980850728882145,14526,5627,5,189
11925,7.53499978842147,-10.86570609946924,1.623543392843375,14526,6661,7,189
11926,9.896934760410145,-14.271690432889306,2.7507436332674193,14526,8792,9,189
11927,13.838029973442428,-19.954873378778277,4.7202329276249655,14526,12369,11,189
11928,14.339836011281605,-20.678493429103707,5.8095859294846575,14526,12913,13,189
11929,3.7239942233929244,-5.370116507459863,-0.11406892847408504,14526,3268,14,189
11930,21.703694139642675,-31.29740788533374,10.205234948392393,14526,19715,15,189
11931,4.234590991212299,-6.19605638477463,0.13099776271825003,14565,3753,1,229
11932,5.082530613548063,-7.436762210149467,0.4720703253113533,14565,4510,3,229
11933,6.286522058707889,-9.198443302013523,0.974749826889809,14565,5592,5,229
11934,7.489987416355759,-10.959354622276456,1.6298805987004423,14565,6687,7,229
11935,9.754977928064898,-14.273490261504188,2.7382288760642015,14565,8752,9,229
11936,13.725144892564897,-20.082641232651252,4.7282469054307805,14565,12390,11,229
11937,14.224040976828315,-20.812626318496452,5.8199336779844755,14565,12936,13,229
11938,3.6647885796582855,-5.362321113175593,-0.1133708322165937,14565,3248,14,229
11939,21.469447518698036,-31.414110040821097,10.195399824678498,14565,19696,15,229
11940,4.224485243333244,-6.183586103248394,0.1307185242152535,14566,3745,1,229
11941,5.06320603055557,-7.411262827308005,0.4703955747115791,14566,4494,3,229
11942,6.280420883301017,-9.192959866014066,0.9740525809478277,14566,5588,5,229
11943,7.5619810570580395,-11.068842304809792,1.6459673520299218,14566,6753,7,229
11944,9.71459986886705,-14.219735964883405,2.7275913324414653,14566,8718,9,229
11945,13.72606950927835,-20.09152068970779,4.729773377393792,14566,12394,11,229
11946,14.211613956082893,-20.802235894242628,5.816334461114974,14566,12928,13,229
11947,3.6480601540559974,-5.3398444480388,-0.11288216483634975,14566,3234,14,229
11948,22.10910386119064,-32.362178944070074,10.501841574079881,14566,20288,15,229
11949,4.177830294902564,-6.2055625995209205,0.13057890496375524,14605,3741,1,13
11950,4.994795736301062,-7.419046592499112,0.4687208241118049,14605,4478,3,13
11951,6.204349123175914,-9.215663192477473,0.9719608431218839,14605,5576,5,13
11952,7.559631692467106,-11.228739413892589,1.6620541053594013,14605,6819,7,13
11953,9.592211592146668,-14.247842851717516,2.7203953470496147,14605,8695,9,13
11954,13.60215094867351,-20.204027746918076,4.73435279328283,14605,12406,11,13
11955,14.064247937256289,-20.890405983295775,5.814084950571535,14605,12923,13,13
11956,3.6227964385629288,-5.3811400889724315,-0.11323121296509543,14605,3244,14,13
11957,14.710524483114877,-21.85035631129759,7.057995359945741,14605,13635,15,13
11958,4.170048283538425,-6.196337717770325,0.13036947608650784,14606,3735,1,13
11959,5.011342688862121,-7.446429779302287,0.4703955747115791,14606,4494,3,13
11960,6.189391795922695,-9.196910737587775,0.9698691052959401,14606,5564,5,13
11961,7.615304720188,-11.315696284930196,1.6747285170735366,14606,6871,7,13
11962,9.566563806082677,-14.215101627261603,2.713825099517925,14606,8674,9,13
11963,13.617258732366235,-20.234090389092906,4.740840299125632,14606,12423,11,13
11964,14.062777717846823,-20.896093777546167,5.81498475478891,14606,12925,13,13
11965,3.6106924093609822,-5.365182377314386,-0.11288216483634975,14606,3234,14,13
11966,14.723968252068675,-21.87856677720054,7.066277569389021,14606,13651,15,13
11967,4.138826478756665,-6.241244110445424,0.1307185242152535,14645,3745,1,53
11968,4.900934783887751,-7.390483875710922,0.4647432914373412,14645,4440,3,53
11969,6.106827298647766,-9.208938839746311,0.9667314985570244,14645,5546,5,53
11970,7.609416247027465,-11.474804411214388,1.6905715317162058,14645,6936,7,53
11971,9.46303348299547,-14.270011631518251,2.711947885937443,14645,8668,9,53
11972,13.512850902647957,-20.377032365177623,4.752670456838978,14645,12454,11,53
11973,13.91052484343402,-20.976714461913954,5.810935635810721,14645,12916,13,53
11974,3.5961926199931074,-5.422966177674075,-0.11358026109384109,14645,3254,14,53
11975,4.126688415901453,-6.225298909913457,0.13036947608650784,14646,3735,1,53
11976,4.886402543164517,-7.371362545363259,0.4634872284875105,14646,4428,3,53
11977,6.081001616115638,-9.173470084660412,0.9628966458761274,14646,5524,5,53
11978,7.705028710310884,-11.623389506782592,1.712264274842322,14646,7025,7,53
11979,9.445262687569558,-14.248612346451788,2.707567720916316,14646,8654,9,53
11980,13.54834470692239,-20.438299923526337,4.766408704506089,14646,12490,11,53
11981,13.893942912573893,-20.95965068134467,5.805536810506468,14646,12904,13,53
11982,3.566519466273064,-5.380258334993478,-0.11267273595910236,14646,3228,14,53
11983,22.143964399606716,-33.40518680955971,10.73891981939379,14646,20746,15,53
11984,4.066722893966979,-6.2264562961770284,0.12981099908051474,14685,3719,1,93
11985,4.831745791575972,-7.397763454725655,0.46306854083756704,14685,4424,3,93
11986,5.974839240330914,-9.14792484675895,0.9559241864563147,14685,5484,5,93
11987,7.640930113548421,-11.698834332855958,1.7156766164576662,14685,7039,7,93
11988,9.342656395401411,-14.304304289447376,2.706003376265914,14685,8649,9,93
11989,13.431457834320891,-20.564564485918144,4.774422682311904,14685,12511,11,93
11990,13.743494884474906,-21.042316500557316,5.802387495745654,14685,12897,13,93
11991,3.545123856477802,-5.427849236947009,-0.1131614033393463,14685,3242,14,93
11992,14.413519543517795,-22.06817426506851,7.062654102757586,14685,13644,15,93
11993,4.050331215121953,-6.203724105916731,0.12932233170027083,14686,3705,1,93
11994,4.821719565482313,-7.385227605257047,0.4622311655376799,14686,4416,3,93
11995,5.955815131795933,-9.122274683502289,0.9531352026883897,14686,5468,5,93
11996,7.689893669562053,-11.778290760935256,1.72713233473775,14686,7086,7,93
11997,9.31964135130456,-14.274507599212635,2.700058866594385,14686,8630,9,93
11998,13.430015006139346,-20.5701962163856,4.775185918293411,14686,12513,11,93
11999,13.732364646407662,-21.033292603353875,5.79923818098484,14686,12890,13,93
12000,3.5288715688026087,-5.40502602264486,-0.11267273595910236,14686,3228,14,93
12001,14.42550946408237,-22.094953733249984,7.070418674110662,14686,13659,15,93
12002,3.9971924589010897,-6.21433168881651,0.12897328357152515,14725,3695,1,133
12003,4.7691776713460055,-7.414517123548637,0.46202182171270806,14725,4414,3,133
12004,5.882805966362484,-9.14584621876718,0.9513920878334365,14725,5458,5,133
12005,7.68793741293723,-11.952237371124303,1.7449252588749016,14725,7159,7,133
12006,9.213713684221227,-14.324322260749845,2.697555915153741,14725,8622,9,133
12007,13.258888038258648,-20.61325016040709,4.764118996561571,14725,12484,11,133
12008,13.58993276446811,-21.127916830488974,5.799688083093527,14725,12891,13,133
12009,3.48334498448214,-5.415466316099908,-0.11239349745610583,14725,3220,14,133
12010,21.562140623854244,-33.522102109232186,10.679909077110416,14725,20632,15,133
12011,3.9939448113242415,-6.211665214618451,0.12890347394577603,14726,3693,1,133
12012,4.7506007537161645,-7.388470007579994,0.4603470711129339,14726,4398,3,133
12013,5.8704342322453495,-9.130114169768245,0.9496489729784835,14726,5448,5,133
12014,7.742751658128625,-12.0420745434087,1.757843409275847,14726,7212,7,133
12015,9.204803447779254,-14.315960806932779,2.695678701573258,14726,8616,9,133
12016,13.218127765230058,-20.55776639898998,4.750762366885213,14726,12449,11,133
12017,13.59046077073956,-21.136845001183,5.801487691528278,14726,12895,13,133
12018,3.486725716682739,-5.422802234478713,-0.11253311670760409,14726,3224,14,133
12019,14.146576239821819,-22.001755078261443,7.0088197413762625,14726,13540,15,133
